0 0.64893 0.0778293 0.139856 0.0661892 0.981082
0 0.92228 0.0782216 0.140019 0.0664425 0.979152
0 0.513124 0.152823 0.139144 0.089632 0.971578
0 0.648431 0.331273 0.137966 0.0893316 0.969479
0 0.648445 0.770414 0.137974 0.0895278 0.968651
0 0.16159 0.503864 0.295527 0.0825449 0.967214
0 0.921748 0.331284 0.13995 0.0893281 0.966366
0 0.9221 0.594154 0.139344 0.0896982 0.963326
0 0.921932 0.153025 0.140061 0.0900419 0.962682
0 0.161432 0.416893 0.296098 0.0851642 0.962557
0 0.922193 0.770355 0.139473 0.0893091 0.961087
0 0.648405 0.594115 0.137837 0.0900016 0.960756
0 0.512936 0.593821 0.138581 0.0888295 0.960505
0 0.648479 0.506264 0.138635 0.0893669 0.959474
0 0.376627 0.153136 0.139861 0.0902346 0.95831
0 0.512883 0.330936 0.138461 0.0886285 0.957949
0 0.922409 0.506219 0.140151 0.0891969 0.957804
0 0.648784 0.153104 0.138034 0.0897748 0.957757
0 0.16153 0.59277 0.295247 0.0861468 0.956353
0 0.512865 0.770309 0.138296 0.0890827 0.951498
0 0.165495 0.328232 0.287603 0.0905089 0.949445
0 0.785689 0.0783442 0.139889 0.0665874 0.949032
0 0.376663 0.594309 0.139805 0.0899113 0.947871
0 0.376655 0.770307 0.139954 0.0894198 0.946197
0 0.784343 0.506715 0.140949 0.09003 0.94378
0 0.648697 0.856519 0.137264 0.0898473 0.943747
0 0.376638 0.331235 0.140174 0.0893978 0.943573
0 0.922167 0.416743 0.138774 0.090417 0.943559
0 0.512893 0.506392 0.138315 0.0891795 0.942321
0 0.785289 0.153293 0.1401 0.0888471 0.941881
0 0.648301 0.680966 0.137782 0.0900892 0.940616
0 0.512859 0.242747 0.138318 0.0892611 0.940139
0 0.784846 0.593841 0.140237 0.0890114 0.939794
0 0.513189 0.416712 0.138598 0.0902343 0.937811
0 0.161751 0.152509 0.2961 0.0875886 0.937259
0 0.785052 0.331089 0.140099 0.0886051 0.936698
0 0.648485 0.242652 0.139238 0.0892404 0.93495
0 0.513146 0.85641 0.138821 0.0895442 0.929647
0 0.922023 0.680921 0.138925 0.0901686 0.929286
0 0.78471 0.770218 0.140351 0.0890412 0.928342
0 0.37663 0.416863 0.139491 0.0903087 0.926123
0 0.376542 0.506202 0.140368 0.0893546 0.925682
0 0.922202 0.856507 0.138909 0.0900451 0.921317
0 0.784926 0.856302 0.140883 0.0898068 0.920088
0 0.922434 0.242669 0.141374 0.0892386 0.91914
0 0.513352 0.68097 0.138252 0.0901369 0.916883
0 0.648635 0.416826 0.138473 0.0904956 0.915704
0 0.164949 0.240605 0.288495 0.0837219 0.912179
0 0.164887 0.767196 0.288152 0.0885588 0.906639
0 0.376545 0.680966 0.139709 0.089921 0.904128
0 0.376939 0.856655 0.139284 0.0901095 0.901362
0 0.376472 0.242482 0.140246 0.0893167 0.90116
0 0.785053 0.416893 0.140206 0.0905744 0.89929
0 0.785147 0.242852 0.139639 0.0890601 0.896835
0 0.512697 0.946156 0.138522 0.0891596 0.896514
0 0.1614 0.89894 0.29505 0.175987 0.893199
0 0.160116 0.0529813 0.302692 0.103471 0.89223
0 0.922121 0.946215 0.14107 0.0893103 0.87495
0 0.164922 0.68064 0.288338 0.0830084 0.874758
0 0.784759 0.94631 0.139886 0.089406 0.871049
0 0.648889 0.945978 0.140111 0.0892368 0.865512
0 0.512533 0.0570977 0.138575 0.102928 0.86219
0 0.376422 0.945885 0.140396 0.0891013 0.83792
0 0.785457 0.681008 0.140362 0.0903538 0.822119
0 0.376545 0.0573842 0.137331 0.103574 0.739635
0 0.839351 0.0255637 0.301208 0.0410595 0.317868
