0 0.957784 0.0776138 0.0787785 0.144659 0.986605
0 0.656683 0.684676 0.0760761 0.0678197 0.984711
0 0.882538 0.0777854 0.0762167 0.144915 0.982953
0 0.656731 0.961032 0.0759968 0.070462 0.978389
0 0.656357 0.253204 0.0755773 0.0683571 0.978055
0 0.65657 0.545655 0.0756832 0.0676155 0.976683
0 0.656264 0.614862 0.0753972 0.069624 0.97665
0 0.656551 0.752544 0.0751262 0.0676458 0.975042
0 0.580535 0.821643 0.0760558 0.0681571 0.973752
0 0.656302 0.184331 0.0752954 0.0674066 0.973074
0 0.580671 0.614855 0.076448 0.0703359 0.972718
0 0.807337 0.253459 0.0769444 0.0681816 0.972485
0 0.731819 0.253339 0.0748145 0.0684206 0.972072
0 0.580752 0.545971 0.0765493 0.0680824 0.969394
0 0.807155 0.0775815 0.076232 0.145354 0.968429
0 0.80719 0.615046 0.0768669 0.0697677 0.96802
0 0.731764 0.614833 0.0759066 0.0699834 0.965501
0 0.807145 0.961099 0.0765665 0.0707137 0.965412
0 0.353736 0.253322 0.0763148 0.0684429 0.964488
0 0.882738 0.961068 0.0756614 0.0707451 0.964199
0 0.277877 0.25334 0.0767888 0.0680595 0.963109
0 0.353839 0.614981 0.0764951 0.0700063 0.96231
0 0.504138 0.078168 0.0781058 0.145544 0.962147
0 0.202191 0.684883 0.0763943 0.0677585 0.961887
0 0.731762 0.545896 0.074964 0.0679926 0.961577
0 0.353806 0.545828 0.0764928 0.0679686 0.961454
0 0.084463 0.365268 0.16084 0.163197 0.960405
0 0.202178 0.961084 0.0755312 0.0709011 0.959156
0 0.353693 0.961056 0.0762199 0.0707934 0.958518
0 0.731399 0.684961 0.0760483 0.0677007 0.958104
0 0.580528 0.961195 0.0761051 0.070692 0.957804
0 0.807293 0.184297 0.0767578 0.0673818 0.956032
0 0.428801 0.545896 0.0763087 0.0679306 0.955454
0 0.201913 0.184493 0.075228 0.0664584 0.953824
0 0.656892 0.477375 0.0760915 0.0669171 0.953659
0 0.731608 0.961286 0.0750249 0.0708167 0.953118
0 0.504649 0.614905 0.076314 0.070071 0.951458
0 0.882336 0.614899 0.0753386 0.0698078 0.951377
0 0.882788 0.684523 0.0756861 0.0684105 0.950339
0 0.731784 0.184026 0.0749361 0.0669667 0.949461
0 0.277887 0.545637 0.076996 0.0678191 0.948411
0 0.504762 0.545811 0.0764556 0.0678305 0.946921
0 0.882677 0.54553 0.0753836 0.0677832 0.946661
0 0.656199 0.821671 0.0747984 0.0677011 0.946621
0 0.656466 0.40867 0.0762804 0.0688551 0.94568
0 0.882926 0.752554 0.0752325 0.067755 0.945378
0 0.580604 0.184592 0.0761891 0.0672361 0.9435
0 0.580657 0.752996 0.0761208 0.0679599 0.942551
0 0.807207 0.684801 0.076392 0.0686018 0.942514
0 0.504603 0.253491 0.0763998 0.0681676 0.941943
0 0.202336 0.253421 0.0750162 0.0681106 0.941868
0 0.353699 0.684511 0.0759416 0.0680271 0.941276
0 0.202277 0.614797 0.0751755 0.0697452 0.93737
0 0.579172 0.0782798 0.0764985 0.144422 0.936441
0 0.731292 0.477505 0.0757105 0.0674824 0.935265
0 0.504614 0.82167 0.0759963 0.067752 0.932883
0 0.504562 0.753005 0.075984 0.0681877 0.932853
0 0.807104 0.821792 0.0760901 0.0677348 0.93173
0 0.277693 0.184262 0.0767179 0.0671013 0.931402
0 0.958247 0.545901 0.0752609 0.0682555 0.928063
0 0.277856 0.685037 0.0762338 0.0683338 0.927728
0 0.277715 0.960895 0.0765284 0.0701895 0.92606
0 0.35354 0.752874 0.0755738 0.0680278 0.925469
0 0.277703 0.752765 0.0766073 0.0678663 0.924859
0 0.882707 0.184139 0.0757427 0.0673088 0.924655
0 0.731812 0.821843 0.0750706 0.067468 0.924554
0 0.807345 0.752779 0.076441 0.0681063 0.923827
0 0.731634 0.752895 0.0751394 0.0678199 0.923528
0 0.353718 0.821687 0.0756253 0.0678935 0.923148
0 0.201957 0.752755 0.0744401 0.0681408 0.921669
0 0.731057 0.0775432 0.0749011 0.145008 0.921533
0 0.0842982 0.0741333 0.157274 0.148267 0.921423
0 0.202183 0.545745 0.0744272 0.0679968 0.915376
0 0.202187 0.4774 0.0753307 0.0673708 0.91517
0 0.958275 0.821585 0.0750688 0.0678741 0.91501
0 0.731758 0.408313 0.0746765 0.0689984 0.91488
0 0.580507 0.253583 0.0760405 0.0683458 0.914369
0 0.27769 0.614956 0.0763696 0.0701555 0.914347
0 0.882729 0.253516 0.0746064 0.0681249 0.913334
0 0.353944 0.184252 0.0764507 0.0672714 0.912917
0 0.807284 0.477347 0.0766478 0.0673231 0.912481
0 0.277919 0.821604 0.0764077 0.0677721 0.91174
0 0.201864 0.821724 0.0748751 0.0672143 0.910054
0 0.580216 0.408305 0.0756433 0.069268 0.909013
0 0.580457 0.891307 0.0758879 0.0687528 0.908833
0 0.504566 0.40831 0.0760496 0.0693578 0.907859
0 0.807162 0.546064 0.076432 0.0686384 0.906744
0 0.277753 0.891291 0.0764212 0.0683742 0.905075
0 0.428316 0.101366 0.0784078 0.0981624 0.904968
0 0.504114 0.68481 0.0772681 0.0677357 0.90267
0 0.65636 0.330587 0.0760228 0.0845437 0.901072
0 0.429208 0.253638 0.0761764 0.0678585 0.899126
0 0.277842 0.47727 0.0762223 0.0670119 0.89899
0 0.352915 0.101175 0.0763969 0.0969513 0.897653
0 0.580848 0.477402 0.0764423 0.0670925 0.892776
0 0.656803 0.891164 0.0761308 0.0681182 0.892422
0 0.428563 0.615149 0.0778879 0.0690378 0.881599
0 0.958295 0.184344 0.0755252 0.0674548 0.879466
0 0.958174 0.96145 0.0755701 0.0708351 0.877887
0 0.504575 0.961239 0.0763304 0.0705931 0.877737
0 0.428606 0.755077 0.0767778 0.0709057 0.877294
0 0.504684 0.891295 0.0764575 0.0685911 0.873825
0 0.504673 0.184187 0.0769012 0.067512 0.871542
0 0.88298 0.477405 0.0754104 0.0676041 0.869256
0 0.353522 0.408257 0.0757467 0.0690843 0.866566
0 0.353893 0.477097 0.0759952 0.0669705 0.866502
0 0.958241 0.752922 0.0752955 0.0683087 0.864944
0 0.353347 0.891416 0.075472 0.0687513 0.862372
0 0.580589 0.684837 0.075984 0.069075 0.860407
0 0.655206 0.0780962 0.0743041 0.145473 0.860105
0 0.958456 0.685088 0.0751682 0.0680763 0.857203
0 0.277706 0.408239 0.0761942 0.0688565 0.856073
0 0.202067 0.408273 0.0748562 0.0688232 0.854826
0 0.883026 0.40873 0.0761802 0.0683988 0.853915
0 0.201558 0.330884 0.0759976 0.0849124 0.845147
0 0.731613 0.891327 0.074414 0.0684797 0.841215
0 0.958341 0.2536 0.0751653 0.0682222 0.841176
0 0.428494 0.185308 0.0772337 0.0687092 0.840218
0 0.202114 0.891247 0.0748762 0.0681186 0.837413
0 0.806984 0.891395 0.0759763 0.0687 0.830635
0 0.958341 0.615023 0.0752196 0.0700907 0.828609
0 0.428878 0.477752 0.0765522 0.068063 0.827482
0 0.806991 0.33103 0.0764823 0.0852224 0.826976
0 0.504506 0.47764 0.0767885 0.0671792 0.825958
0 0.428078 0.96265 0.0775083 0.0740986 0.8245
0 0.882481 0.33081 0.0762006 0.0848153 0.822187
0 0.958134 0.408339 0.0751816 0.0689377 0.813182
0 0.882745 0.821789 0.0742531 0.0676304 0.812759
0 0.958229 0.477801 0.0755115 0.0672059 0.811215
0 0.429122 0.891606 0.0754683 0.0688555 0.81001
0 0.277786 0.331062 0.0763858 0.0851781 0.808599
0 0.731017 0.330744 0.0760267 0.0847792 0.783457
0 0.883212 0.891219 0.0765347 0.0687077 0.782579
0 0.27702 0.101258 0.076313 0.0969725 0.777144
0 0.580675 0.330825 0.0768368 0.0848753 0.771794
0 0.428482 0.822056 0.07689 0.0672615 0.765108
0 0.958084 0.891376 0.0752606 0.0684606 0.765052
0 0.958215 0.330949 0.0754252 0.084915 0.749598
0 0.353689 0.330808 0.0765557 0.0849333 0.744726
0 0.504735 0.330913 0.0757877 0.0852013 0.722501
0 0.428761 0.330208 0.0782471 0.0882687 0.699682
0 0.806997 0.408845 0.0763645 0.0696797 0.600876
0 0.428305 0.684975 0.0774313 0.0703461 0.59922
0 0.429667 0.408524 0.0763081 0.069612 0.561541
0 0.0841198 0.821169 0.158951 0.0672102 0.548275
0 0.201444 0.101255 0.0762938 0.0976941 0.544903
0 0.0837168 0.752522 0.158821 0.0676128 0.506405
0 0.0839719 0.683989 0.158031 0.0647207 0.45482
0 0.0833182 0.961838 0.162531 0.0729521 0.369318
0 0.0844063 0.615588 0.158015 0.0668419 0.338306
0 0.0844445 0.254113 0.158412 0.0650485 0.336558
0 0.0840073 0.891643 0.159439 0.0683299 0.32322
0 0.0852364 0.547646 0.157423 0.067656 0.253144
