0 0.8967695413176547 0.1024963830325649 0.17889731495650774 0.07997627908995411
0 0.7156857205420425 0.10258038160897522 0.18015891792847938 0.07984790924007196
0 0.36511543509886435 0.1729247981805537 0.17737511703648517 0.06003347693730011
0 0.364213153013249 0.10231527641638 0.17599031114086663 0.0801873034251524
0 0.5392190992217702 0.6621433412596615 0.1778837852871295 0.05811119486273987
0 0.5387285212880557 0.9006115358267257 0.1770356483066205 0.05765193459321696
0 0.8961993974508699 0.17308610537921443 0.17916826071198455 0.06005634885352812
0 0.7172652097092461 0.9001585222256463 0.17930857864851807 0.05936417244136461
0 0.8963481785095843 0.35235883635498566 0.17751383044056054 0.06014900776877332
0 0.7167881916478737 0.6021382346082089 0.17936495751449744 0.06024703491471215
0 0.8964934988120167 0.6025889382433536 0.1787293109697165 0.06016303023803971
0 0.5393268231264094 0.8409668163958388 0.17732918336219394 0.05880698263009729
0 0.5392186273004591 0.9601736170396622 0.17525732296029317 0.05793648335471082
0 0.8965470776115496 0.9004106663945897 0.17879330349951675 0.05931471964952026
0 0.364089902897471 0.9004030532674241 0.1754972162934923 0.05883177409548242
0 0.7170461752980026 0.3521223251245169 0.1792907085615335 0.06030071722164845
0 0.5393209870328609 0.1026888971389738 0.18005320755476803 0.08034748817557719
0 0.5389290721146103 0.23334281937654083 0.1775182350394652 0.059250073138076356
0 0.717263731022471 0.7813675154500932 0.18073359223985178 0.06004753194129798
0 0.7166279271705863 0.4824926543083272 0.18058855509020616 0.059695929098230946
0 0.5384533439714884 0.48213903431190863 0.17715737254349226 0.059646411236923644
0 0.14677320411524822 0.9600029398383362 0.2652665649492716 0.05746655169326359
0 0.36382553257893036 0.840676053500633 0.17416249697970362 0.05854781095915511
0 0.717261874798647 0.9597574652893457 0.18084427351804122 0.05801736469716151
0 0.5390462659068944 0.35245411431611473 0.17740755376127576 0.05796628516874334
0 0.5389464860109939 0.7806363298948894 0.17752543970481638 0.059252383104011194
0 0.5383142687610745 0.17374713791967203 0.17705937021786405 0.058085964178479804
0 0.5389302519178882 0.29334184203320723 0.17667107336299936 0.0592572307790012
0 0.7168700542646584 0.2333853504042636 0.17967604804284792 0.05904674733371369
0 0.7164794921875 0.6617274497871968 0.18002740918975516 0.05801690921092084
0 0.7165145716716335 0.8408718475146589 0.17999802422277708 0.05850850900353145
0 0.8961333913901417 0.4824815924996252 0.17831376852448455 0.060006115228128334
0 0.8965801121033344 0.7813594793714187 0.17873554033102448 0.06037177307519323
0 0.36487768114227603 0.9599046849492772 0.17676470255114368 0.05806467019672841
0 0.3648981310657619 0.23336411335829227 0.17705012056016434 0.05890923929112807
0 0.5392890536908022 0.5421847605756097 0.17628570242026417 0.05958560382379398
0 0.7159912738603416 0.542151672753698 0.1803430301626933 0.05959074431136727
0 0.7162464889054446 0.29236680053190384 0.17983713051707476 0.05917519445358309
0 0.7166305070070876 0.17302134499621033 0.17852871295103093 0.06012106043443497
0 0.539118863135269 0.6022875690256863 0.17778147274685888 0.06011312195995469
0 0.3646036049754349 0.60250512877507 0.17640531874194587 0.06021651733658715
0 0.5393951573322728 0.7214156356193364 0.17951587794982282 0.05975823310900854
0 0.14439498567089593 0.1027445803318959 0.2679785757949672 0.07924309671560584
0 0.8969926342521746 0.6618686179870736 0.17828903984777708 0.05771101766557836
0 0.8964592058634021 0.2923854917351371 0.17818892960695876 0.05906480410968317
0 0.8960680145578286 0.23341916212395056 0.17840173465689432 0.05898267018007062
0 0.8967686918592945 0.721061137185168 0.17925075255718428 0.058757594907715885
0 0.31945512200586157 0.03060811820394321 0.6174093442892801 0.06105671053343235
0 0.3643779007429929 0.6619501174894223 0.17427676485985824 0.05784018054954024
0 0.36463261240536404 0.2924403696934552 0.17661541810969716 0.059205045069712824
0 0.8967809618133861 0.840922861973614 0.17889272158907862 0.058712436700426446
0 0.3642904379933151 0.3527303829884479 0.1761009609576353 0.05992842228936234
0 0.8965027484697166 0.5421411315006996 0.17885654095521908 0.05963290932336088
0 0.8965197061754994 0.9600246730389627 0.17897049422116623 0.058043457551805705
0 0.7160939324762404 0.7211631986378098 0.1792343926183956 0.05995767101295976
0 0.3640757295274243 0.48232952516470384 0.17579820770578286 0.06019247417002599
0 0.14288019742156885 0.6267249882357321 0.2558309741565397 0.6065352844679851
0 0.7169768972495167 0.41702992778851283 0.17942309822003863 0.06824979802438699
0 0.14497944055144318 0.29260671977549474 0.26634667976615356 0.05928846412121868
0 0.36440766324701995 0.7209175939498934 0.17508727398115334 0.05880730797741205
0 0.8966368055835212 0.4171931545363306 0.1786966540149807 0.06828610678471482
0 0.36427871861408667 0.5421308342581873 0.17518577968951354 0.05946206944837753
0 0.36443824374798645 0.7808393140845716 0.1757485301224227 0.05957935715535048
0 0.5385340897078366 0.41738263681245 0.1759171318762081 0.06908301249750133
0 0.8064451551928963 0.031605235739811645 0.3523347520336662 0.06158301431232932
0 0.14570647760764838 0.17314412293911996 0.26754304158318903 0.05999715190960655
0 0.14506498808713303 0.23356472251257665 0.26556605112921333 0.05816640630205558
0 0.3637899497120651 0.41712647460416946 0.17545744905766752 0.06780826918351879
