0 0.3680483947447197 0.5550954555108296 0.0527132887337076 0.09377998000561061
0 0.5193578569932998 0.5557084949359016 0.052035895623953096 0.09075220619759909
0 0.9727982053005914 0.5557648780223153 0.04491891014316374 0.09099415518080961
0 0.8819917969567891 0.5554679105598429 0.04584537678627512 0.09011969010681317
0 0.27084949947082415 0.5552633848939809 0.05232908418230475 0.09226311577690974
0 0.5718171392852937 0.46639111113095993 0.05260172321568781 0.08939462884008723
0 0.4690733227498168 0.19461572331787771 0.04610229696660386 0.27114859893716126
0 0.571758762276552 0.5553160049727939 0.05262012577536118 0.0892993958015752
0 0.4204427952343095 0.5551180335564342 0.052517480386960844 0.09040311487709603
0 0.22156262038341124 0.9411844393102133 0.046089223481502566 0.09153751693766937
0 0.7222479943254685 0.5553690799206575 0.053766911952339826 0.09006857936621358
0 0.46945627490479747 0.555396082601573 0.04660453349102282 0.09025193294535484
0 0.9727934001877878 0.7630019769435976 0.044185670376622695 0.08795728399178523
0 0.5188472115214746 0.19451641713377582 0.05169785082639762 0.27037577642011773
0 0.3681651359826476 0.8518051933143843 0.05314741022822445 0.08962020253747459
0 0.8266167824392143 0.8522261125931572 0.06446769369307474 0.08863181344215786
0 0.8821099822844692 0.4659586960707253 0.04624900626177764 0.0903802887211001
0 0.722441502352256 0.46592807511327067 0.05410679700586265 0.09040605085005929
0 0.17278745386069347 0.4657618204752604 0.05321909075406329 0.09012241932111704
0 0.5713927558119373 0.9413072953056191 0.05195477100672634 0.09181796438325711
0 0.31862466578906906 0.5550244752630632 0.045420252098709694 0.09001750997734587
0 0.17249478287433262 0.9414093927316226 0.05244202989230004 0.09117957634654472
0 0.22173171945952092 0.5554941482337186 0.04570931286069016 0.09043830520092311
0 0.9727130934621022 0.8517962613402988 0.04519177920854271 0.08799706435785062
0 0.9733361734617095 0.9422922935589219 0.045713287302397404 0.09245445024030319
0 0.9726565567093278 0.4657460861412813 0.04496113379396985 0.09016612810171071
0 0.3184699437127041 0.9409680043455708 0.04482659063546901 0.09131190188855014
0 0.4205251466888479 0.8523387547107891 0.05221976786602282 0.08773729277820122
0 0.31826903632338127 0.19401634805570772 0.04503783668505287 0.27121580067042733
0 0.27032659840543866 0.4658331108610158 0.05246237494438337 0.08832924282001609
0 0.17254597138320182 0.6594456411635651 0.05375585763698047 0.11786802545149473
0 0.5193843617910516 0.9412199190961636 0.05178413838397718 0.09183458777947154
0 0.17248052089058574 0.8522782571270536 0.05281064338620185 0.08744129708142784
0 0.7223344607968225 0.8520944900305936 0.05383147426586055 0.08839189069380929
0 0.2216178408419866 0.6585687363373878 0.04605960047225058 0.11824234132844257
0 0.5715459571212181 0.852130920906377 0.052516969204747695 0.08852099080072832
0 0.7715561705418367 0.5553703825002116 0.04585657167674309 0.09013618944783197
0 0.2704357485875013 0.19453600751675243 0.050468227571778164 0.27123454851186696
0 0.6241029007750339 0.4658017042206555 0.053685838453334384 0.09028356702024051
0 0.9725930678784548 0.6589377385167894 0.04526702523031826 0.11883123134209858
0 0.6241141979019446 0.8521575927734375 0.0540329311760626 0.08810755618542514
0 0.623606645082509 0.9413468275612932 0.05357838795213044 0.09157183887512703
0 0.7224101157643688 0.9413056825880759 0.05355482245210427 0.091454482660061
0 0.8267928847116441 0.4663959286077236 0.06474608352635573 0.09003893017445799
0 0.22134183439577448 0.8519516197969598 0.04642738329505601 0.08799830490980691
0 0.3182388126750288 0.7617266481807884 0.04504941496218069 0.08797837337504234
0 0.17259105765440158 0.7630670645695714 0.05301247090350843 0.08843679867462736
0 0.2214277832951378 0.4658108016016683 0.04621280178153135 0.08983514883976965
0 0.2709879787323663 0.37633006811788083 0.05107525644989269 0.08929900296012237
0 0.5193604640225868 0.466178790663639 0.05253808103015075 0.09026801876905488
0 0.8266376642326214 0.5555222880872609 0.06456906112594221 0.0900630382341421
0 0.8821799631294494 0.9411004952945038 0.04559377290096314 0.09077780291963077
0 0.7222805821915567 0.7630766581713668 0.05355758283605527 0.08803436362000339
0 0.6727247381929178 0.46571217772114243 0.04488353633401382 0.09001263047298441
0 0.42064712754446065 0.4658495274985709 0.05270853473912531 0.09007693241605268
0 0.5193925662655726 0.7623161171186906 0.05196167196660386 0.08753367685044039
0 0.5193214352606129 0.8521028017287009 0.05194015119543027 0.08837262078675474
0 0.6728815688959119 0.658603244357639 0.045052533173680895 0.11840969178734756
0 0.4696449011414494 0.941153714973429 0.0462650062650492 0.09098795242102811
0 0.623907041310066 0.7623147525115388 0.053538975803496654 0.08733973722793868
0 0.46950028769334956 0.4657402762229526 0.04641284016109191 0.09044562445746526
0 0.9738925441825012 0.17131495457622187 0.046525862548419186 0.31929278272812467
0 0.46954606406053706 0.8521377025904048 0.04686907028632747 0.08792139068851626
0 0.673002207898215 0.5550935946828951 0.04447908896697027 0.08987761706840701
0 0.8822684487705453 0.8520667430185044 0.04637414366755653 0.08802758193597562
0 0.36785849055253483 0.9415888178962356 0.053235870310209904 0.09132852528476457
0 0.8271079518687184 0.9418240265471503 0.06512318264499581 0.09272042457973408
0 0.4205965205053588 0.9409397197609671 0.05211893717447916 0.0908107188982046
0 0.2209302752061905 0.19429458059915683 0.045366692982327 0.27029978227486134
0 0.4696245560893661 0.762475982914126 0.04601841196542609 0.0870629287347561
0 0.6728030513079724 0.8516865551956301 0.045211306369085005 0.0884324980945122
0 0.9278851737528789 0.5554223823030466 0.04447060334223199 0.09052468896881352
0 0.7715013462494765 0.8518881862402609 0.04615239282349246 0.08796588515201559
0 0.7713115442937344 0.1942061240757061 0.045320903835584174 0.27070193820529515
0 0.3187738543179766 0.851922301419059 0.04585910202869818 0.08815072739350441
0 0.7718078255453702 0.9411475122136476 0.045560801648215035 0.09118445585090615
0 0.8838374809871565 0.17065257478157098 0.04404599633284741 0.3173501352231884
0 0.6726095688402951 0.941109096454734 0.04475257145100502 0.0915208108379912
0 0.8266627632792871 0.7607133239911501 0.06479162986154732 0.09237679168783876
0 0.4202950891338202 0.19304767598304642 0.05246774235762144 0.2740722284084413
0 0.5715357845951764 0.6582855390016303 0.05262329510508271 0.11924689895092311
0 0.8823617906426664 0.7618510755420054 0.04578055888164782 0.08836401962652438
0 0.2704110457070509 0.9419933618891854 0.05080169728852596 0.09120207168868562
0 0.27027581245256227 0.7593610810070502 0.05039356940954774 0.09131347325436145
0 0.2708134866839078 0.8524180673325289 0.05236992764113537 0.091137893800813
0 0.36740406234460043 0.16913261949993189 0.053186873495079584 0.31977909534973015
0 0.3198096117182592 0.3772257776441289 0.04223471790102859 0.08774246174468579
0 0.7715671354003087 0.46568806966145837 0.04628877623796064 0.0905458197038025
0 0.5713931647577078 0.7623641264793996 0.051399013704590664 0.08783165743034385
0 0.17255751132166364 0.5556415051302612 0.05313597252620524 0.09033662129223831
0 0.17229951765868734 0.19459707110231808 0.05191483489632407 0.26990230425909606
0 0.5712584171263216 0.19467489247722675 0.05114475167177031 0.2710030925306201
0 0.2216503200818546 0.762947516712716 0.046221862486259424 0.08791899228806742
0 0.27066658569540414 0.6589794417383871 0.05216466242344535 0.11280458858665736
0 0.6242112202860003 0.5552688639984544 0.05334999173929544 0.08973780686293191
0 0.3184607168737568 0.4654372714076262 0.045472622716446816 0.09072404566819106
0 0.6729339650727597 0.7628277620972012 0.04482567050748534 0.08729772386835197
0 0.7226822436155387 0.1946713052144865 0.05214994037570666 0.2710395854340013
0 0.9278927903678549 0.9411066567025534 0.04425621352203727 0.0911948764873391
0 0.9278029756530047 0.4660612897175115 0.04483681427973199 0.0898026050267827
0 0.9725527867200586 0.37711942098974205 0.04491614975921273 0.08800661660791413
0 0.5191555310733355 0.6588673371932694 0.05247295641619556 0.11854809603393886
0 0.9279630268039416 0.7623488263386051 0.04438278223801298 0.0875474883288872
0 0.8819926659665517 0.6586829704966972 0.04622947910123534 0.1185082743161416
0 0.053367992941059254 0.8985326503350484 0.09258239353122423 0.18261710479653626
0 0.12245729660468685 0.19440000167060995 0.04401571507030596 0.27056030852361745
0 0.6719553067256857 0.1945579213501638 0.04431632855030361 0.27104454247286003
0 0.6239551179972126 0.6594272603187457 0.05401769794611076 0.11726085797234925
0 0.3678247269673563 0.6599839580091359 0.053313058824395416 0.11569259354092566
0 0.7715775635174572 0.6588342971594998 0.04609984329198074 0.11819271925019055
0 0.4693457317512039 0.6590000349008617 0.04667482104533082 0.11869522549595611
0 0.05441624954517562 0.46581834829273583 0.09498099945298391 0.08936626155201982
0 0.3187671961696503 0.6590472172269329 0.0454708335787008 0.117990013060531
0 0.4214335685998351 0.7615508206168488 0.05222119917621963 0.08856143279450372
0 0.36776516145996907 0.37664512696304947 0.052480215203622275 0.08794398940998688
0 0.7223492339627826 0.6588851804655742 0.05390641357830821 0.11901441951431233
0 0.17257546659690048 0.37696625417487084 0.05305671372405648 0.08784724703326134
0 0.42101510206059595 0.37630700418942675 0.051613326847453414 0.08875959029365685
0 0.05376683747149392 0.1945110491620816 0.0957192484058527 0.2712315763561383
0 0.42091024580912373 0.6601306119262363 0.05135244500497278 0.11753353129234417
0 0.57164982934693 0.3769892870895262 0.05192737164010155 0.08781069210228236
0 0.7716139852501439 0.7627589528153582 0.046157044581632126 0.08738456250529303
0 0.05420419239318949 0.6598937698819127 0.09240952209012593 0.11884946745585619
0 0.9278916657669859 0.6594544284065887 0.04496675679831449 0.11713192327235772
0 0.9278919724763139 0.8519492627482428 0.044553108151434255 0.08809796258362974
0 0.8267425843818702 0.6574075590304242 0.06502437112319409 0.11521841323149559
0 0.6235361786144263 0.19492627223978842 0.05195737803601339 0.2719187387605993
0 0.46947930366349977 0.37663927569298883 0.04618081455454355 0.0881488872414359
0 0.8265206546240316 0.3766152710126345 0.06342370625916038 0.09020931998565591
0 0.6250474632684909 0.37666666087742423 0.0519281895316426 0.08891511415724508
0 0.7224074320577497 0.3769109048817539 0.05304614503179963 0.0879601786130166
0 0.881999720281093 0.3763548274673421 0.045555536471419605 0.08803217197821392
0 0.12342643098815202 0.8989716816723831 0.044248488280841054 0.17929101959476626
0 0.5191856141465793 0.3767998031161342 0.05221383815235029 0.08815815002937627
0 0.9275063877329357 0.170502794931989 0.04304501838620184 0.3186613236909849
0 0.367791589580389 0.7615818344157563 0.05311765942341918 0.0870127277322578
0 0.054074429187742704 0.5569250628877138 0.09294409009080436 0.08877112742685042
0 0.6728010832564515 0.37671768891456003 0.04491885902494242 0.08820196218929963
0 0.05411393199134712 0.7627690012862043 0.09228338468414256 0.08921569989625677
0 0.053823374823309865 0.377131857523104 0.09290842235188189 0.08796404499994707
0 0.12316154914485349 0.6591773924788807 0.04565086556439423 0.11740232224709941
0 0.1232489517186355 0.46747185931942326 0.046221440760933576 0.09238795665544546
0 0.92787316097087 0.3766239135245966 0.044358041018896566 0.08771870517472263
0 0.3676319473752225 0.46494733608835104 0.053157940581815326 0.08766037855691057
0 0.8277857319394721 0.17157721202824788 0.06385024384649066 0.3182214981162897
0 0.772376771348605 0.37672343680529097 0.0436195360755601 0.08916322454850527
0 0.22201312526785952 0.3768061195931783 0.043264430571640755 0.0890818856919038
0 0.1231518175134707 0.3768442458899687 0.04523037985541313 0.08762134252201897
0 0.12334622649890895 0.5567498555997523 0.044675913288365655 0.08445094659076474
0 0.12442059093583968 0.7615310544890117 0.04391908246268779 0.08992355884252203
0 0.17303313442211057 0.03298611111111111 0.33318938442211055 0.046875
0 0.5947510992462312 0.03385416666666667 0.39864688023450584 0.045138888888888895
