0 0.14910072305826128 0.5770312126903298 0.2776530186336757 0.38137345014794705
0 0.15099492059317376 0.10572142026103133 0.27746918153350564 0.1836725721967981
0 0.14950706498423638 0.8398338371980274 0.2787622484762318 0.14406279435394503
0 0.15092082532063683 0.24424755556363587 0.2782715651762245 0.09210869538868574
0 0.1510963481166521 0.339134129733904 0.2781183561605404 0.09420904064854833
0 0.8124259926743741 0.659258838410073 0.1135532697957943 0.072393798828125
0 0.5798916555619035 0.12923739548270582 0.11551039638024588 0.1337822285104305
0 0.6951967618650937 0.12968904211166057 0.118118330106268 0.13454874458042443
0 0.8124047974688176 0.5870346177554301 0.11357349758532961 0.0711378165170656
0 0.34501430280613976 0.658973228508699 0.11670700205162554 0.0722425528451906
0 0.6955341042290503 0.33786811558067376 0.11601609111862843 0.09288633089539006
0 0.6951064843609285 0.24393001042359266 0.11770278095168407 0.09322470807014628
0 0.5794874735455692 0.5870459157524379 0.11602000475616894 0.07151701365802304
0 0.5795142094065201 0.24322208918578234 0.11607620283231268 0.09378012799202126
0 0.5792479941068533 0.6590416874445921 0.11715152971339156 0.07215515569592199
0 0.4631011699049892 0.6589492906069924 0.11654196967309077 0.07239838728667997
0 0.811372300733407 0.1297176550466118 0.11612378211117616 0.13544262825174536
0 0.34428170503731764 0.10517571496625319 0.11657156380865004 0.18462377507635888
0 0.8116828852496849 0.876422119140625 0.11466852457447767 0.07188114680296986
0 0.5800060085329611 0.33758178061627325 0.1152580327190652 0.09122771134613254
0 0.150737524719678 0.9491633421985816 0.27721184337517024 0.07172089705230496
0 0.46280729530180564 0.8033715214289672 0.11608411805430477 0.0721647654864805
0 0.4631258829869867 0.5870763683995457 0.11653247140670028 0.07148034927692819
0 0.811159029474176 0.24356465441115357 0.11533366706254503 0.0936169996329233
0 0.34424520706924305 0.3377963559847351 0.1163200356431241 0.09153912050504211
0 0.5797491375925905 0.5049475703679078 0.11593649916415255 0.09341279158355496
0 0.8103951226050295 0.33820775891026705 0.11567472518349244 0.0926239013671875
0 0.9296185496217579 0.24440608464234267 0.11882559916471541 0.09284304355053191
0 0.4623990017673812 0.12852832983571585 0.11681847476134727 0.13907946863918438
0 0.3451913069579375 0.5870015029366135 0.11655579932484915 0.07193698747783688
0 0.8122339166206998 0.7317761360330785 0.11361799872230728 0.07116262016566932
0 0.9286572898842759 0.10439812815781181 0.11611489947316284 0.18540436494434978
0 0.8118477417343974 0.8037146602116578 0.1141731196246848 0.07164609652039007
0 0.4620833603037194 0.24352950508712876 0.11742223030552053 0.09395849349650931
0 0.8116188598984599 0.9491263315187278 0.11459130718659942 0.07190763865802305
0 0.34454519398274264 0.5040687750160641 0.11723380404865362 0.0928695840525185
0 0.69610595703125 0.5867725345259863 0.11736427329115634 0.07065087717475621
0 0.6955337964148618 0.4219349962599734 0.11566597446584564 0.07055118641954787
0 0.34462766619855456 0.8035205597573138 0.11651584944051693 0.07183379044769504
0 0.695565193462097 0.948972488295102 0.11584485848286655 0.07132949288009752
0 0.5792925612040143 0.4219797120872119 0.11520680364339428 0.07213100135749113
0 0.9296144161169398 0.6591486937610815 0.11904106909672191 0.07289658133865248
0 0.34510994507187726 0.2442532370276485 0.11763765626407151 0.09411616765015514
0 0.9294691278199297 0.5051792225939162 0.11902594222802594 0.09414006226451685
0 0.3447391499016402 0.9491214833361036 0.11655883349327943 0.0715474879488032
0 0.9289354219903864 0.8765691662511083 0.11906771701076188 0.07222095246010639
0 0.9294354441530078 0.5871779421542552 0.11919726281069884 0.07179405266511525
0 0.46159569468209655 0.3382948314044492 0.11804902794038184 0.09100482480745789
0 0.461478263569153 0.9489746959496896 0.11604071625371487 0.07149580285904256
0 0.6958586503174531 0.8769891833582669 0.11690448684032781 0.07179664990580674
0 0.9290331749819885 0.8039264651900487 0.1190658701256304 0.07276940311945922
0 0.5794940036037126 0.9482967728418662 0.1120487180154674 0.07127321933178192
0 0.6965036529628962 0.6588529546210107 0.11764306499909942 0.07188616813497341
0 0.9295076925404133 0.7311461753033577 0.11978272539737932 0.07169496793273493
0 0.9298853365763464 0.9493663598459663 0.12088874575040526 0.0716892107158688
0 0.5792043944257137 0.7309288511884974 0.11675590053415436 0.07171855953568262
0 0.6964220162427391 0.8041068002687278 0.11662415606144182 0.07210277800864362
0 0.8116530272733924 0.422027587890625 0.1143852475740724 0.07164860718639185
0 0.9295790614587085 0.3377278754051695 0.11838322620226945 0.0948577880859375
0 0.6962758484766188 0.7305688086976396 0.11671896283152466 0.07210792920268173
0 0.6964409907887924 0.5048882450617797 0.1175502810079701 0.09403193047706117
0 0.5791746463830602 0.8036620660876551 0.11648964126103206 0.07216840162344858
0 0.34385443695683987 0.42191822241384086 0.11552741410752881 0.07193555899545656
0 0.9290091215018237 0.42216963531277707 0.1181090956806106 0.07240505353778812
0 0.5787508522055679 0.8763384014156693 0.11370405477474334 0.07240180698692376
0 0.4613608984163928 0.7312013017370346 0.11693768679923901 0.0724705472905585
0 0.3447316524274755 0.8764509052249556 0.11617384589027603 0.07217212433510638
0 0.4624478342897266 0.87635195035461 0.11594168803190291 0.07211533133865249
0 0.3448635508072823 0.7307497930864916 0.11676190291083169 0.07174336318428634
0 0.4615285472155305 0.42154688192597517 0.11696789656317544 0.07243453221963653
0 0.46325841898189846 0.5051297018713985 0.11672234878759906 0.0940904549673094
0 0.8101617115031746 0.5021974604180519 0.115642536614058 0.090637510042664
0 0.6373208229748881 0.036934490323356314 0.46709938092901304 0.04599860120099895
