0 0.1307937541478117 0.6741678600347888 0.24613459949762048 0.6115661738243762
0 0.31810326374752423 0.902159590181142 0.11919963997854315 0.15615299979006717
0 0.6856168290259133 0.9028611137404781 0.1240754033478213 0.15413304070822337
0 0.1342821141363869 0.1063875136128314 0.24730658866989783 0.2127750272256628
0 0.31754277189012986 0.105674707042965 0.11971164757097272 0.21134941408593
0 0.43967916999064705 0.9027202994260587 0.12278365014304578 0.15591524384072097
0 0.6852413983412191 0.28789978613093814 0.1238225372744278 0.15424087729426583
0 0.1344502244197147 0.2887804174148647 0.24742589668488837 0.15223535695140056
0 0.31855651425643705 0.5985954709336763 0.12317105145521567 0.15434730808016434
0 0.6852502312458736 0.5972268366310282 0.12559844540878082 0.14989051159878838
0 0.3182364557830381 0.2906858477162308 0.12328196780782351 0.15444758849043305
0 0.4393396296971281 0.14060433400569627 0.1229492617325044 0.14369846717409804
0 0.6850025875467649 0.44408195627399233 0.12466808910101232 0.15515558458793186
0 0.43954871808978874 0.288490859194589 0.12307558731294015 0.15350612706277741
0 0.4388033799722161 0.5978057041278041 0.12300814776353435 0.15160424054927424
0 0.5633264675946303 0.5983745260110515 0.12209300726232394 0.15459566610559622
0 0.5618775918450154 0.28889651307675296 0.1251985361878301 0.15273482602754618
0 0.6853108150858275 0.14016489332788507 0.12396773217429576 0.14394705217767814
0 0.4388862932232064 0.7488713767844289 0.12338467450209067 0.15671215679732486
0 0.5621655316420004 0.7483101403644583 0.12080744353818222 0.15654820535553624
0 0.5619864450374119 0.9031504156951026 0.12425898162411972 0.1551483798621941
0 0.6850109261526188 0.7493163711049965 0.12556900239326585 0.15783421961222407
0 0.8080358370928699 0.5981988888555663 0.12153543821522889 0.1547939425008997
0 0.8064605712890623 0.14086419103699316 0.12019876829335387 0.1431431980828635
0 0.8077529262488997 0.2883155442016367 0.12460782762984154 0.15340660812758666
0 0.31850740674515843 0.443069121201528 0.1206418319487236 0.15234260778738304
0 0.8076826498542033 0.9032551770933301 0.125316952987456 0.15335112295315498
0 0.932893350090779 0.597591758918396 0.12677767041703344 0.1515772374715091
0 0.43920135498046875 0.444365488590526 0.12219294158505722 0.15446106074181262
0 0.5622282001334178 0.4440532545210532 0.12242625061894806 0.15412946763285748
0 0.9315498459507041 0.9034043676336071 0.126129580215669 0.15818742689839252
0 0.9321077588578345 0.28765317803381046 0.12526666345730633 0.15540606595733114
0 0.5608792157240318 0.1414797960453436 0.12425365179357396 0.1430099765535966
0 0.31811485827808644 0.7481935468150192 0.12021112576336927 0.1549413172159909
0 0.8082976005446743 0.7484878569326565 0.12105369030589788 0.1545565380015895
0 0.9325250759930678 0.44424548304698747 0.125915957168794 0.15317261562237583
0 0.8082822987731074 0.44391715549461674 0.12400074273767606 0.1542390614690799
0 0.9326055822238115 0.7479462138521922 0.12648238061179579 0.15716136851832413
0 0.9319278340944102 0.13977880349772448 0.12696705133142605 0.14509499050147703
0 0.6869563480977376 0.033557829609759254 0.6131681985300678 0.06711565921951851
