0 0.8051332562883323 0.9042907940065729 0.1204468343859521 0.06434096445456643
0 0.6879495781158732 0.02902769989633032 0.11448638060382593 0.05607366456316845
0 0.5751448016300379 0.02938321107428012 0.10889019832432827 0.05631382219026009
0 0.8043281626478535 0.02919597291418547 0.12304601936696846 0.05616720241814081
0 0.4647168453608718 0.029384927820015654 0.12231442460389895 0.05565974492428487
0 0.8045739574967143 0.1504682308633389 0.12121199848495913 0.062804804164985
0 0.3386744276385441 0.029152828213033645 0.139205647406177 0.05566734035956464
0 0.5760749602986273 0.6527931128920664 0.11004992333528038 0.06103803909132841
0 0.3388520713164428 0.9046848423806503 0.1374451824437792 0.06429628041397602
0 0.8049797272013727 0.7770482137194419 0.12138523565274532 0.06242351461600554
0 0.8051191098222108 0.5268122261300738 0.12085708190347547 0.06259783642758303
0 0.33893556683977066 0.7772957551963215 0.137495008807316 0.06244121706353782
0 0.4655049261645736 0.15066207378992735 0.12071578836886682 0.06227662484144373
0 0.5773691052588347 0.40131368601894024 0.10953146676036798 0.06354671914639068
0 0.465025714624708 0.6521201045750692 0.11880738445531543 0.061322989938883764
0 0.46491274254344334 0.5271070867446955 0.11943661698671144 0.06149226677813653
0 0.46512100362332065 0.777715501398178 0.12043998932169978 0.06169397558233394
0 0.5763850987514604 0.840426354214714 0.10875301182827103 0.06301476735470479
0 0.9252984448014019 0.029565696962645136 0.12090071918808411 0.05697055865917699
0 0.8047397506571262 0.651861572265625 0.12107264438522196 0.062076177280327494
0 0.9219255964332652 0.6523145837537477 0.1153499425014603 0.06134195362949723
0 0.4644981312974592 0.27594886019660975 0.12026652398510514 0.06181050543415591
0 0.5767276942172898 0.1507114480782259 0.1088358371057243 0.06250302923561463
0 0.4637035762038187 0.8401836550103782 0.117381700177059 0.061731722785977855
0 0.576877087744597 0.7153308826179082 0.10933678172459112 0.061449970090521215
0 0.8044759875146028 0.2131244110445255 0.12027907326956776 0.06303862962335678
0 0.465102322302132 0.21349849912073338 0.12151780173043222 0.0630363886646679
0 0.5764769937390478 0.5271078074550277 0.10812452084550234 0.06167586773523985
0 0.805072050005476 0.4645932581151983 0.12062606098495911 0.06265954724976937
0 0.6893914338584258 0.9045121872117159 0.11469869168005258 0.06502572935885609
0 0.9215038549120181 0.9046146632120617 0.11418280200423482 0.06396060957679889
0 0.9218728038752191 0.5271490906437385 0.11508315612222547 0.06151753668415591
0 0.5762603474554614 0.27579874974775137 0.10956768855870327 0.06254950379093635
0 0.804869578709112 0.8400369904577952 0.11968777380257009 0.06439132408902214
0 0.5765376010787822 0.21332561309927064 0.10887593777380257 0.06299022942011646
0 0.8048562023127189 0.3381232793040821 0.12055795259564835 0.06275941067516144
0 0.4653353539582725 0.589611253351303 0.12017328850576811 0.062479594888722324
0 0.8050890485817027 0.5894252650412246 0.12085673965026285 0.06250265761934963
0 0.688600771895079 0.5268400635666513 0.11600792430271613 0.062058294655212176
0 0.4649849151896539 0.4017424073166513 0.11944788282162676 0.06398592452721402
0 0.4651077127902308 0.33858647082564575 0.12089164947794977 0.06252517981722786
0 0.3389059476763288 0.27585654170750695 0.13875914956921728 0.062203607875922516
0 0.8046433778566735 0.2756259932289264 0.119976806640625 0.06269578546615544
0 0.5757983341395299 0.338338760432282 0.10890685464734229 0.06283024298748847
0 0.6888871237496349 0.21309859497520756 0.11554531204366239 0.06277923020929428
0 0.5764786764840101 0.9047477694015221 0.10853710709331192 0.06440808060424354
0 0.9220255628924504 0.7148074667392181 0.11498504353460864 0.06189347721113929
0 0.8051615492205754 0.7144588005938652 0.1205750652562792 0.06269414134571033
0 0.5779358765789282 0.46462368560453177 0.10868826892888435 0.06337832067285516
0 0.6891594432224737 0.15047578706072703 0.11572111611054323 0.06285424038932771
0 0.5768853018216997 0.5901756145857358 0.1075579776942173 0.06264382675565038
0 0.6894889189818195 0.27554976685020754 0.11481174932462032 0.06264049347036439
0 0.8045485737167786 0.08825191202198887 0.12095987195166473 0.06280736606499365
0 0.9214795834550233 0.8406687831526753 0.11517801730432244 0.06353494003690037
0 0.3390684609101197 0.8408170693035055 0.13692341742114486 0.0635261113353321
0 0.5770915949456046 0.7777789013852052 0.10802452586521612 0.06167330020468174
0 0.6894273134035486 0.6518343879727859 0.1146342339916764 0.06174163255304428
0 0.6900094290760076 0.46476953935799126 0.11170363381644276 0.06252995452317804
0 0.4647289097866165 0.088623556439727 0.12027180038879964 0.062091892143897015
0 0.9264492712288259 0.967163446292666 0.12160678756571261 0.0606940800853321
0 0.9223367851471233 0.4018580925860528 0.11657446745400117 0.06530561271188884
0 0.8056093305070823 0.966405889644834 0.12127771110178154 0.05980111998385609
0 0.4656420984000803 0.9670498443265683 0.12066721693377629 0.05921860585793357
0 0.5765792133652161 0.9667062456757379 0.10780325916325935 0.059882380073800735
0 0.92172797372408 0.7775685215348247 0.11486650983863904 0.061814063941420666
0 0.13751155037746252 0.27569931424411903 0.26293774319586355 0.06290044467827491
0 0.8052193614924066 0.401633895367274 0.12053907162675234 0.06546356088560885
0 0.13815162382393234 0.5270858237219536 0.2586763426522227 0.31294138589812803
0 0.3386506410402672 0.08826782395478984 0.13759386294356016 0.0627195970598622
0 0.9219994946060893 0.21309046446177354 0.1171185359776577 0.06249027041051661
0 0.4645680365161361 0.7145464569880075 0.12044569354191005 0.06272792464252767
0 0.9219828953252776 0.46473091378863 0.11581124278986564 0.06242828932195572
0 0.3387241826993283 0.15053782445478261 0.13938113774094626 0.06231307701870964
0 0.3380627783659462 0.7148259349414782 0.1372378340391355 0.06250238735297509
0 0.6889763092326227 0.5894700166484086 0.11602600668078271 0.06245765826798893
0 0.9223484217563522 0.15045050589360873 0.11437857084185163 0.06243296267801545
0 0.688741238317757 0.08825245255473796 0.1149861273364486 0.06276763690793646
0 0.6898629447010076 0.40145004666599404 0.11290916371568342 0.0646425366841559
0 0.466229518997335 0.9038755297220941 0.12076818163149823 0.0659862560539668
0 0.13888130143424063 0.9045494389270065 0.2589386351754732 0.06467591458141143
0 0.6892716452340099 0.714537470631054 0.11227314316223716 0.06227752572935886
0 0.689235680125584 0.7770014576366466 0.11529312846816589 0.06274711355511993
0 0.13845490206067806 0.7773241556878461 0.25962201858235295 0.06229522817689114
0 0.4657877556631498 0.46495642855598485 0.12008692661178447 0.06245536100380535
0 0.13737314839229406 0.15054945716998674 0.26230769023717004 0.06294827056546932
0 0.5763476505457797 0.08856545761502536 0.10949792594553154 0.06247513549354244
0 0.3395045913268473 0.6521772433910863 0.13726427309981015 0.06167086780731089
0 0.922824410411799 0.5893464148264529 0.11389228606892524 0.06240901032057196
0 0.13794860349637328 0.028920482533444338 0.26293204744285514 0.056775806222894534
0 0.33851488059926255 0.9668860629035979 0.1370209310656396 0.06033156278828413
0 0.9228050445841851 0.3380910950833141 0.11511909270955023 0.06249112625403599
0 0.6888884357202834 0.8402812662159824 0.11420139776212032 0.0636474609375
0 0.33913375997097694 0.5272332110528136 0.13696115083783586 0.06160163457103321
0 0.13821518666276306 0.714605330013261 0.25894440535072966 0.06202676357818266
0 0.9227693646867698 0.08864980606135407 0.1174826363536799 0.061578295943481895
0 0.6891308936003213 0.33816633048532635 0.11645941333235982 0.06248222998587408
0 0.9209225093092874 0.2759598510291743 0.11486976124415887 0.06193739549700184
0 0.6888995589496933 0.9664638617821726 0.11489845347181658 0.0592983344384225
0 0.14039496617896538 0.08857807567638666 0.2673820932334829 0.06156322296255189
0 0.1370559175437856 0.21353964154570743 0.2621043731119031 0.061656374772976245
0 0.13822988617085963 0.9667896228522832 0.2593986101239641 0.05940968418473247
0 0.13854632466752953 0.8401759974630997 0.259829741326448 0.06257711600553506
0 0.33956337331611414 0.40183658388707905 0.13625839090792932 0.06530854059761301
0 0.33864054457049503 0.3382835360030847 0.1370612599025263 0.06271227171500231
0 0.13720712750871603 0.3383288394041167 0.26218174016364265 0.06119555934328875
0 0.33988681686258765 0.46480665594009457 0.13599003586813668 0.06276877990947878
0 0.3379467973085207 0.2132993015415994 0.1392285783714223 0.06315059873010839
0 0.3388873661789939 0.5898301015480858 0.1337904029917494 0.062005232357011074
