0 0.1513416327319099 0.6201378833288435 0.26585933351979674 0.5326706458782328
0 0.4982600832448422 0.9433988958482997 0.1390062054384102 0.10735546126676246
0 0.9145173600576457 0.07938662464439031 0.14396356378944175 0.13665637507140255
0 0.6361860553037773 0.9429546955444803 0.13910119510391383 0.10710297994991219
0 0.7759364452176881 0.94308124800447 0.13860965469508496 0.10805202596184546
0 0.9131036554725425 0.9435521463172494 0.1397387458282767 0.10752289870689655
0 0.3597720988745829 0.9436125968455659 0.13722371221746055 0.10797633613206417
0 0.9129092022053247 0.518648734646891 0.13971711686513957 0.10569870365381545
0 0.4985233343920662 0.5187702398190553 0.13851976116884102 0.10626021929627633
0 0.9126605580153975 0.6243777804904515 0.1390851955969357 0.1062995842437939
0 0.913140632110892 0.7307302735622208 0.13946888747724515 0.10657860766882184
0 0.9132812796287166 0.20064612397136664 0.13966805171040655 0.10536822322684686
0 0.9131371359223301 0.41269766660181195 0.13990360000758495 0.10713049643797894
0 0.3587758332780264 0.51552980308484 0.1367014764582069 0.10496577510127315
0 0.7759632592062349 0.5186503131423111 0.13848349561969053 0.10663032775333253
0 0.6358910421723301 0.518377272409802 0.13840059447057038 0.10576402608157727
0 0.6363190289839957 0.3066405080744133 0.1364758537810983 0.10569846980264208
0 0.913102648096177 0.8364554803490182 0.13961418670358008 0.10745804398148148
0 0.4987955482260695 0.6242614395316989 0.13993414721442657 0.1064366989817808
0 0.6363929822606947 0.7301882455175407 0.13665552231871966 0.1053924365670897
0 0.4989538544590033 0.20086251912902597 0.13888914237902003 0.10513081556688018
0 0.15199605932513488 0.9428344960413674 0.2833068208787048 0.10656106883081896
0 0.6363981672861043 0.6241621697086027 0.13728335482402912 0.10627401651550526
0 0.6363422875265473 0.20043706102237238 0.13728122155643205 0.10410032114002135
0 0.4985134235863547 0.41280077548167105 0.13859244041072513 0.10732354058159724
0 0.9133917058555825 0.3068757331234286 0.13967391819629854 0.10641200819539233
0 0.49893778088023366 0.8363813105518638 0.13800528813334345 0.1074342691121887
0 0.3589265545595039 0.20026739712419178 0.13727923643241807 0.10353051352470466
0 0.7758276781989533 0.6244515020728568 0.13947582059693567 0.10652973277358717
0 0.3601057330381523 0.6242776727006505 0.13800499184617718 0.1068519796904933
0 0.6360823844243022 0.4127025385012572 0.1376419808100728 0.10607824410819763
0 0.4990386370316292 0.30695354710136796 0.13973607924378034 0.10677716680261215
0 0.35858712798183406 0.4107366686123084 0.13698134931545813 0.10514611333113826
0 0.6362157729065534 0.836366967679897 0.13577726790048544 0.10567976170877234
0 0.7755714786862863 0.4127776826783006 0.13878185679611652 0.10651172623323754
0 0.35867635486195387 0.30493316065762693 0.13773110398968447 0.10785551302582216
0 0.7759534224723148 0.20061670744251625 0.13926296789669296 0.10493140872258641
0 0.1530285594532791 0.200237264426123 0.2759187846507841 0.10329589259122067
0 0.3584266884813031 0.8373082576279135 0.1364373068207676 0.10357019027378672
0 0.36029060141554153 0.7300858576787995 0.13758654548126517 0.10542852759818007
0 0.4988597092119235 0.7307593490581098 0.14117170907918689 0.10685190174010216
0 0.7755078362029733 0.8365985582919262 0.13971302810224515 0.10632534684806033
0 0.1531208732753124 0.09913374120095986 0.2733485712588412 0.09695058459675328
0 0.7757651912355886 0.7308470432481242 0.13988937822360437 0.10649317404015006
0 0.15230725482829566 0.3038257486823266 0.28117632819610894 0.1087425300140186
0 0.7756605129797481 0.30721018902034447 0.13934723196677792 0.10634775758550846
0 0.7758898985038684 0.10041737221514431 0.13957513605506675 0.09716661923385367
0 0.499606249170396 0.09907941221429623 0.14650271517559163 0.09697353611503981
0 0.35794523665048544 0.09881472678933562 0.13921064358313107 0.09686449326165639
0 0.6366226937006979 0.10000623749285975 0.1390379674226335 0.09757657008457306
0 0.4273975555696714 0.030716667401885386 0.8345095121622447 0.03804549277869461
