0 0.08377896613190731 0.07861449343894077 0.16042780748663102 0.14067856720652558
0 0.20142601692008516 0.1006817196674153 0.07486632623113096 0.09654411474957632
0 0.3155080213903743 0.029422963491408067 0.3018419489007724 0.04413446208339865
0 0.27741404956143073 0.10082116310693942 0.07606038765871326 0.09762774677882213
0 0.35317962951604004 0.10036495872737733 0.07547077225050604 0.09854015553794611
0 0.4283555940624425 0.10082116549507553 0.07488115684229896 0.0976277420025497
0 0.504121174017052 0.07937956204379562 0.07547077225050608 0.14233576642335766
0 0.5801815616757653 0.07892335288796129 0.0754707722505061 0.1432481847350264
0 0.6559471416303748 0.07937956204379562 0.07488115684229896 0.14233576642335766
0 0.7314179138808808 0.07846715328467153 0.07488115684229911 0.14233576642335768
0 0.8071834938354908 0.07892335766423361 0.0754707722505062 0.14324819428757107
0 0.8832438814942034 0.07983576642335766 0.075470772250506 0.14142335766423358
0 0.958714651751294 0.0784671485083992 0.07547077623733679 0.14233577597590225
0 0.08402019566950873 0.18430656456679337 0.1609650064405325 0.06934305614088597
0 0.2022380850150279 0.1843065693430657 0.075470772250506 0.07116788321167881
0 0.27770885726553396 0.18476277372262775 0.07547077225050608 0.07025547445255471
0 0.35347443722014354 0.18476277372262775 0.074881156842299 0.07025547445255471
0 0.428650401766546 0.18521897810218976 0.07429154143409193 0.06934306569343064
0 0.5047107894252592 0.18567518248175183 0.075470772250506 0.06843065693430654
0 0.5801815616757652 0.18521897810218976 0.07429154143409185 0.06934306569343064
0 0.6559471396369594 0.18430656456679353 0.07606039164554414 0.06934305614088605
0 0.7314179138808806 0.1843065645667934 0.07488115684229911 0.06934307524597533
0 0.8071834938354903 0.18476277372262775 0.07547077225050615 0.06660583941605838
0 0.8826542660859964 0.1843065693430657 0.07429154143409193 0.06751824817518248
0 0.958714657731541 0.18476277372262773 0.07547077225050618 0.06843064738176198
0 0.08402019566950869 0.25410583941605835 0.16096500644053244 0.06843065693430656
0 0.20223808501502788 0.2541058346397862 0.07547077225050597 0.06660582986351384
0 0.2771192418573269 0.2541058394160584 0.07547077225050608 0.06660583941605835
0 0.3528848218119364 0.25364963503649635 0.0760603876587131 0.06934306569343061
0 0.4289452094706496 0.25364963503649635 0.0760603876587131 0.06934306569343061
0 0.5044159817211556 0.2545620437956205 0.0760603876587131 0.06751824817518244
0 0.5798867539716617 0.25364963503649635 0.07488115684229896 0.06934306569343061
0 0.6562419493344782 0.25364963503649635 0.075470772250506 0.06751824817518248
0 0.7311231061767772 0.2545620437956205 0.07665000306692007 0.06751824817518244
0 0.8068886861313868 0.2545620437956205 0.07488115684229911 0.06934306569343068
0 0.8820646506777894 0.25319343065693434 0.075470772250506 0.06843065693430653
0 0.9578302286389837 0.2541058394160583 0.0760603836718817 0.06660583941605827
0 0.08431500337361221 0.3663321167883211 0.16155462184873948 0.15419708029197074
0 0.20164846960682084 0.33120437956204385 0.07547077225050604 0.0857664233576643
0 0.20223808501502788 0.4083029197080292 0.07429154143409189 0.06660583941605842
0 0.27800366895646844 0.33120437956204385 0.074881164815961 0.08394160583941605
0 0.27770885726553396 0.4087591240875912 0.07665000306692019 0.06934306569343057
0 0.35317962951604004 0.33120437956204385 0.07547077225050604 0.0857664233576643
0 0.35376924492424705 0.40875911931131903 0.07547077225050608 0.06934307524597538
0 0.4289452094706497 0.3307481656299371 0.07488115684229896 0.08302917797520265
0 0.4289452094706496 0.4087591240875912 0.07370192602588482 0.06751824817518248
0 0.504710789425259 0.33074816562993703 0.07547077225050597 0.08850366874012568
0 0.504415981721156 0.40875911931131886 0.07606038765871313 0.06751823862263782
0 0.5798867539716617 0.33166058394160586 0.07488115684229896 0.08485401459854018
0 0.5798867539716617 0.40784671532846717 0.0760603876587131 0.06934306569343064
0 0.6556523339262713 0.3312043795620438 0.0754707563031822 0.08759124087591247
0 0.6562419553147246 0.40967153284671537 0.07547076029001287 0.06751824817518245
0 0.7311231061767773 0.3312043795620438 0.07547077225050615 0.08759124087591243
0 0.7314179138808808 0.40921532846715325 0.07488115684229911 0.06660583941605842
0 0.8065938784272834 0.33120437956204385 0.075470772250506 0.0857664233576643
0 0.8071834938354903 0.4083029197080292 0.07547077225050615 0.06843065693430653
0 0.8820646506777894 0.3302919708029197 0.075470772250506 0.08576642335766425
0 0.8823594583818928 0.40784671532846717 0.07488115684229896 0.06751824817518248
0 0.9587146537447094 0.3312043795620438 0.07547077225050615 0.08759124087591243
0 0.958419846040606 0.4087591240875912 0.07606038765871319 0.06751824817518248
0 0.08402019566950866 0.4776459830133237 0.15978577562411822 0.0684306521580343
0 0.20194327731092435 0.4767335694779274 0.07606038765871312 0.06843064260548949
0 0.27682443415322333 0.47855839416058393 0.07488115684229893 0.06660583941605835
0 0.3522952064037293 0.47810218978102187 0.07606038765871315 0.06934306569343071
0 0.428650401766546 0.478558394160584 0.07665000306692021 0.06843065693430653
0 0.504121174017052 0.4776459854014598 0.07665000306692014 0.07025547445255477
0 0.5798867539716617 0.4776459854014598 0.07488115684229896 0.0684306569343066
0 0.6553575262221676 0.478558394160584 0.0760603876587131 0.06843065693430653
0 0.7314179138808808 0.4776459854014598 0.07488115684229911 0.0684306569343066
0 0.8065938784272834 0.4776459854014598 0.07665000306692021 0.0684306569343066
0 0.8823594583818928 0.4771897810218978 0.07606038765871304 0.06934306569343064
0 0.9578302306323989 0.4767335766423358 0.07606038765871319 0.0684306569343066
0 0.08402019566950868 0.5465328467153284 0.15978577562411825 0.06751824817518248
0 0.20194327731092435 0.5460766423357665 0.0760603876587131 0.0684306569343066
0 0.27770886125236494 0.5465328467153282 0.0754707802241681 0.06751824817518244
0 0.3534744432003901 0.5465328467153284 0.07606039961920595 0.06751824817518248
0 0.428650401766546 0.5465328467153284 0.07429154143409193 0.06751824817518248
0 0.504121174017052 0.5469890510948905 0.07665000306692014 0.0684306569343066
0 0.5798867539716617 0.5465328467153284 0.07488115684229896 0.06751824817518248
0 0.6556523339262712 0.5465328467153284 0.075470772250506 0.06934306569343071
0 0.7314179138808808 0.546532841939056 0.07606038765871304 0.06751823862263794
0 0.8068886861313868 0.5465328467153284 0.07606038765871304 0.06934306569343071
0 0.8826542660859964 0.5469890510948905 0.075470772250506 0.0684306569343066
0 0.9578302306323989 0.5465328467153284 0.07606038765871319 0.06934306569343071
0 0.08402019566950873 0.6149634988733625 0.1609650064405325 0.06751823862263813
0 0.20164846960682084 0.6149635012614987 0.07547077225050604 0.06934306091715846
0 0.27741404956143045 0.614963503649635 0.074881156842299 0.06934306569343057
0 0.3528848218119364 0.6154197080291971 0.0760603876587131 0.06843065693430646
0 0.428650401766546 0.6154197080291971 0.075470772250506 0.06843065693430646
0 0.504121174017052 0.6158759124087592 0.07665000306692014 0.06934306569343064
0 0.5804763693798687 0.614963503649635 0.07488115684229896 0.06934306569343057
0 0.6559471416303748 0.615875912408759 0.07488115684229896 0.06751824817518241
0 0.7308282984726737 0.6154197080291971 0.07606038765871319 0.06843065693430646
0 0.8068886901182185 0.6149635036496363 0.07606039563237396 0.06934306569343074
0 0.8823594583818928 0.6154197080291971 0.07606038765871304 0.06843065693430646
0 0.9578302306323988 0.6154197080291971 0.07488115684229896 0.06843065693430646
0 0.08402019566950868 0.6838503601872312 0.15978577562411825 0.06843064738176206
0 0.20164846960682084 0.6843065693430657 0.07547077225050604 0.06751824817518241
0 0.27711923587708037 0.6847627689463553 0.07547078421099905 0.06843066648685105
0 0.35317962951604004 0.6833941605839416 0.07547077225050604 0.06751824817518255
0 0.42835559406244267 0.6838503601872311 0.07488115684229871 0.06843064738176215
0 0.5044159817211556 0.6843065693430657 0.0760603876587131 0.06751824817518241
0 0.5798867499848306 0.6829379490399714 0.07488114886863698 0.06843064260548955
0 0.6556523339262712 0.6847627737226277 0.07665000306692014 0.06843065693430646
0 0.7311231061767773 0.6838503649635035 0.07547077225050615 0.0684306569343066
0 0.8071834938354903 0.6843065693430657 0.07547077225050615 0.06934306569343064
0 0.8829490737901 0.6847627737226277 0.07488115684229896 0.06843065693430646
0 0.958419846040606 0.6838503649635035 0.07606038765871319 0.0684306569343066
0 0.08402019566950869 0.7536496350364963 0.16096500644053244 0.0693430656934308
0 0.20253289271913144 0.7531934306569343 0.07488115684229896 0.07025547445255484
0 0.27770885726553446 0.7527372191129638 0.07547077225050622 0.06934308002224741
0 0.35347443722014354 0.7522810218978102 0.074881156842299 0.0684306569343066
0 0.428650401766546 0.7531934306569343 0.075470772250506 0.0684306569343066
0 0.5044159817211556 0.7522810218978102 0.0760603876587131 0.06660583941605851
0 0.5804763693798687 0.7531934306569343 0.0760603876587131 0.0684306569343066
0 0.6562419493344784 0.7518248079657037 0.075470772250506 0.06569341155184508
0 0.7314179138808808 0.7536496350364963 0.07488115684229911 0.0693430656934308
0 0.8068886861313868 0.7527372262773722 0.07606038765871304 0.06751824817518255
0 0.8826542660859964 0.7531934306569343 0.07429154143409193 0.0684306569343066
0 0.9581250383365025 0.7522810218978102 0.07547077225050615 0.06660583941605851
0 0.08372538796540514 0.8216240875912407 0.16037539103232532 0.0702554744525547
0 0.20135366190271728 0.8211678832116789 0.0760603876587131 0.06751824817518255
0 0.27800366496963747 0.8220802919708029 0.0760603876587131 0.06934306569343064
0 0.35347443722014354 0.822536496350365 0.074881156842299 0.07025547445255484
0 0.4283555940624425 0.8220802919708029 0.07488115684229896 0.06934306569343064
0 0.504121174017052 0.8207116788321167 0.07547077225050608 0.0702554744525547
0 0.5798867539716617 0.822536496350365 0.0760603876587131 0.06843065693430646
0 0.6553575262221676 0.8216240875912407 0.07488115684229896 0.0684306569343066
0 0.7308282984726736 0.8216240875912407 0.07488115684229896 0.0684306569343066
0 0.8068886861313868 0.8211678832116789 0.07606038765871304 0.06934306569343064
0 0.8826542660859964 0.8216240828149683 0.07665000306692006 0.06843064738176212
0 0.9581250383365025 0.8216240875912407 0.07665000306692021 0.0702554744525547
0 0.08343058026130161 0.8905109489051094 0.15978577562411825 0.06934306569343064
0 0.20194327731092435 0.8905109489051094 0.0760603876587131 0.06934306569343064
0 0.27741404956143045 0.8909671532846716 0.07606038765871315 0.06660583941605835
0 0.3528848218119364 0.8909671532846716 0.0760603876587131 0.07025547445255484
0 0.4289452094706496 0.8909671532846716 0.0760603876587131 0.0684306569343066
0 0.5044159817211556 0.8905109489051094 0.0760603876587131 0.06751824817518255
0 0.5804763693798687 0.8909671532846716 0.0760603876587131 0.0684306569343066
0 0.6559471416303748 0.8914233576642335 0.07488115684229896 0.06751824817518241
0 0.7311231061767773 0.8900547445255476 0.07547077225050615 0.0702554744525547
0 0.8071834938354903 0.8914233576642335 0.07547077225050615 0.06751824817518241
0 0.8826542660859964 0.8909671532846716 0.07665000306692007 0.07025547445255484
0 0.9578302306323988 0.8909671532846716 0.07488115684229896 0.0684306569343066
0 0.08402019566950868 0.959397810218978 0.15978577562411825 0.0684306569343066
0 0.20164846960682084 0.959397810218978 0.07547077225050604 0.0684306569343066
0 0.27770885925894945 0.9593978102189779 0.0742915454209228 0.06843065693430658
0 0.35317962951604004 0.9593978102189782 0.07665000306692014 0.06660583941605835
0 0.42953482487885664 0.9589416058394161 0.07370192602588474 0.06934306569343064
0 0.504121174017052 0.9589416058394161 0.07665000306692014 0.06934306569343064
0 0.5807711770839723 0.9603102189781022 0.075470772250506 0.06843065693430646
0 0.6559471416303748 0.9598540145985401 0.07370192602588482 0.06751824817518241
0 0.7311231061767772 0.9603102189781022 0.07665000306692007 0.06843065693430646
0 0.8068886861313868 0.9598540145985401 0.07606038765871304 0.06934306569343064
0 0.8826542660859964 0.9589416058394161 0.075470772250506 0.06934306569343064
0 0.9578302306323988 0.9598540145985401 0.07488115684229896 0.06751824817518241
