0 0.6593976020812988 0.9712653639852636 0.13082469137091385 0.045311795132053814
0 0.5265975249441047 0.9722575724177056 0.137099215858861 0.046256211381780404
0 0.9279794191059313 0.9713909052384077 0.13914409436677633 0.04531937780238407
0 0.658998690153423 0.5155993684383202 0.13145035191586144 0.05715838254593176
0 0.6589185062207673 0.8620328594484772 0.13271527541311165 0.05855407447848316
0 0.7918377424541272 0.5154370085148048 0.13316435562936882 0.057483743182004596
0 0.6590607291773746 0.8098629661953877 0.1307274667840255 0.04685326657165901
0 0.6590534762332314 0.7635093281796805 0.1300056357132761 0.04610146082813867
0 0.7916705733851381 0.9713556084420112 0.13434756429571854 0.04507214003034777
0 0.6588022834376284 0.16123561241703918 0.1308002471923828 0.046542443836976435
0 0.9273800598947625 0.8098518858848698 0.13675940664190994 0.04714071385608049
0 0.6596864148190147 0.3583237455272925 0.13090991973876953 0.04771622251442203
0 0.3913638842733283 0.9713372925552275 0.13397108881097092 0.04503444027504375
0 0.7922175808956751 0.16149665385302178 0.13200433630692332 0.04622311729771571
0 0.9267544997365852 0.8620889284896518 0.137898093775699 0.05857692928764764
0 0.7911576220863743 0.8098975688036554 0.13038263822856702 0.0471311554195374
0 0.9260945571096318 0.5156036136657235 0.1363372802734375 0.057175416854631456
0 0.6590230590418765 0.2085491590925402 0.13068425027947678 0.04730932147275536
0 0.6587945787530195 0.3060111832639572 0.13087729403847143 0.05670908262931977
0 0.6587728952106676 0.6186328530833061 0.1316564961483604 0.057094196843558626
0 0.7913299861707186 0.358629949240964 0.13059043884277344 0.04762525717000219
0 0.7913065960532741 0.8624883536591618 0.13224702132375618 0.058291244173091644
0 0.6591941180982087 0.2544334458345295 0.13135975285580284 0.04522184437028379
0 0.5265195495203921 0.6716386289421342 0.1338892986899928 0.04596118142702865
0 0.926319674441689 0.4633490428106887 0.13581215707879318 0.047885337422421806
0 0.5262875556945801 0.8096734795357611 0.13435619755795128 0.04557612061187664
0 0.6592765858298855 0.463355984691977 0.13041441064131887 0.04795731939147255
0 0.6590097076014468 0.9202992997457348 0.13100408252916837 0.058305181334755034
0 0.7917156219482423 0.2085343808952592 0.13021268342670642 0.04718370012098097
0 0.9259031195389598 0.7633929181703849 0.13506718685752467 0.04622630789315398
0 0.7912534412584807 0.9201730376049185 0.1317500064247533 0.05822449531455052
0 0.9269442809255498 0.35860874980349133 0.13592459026135897 0.04744530224737533
0 0.6587360783627159 0.41034934109798776 0.13077665630139804 0.056901372741005034
0 0.9264534900062962 0.6187438163857447 0.13702342384739927 0.05751540884049651
0 0.7915777658161364 0.30612065139196465 0.13282499815288343 0.05688620740034449
0 0.7910664458023874 0.6185813496640558 0.13128195310893812 0.0571006581330654
0 0.9269289719431023 0.4103049931563731 0.1365711814478824 0.0574667088733049
0 0.6592047339991519 0.115361478176434 0.1307276675575658 0.045036789834864394
0 0.526566932075902 0.8613113042876477 0.13695039247211657 0.05764847936488407
0 0.7913044628344084 0.7634839636134351 0.13024355235852694 0.04584332964238845
0 0.5263364189549496 0.40993584526909727 0.13372310839201274 0.05779361808289589
0 0.6588449478149413 0.670857346902682 0.13105322185315585 0.04735767434588254
0 0.926667715373792 0.16148988551876575 0.1366291046142578 0.046382833966432904
0 0.5259950788397538 0.3587388166292446 0.13492368396959806 0.04662410439051565
0 0.9263975745753238 0.6708735268259924 0.1356932991429379 0.04716853478032043
0 0.6586864622015702 0.7171022109785103 0.13174985584459806 0.04596497276219378
0 0.9264328605250308 0.9203799590663959 0.1358630531712582 0.05822673807619751
0 0.9263478831241005 0.30615975287329805 0.1369597786351254 0.05731358699181157
0 0.7910305073386745 0.41050103455390824 0.13097557268644633 0.05689136041222386
0 0.9272972408093904 0.20846125752072742 0.13510302493446752 0.04640117655276001
0 0.5257347759447599 0.16185070982338146 0.13547209689491674 0.04679193772043143
0 0.5259253100345009 0.9198958963442557 0.13536247454191508 0.0591758534455654
0 0.5262365341186525 0.20856866978389174 0.13314759103875412 0.045554053439242945
0 0.39261516771818455 0.8100045004750381 0.13033786572908101 0.04680825114145888
0 0.39284378603885045 0.9203697064417241 0.1306680629127904 0.057940305374425856
0 0.7914132068031712 0.6707836828623961 0.13031076130114103 0.04743825356791338
0 0.9262910642121968 0.5664364204840606 0.13566739935623973 0.046099111268318026
0 0.5259796443738435 0.30584257564728234 0.13588804947702507 0.05898361673296697
0 0.3931270398591694 0.7636331339625027 0.1298478779039885 0.04611080566833443
0 0.7912839337399133 0.5664307868803997 0.13168580908524363 0.04574651709796041
0 0.9272259160092001 0.2544575154729194 0.13644770572060033 0.045296202598698605
0 0.7912288966931794 0.4633601097714348 0.13138630515650698 0.04766103455818023
0 0.3925393631583766 0.5156054292346758 0.12973737716674805 0.05719453372771763
0 0.5265538566990903 0.7173099067267469 0.1348109998201069 0.045352752231654636
0 0.7914311007449502 0.254451401277477 0.13141135165565893 0.044763279712106294
0 0.5260630155864514 0.46322230007809084 0.1349508385909231 0.048349215289739164
0 0.5268055012351589 0.516296840610988 0.13506502854196648 0.058344856856271866
0 0.9256764964053505 0.7171513114388535 0.13496890820954976 0.04583206243506671
0 0.3933553821162174 0.3583583614853319 0.12688282916420385 0.047422020245516186
0 0.659238664727462 0.5664293985041421 0.13040542602539062 0.04575612893359034
0 0.9261740132382041 0.11558515360140528 0.13565635681152344 0.04537867748831201
0 0.39275631151701274 0.4104914494178218 0.1298526964689556 0.057042800222481954
0 0.39364133383098404 0.2084503307325842 0.12692800321077047 0.04728072626175634
0 0.392192564512554 0.463455453840975 0.13094023654335424 0.04758814480465332
0 0.39293306752255086 0.8623359259657972 0.1293390675594932 0.05761184759131671
0 0.5267419564096552 0.5667689098982256 0.1346413963719418 0.043356907962188315
0 0.39236177896198476 0.3061101851709454 0.12969842709993062 0.05710220670658355
0 0.526918888092041 0.049610091215252144 0.13595636267411082 0.08519290980808795
0 0.5260835446809468 0.7633245673392389 0.1329071647242496 0.04622769626941164
0 0.17089386833341497 0.9725219512966153 0.31653354356163427 0.0473102025576881
0 0.17032919510414726 0.2058381542028926 0.3078874271166952 0.13932676140091863
0 0.7913924016450581 0.11557580876120956 0.1318780497500771 0.04494905513519795
0 0.3914823030170641 0.0664217323977386 0.13279854623894943 0.05317668631112273
0 0.5265093351665295 0.11573354966371391 0.13517490186189351 0.04558252850229658
0 0.6587918934069182 0.04990134255883991 0.1324308294998972 0.08589612363413146
0 0.5261275893763492 0.618802048089936 0.1348430733931692 0.05963060006903434
0 0.7917732941476922 0.7171764090096647 0.13016238965486226 0.04558749461737205
0 0.39343145019129705 0.16169681365512903 0.12865671358610453 0.04599666512022911
0 0.9261207580566406 0.04888661306152611 0.1374610097784745 0.08697923066213481
0 0.16962507210279767 0.35823395496278293 0.3123160098728381 0.047802729035091314
0 0.39380060999017014 0.25425896431830297 0.12818090539229543 0.04505214207232885
0 0.5262883336920487 0.25411506712906007 0.1351772107576069 0.044274891663932635
0 0.17040023129237325 0.8100609433098207 0.3121520327894311 0.045915204813265525
0 0.3923976170389276 0.11553424424699597 0.1324675961544639 0.04583864387251887
0 0.17100591173297477 0.5152606847300826 0.31344768091251973 0.05565055253103128
0 0.16899629839156802 0.6710220029869312 0.3143160178473121 0.04803183781714786
0 0.790594778562847 0.04995618988731297 0.12990474700927734 0.0859284037993023
0 0.39418954598276246 0.6710010972444362 0.12839344928139135 0.04704646446782043
0 0.39395072585658025 0.7171593480014217 0.1287568493893272 0.04551983797435478
0 0.17094395976317556 0.06637237328556891 0.31290476573140996 0.05240007335432559
0 0.17016296480831347 0.30538605350417625 0.3114925466085735 0.05658351467663222
0 0.3929155374828138 0.5662764635194526 0.12987304988660311 0.04528504218955052
0 0.17090459560093127 0.8620973121462845 0.3136654715788992 0.05677492370338473
0 0.17037958690994665 0.46355121175343805 0.31337346842414454 0.047789966653338255
0 0.39320185309962224 0.6185234650539289 0.133024767825478 0.05731446807674431
0 0.17000134759827668 0.4107093176921 0.3116297141501778 0.056045839271311786
0 0.1698931181117108 0.6188536049082731 0.31208956084753336 0.057242753103127736
0 0.17006036952922218 0.5664936910046889 0.3127911498672084 0.04615555410310039
0 0.17076487525513298 0.9204692423395805 0.3142911462407363 0.05825535998673994
0 0.1696618634619211 0.11596225127773334 0.31416222374690206 0.04500932935446057
0 0.16878747273432582 0.7167843529141377 0.3130953068795957 0.04531740203617126
0 0.16939135993781843 0.763748235694171 0.3122125346409647 0.047078557319007
0 0.2384083590410382 0.022420526489498105 0.44573075947575796 0.03513787654232582
