0 0.12365211856700312 0.7593480080730995 0.23860761369621375 0.47768230785375576
0 0.29856671481234737 0.7269465602766192 0.10678387289540314 0.05662061936487978
0 0.2988887368354942 0.1381780270622336 0.10670361512846785 0.058483651622588784
0 0.2987078826634911 0.785614373054542 0.10640532793042638 0.05751889634062193
0 0.29878546581292365 0.9093465908001871 0.10589811269752916 0.05739035714011899
0 0.2984017447896142 0.8479156643883402 0.10581367944859316 0.06424408408212709
0 0.6201171682581476 0.9095724328577341 0.10588856873867039 0.056841280322313545
0 0.620321689908772 0.25524788539238835 0.1049746192268285 0.05823508609850343
0 0.6200463389989558 0.7263731053345804 0.10583195920850409 0.05725876318694799
0 0.6200196120657807 0.1379999042844164 0.10667971674761585 0.05948322210040481
0 0.6197348134063683 0.5496561726129324 0.10552940031919925 0.05731308986675049
0 0.29891407835528644 0.25518279969399765 0.10499312988896989 0.05797640544977459
0 0.4048484427029969 0.7263212344363346 0.10678154463124606 0.057676006463137884
0 0.29898293532459314 0.43239546336884355 0.10535962945425796 0.0586456508468014
0 0.9413576450804895 0.6089532943890302 0.10681160040491015 0.05885939368789868
0 0.620043375753665 0.6088446709779809 0.10519274486719735 0.05811133866689156
0 0.29860513117093906 0.373342107860801 0.10507533108301152 0.05685505665787536
0 0.2991397468018502 0.3147150251184525 0.10494702641028925 0.058700606446270856
0 0.29902012982554876 0.4913236638631624 0.10572126083085395 0.0574091049359053
0 0.6200056424808382 0.7850518493352857 0.10572632143807141 0.05718976171491659
0 0.29801073110419296 0.6081903249873497 0.10561098577395965 0.17079810983884322
0 0.7265109703189038 0.2551436045218965 0.1077390576972336 0.05827970944630152
0 0.4044673578134852 0.2550958590371803 0.1069046540037831 0.058475767665335195
0 0.6200310609680406 0.6677286524300018 0.10535499216779634 0.05869264013048945
0 0.6195526507883926 0.37326298377698724 0.10517916011930564 0.05758412429465162
0 0.9421111945095759 0.13787891960705578 0.10650642462366015 0.059424777494211545
0 0.5120552515171817 0.13795733615624425 0.10877673232089374 0.058901493869890055
0 0.9421144656245075 0.9095676410888432 0.10723338181253941 0.05740335481323602
0 0.298442701072741 0.1967322487124517 0.10578941547254296 0.057646582007291156
0 0.7267350994172642 0.7261157274480189 0.10767871524767497 0.05631885771896467
0 0.6203408163101947 0.3146757475878235 0.10516557537141394 0.05865894800547412
0 0.40468021118625863 0.3733547012284179 0.10717527141787515 0.057222974663042804
0 0.6196327161368025 0.19685987448200978 0.10591292892398328 0.05785616199916432
0 0.6192551717481577 0.8474272034470068 0.10576919228552568 0.0658077580655054
0 0.4048378019585435 0.31463995906391834 0.107036345242552 0.05830327895953447
0 0.6201575184229192 0.43207642140636493 0.1052016730867749 0.05876616383441179
0 0.7268731019836656 0.6676645625210839 0.10854829304756462 0.05853175648997178
0 0.7268557458326766 0.5498742579945872 0.10832562632999684 0.055811708878956076
0 0.2985130492856193 0.9677029685487457 0.10585106636807415 0.0587820066203079
0 0.7267653860931589 0.3737031526724654 0.10831869926308321 0.05613841767166033
0 0.511579650648004 0.19688208882310324 0.10783530544362784 0.05692414797557348
0 0.6194265396868596 0.9679347104717401 0.10546340076499447 0.05891725429725834
0 0.7265788940583622 0.3143511351940091 0.10752578100370429 0.05878401317353103
0 0.7267553418461341 0.13815501908441755 0.10753016814608292 0.05922639077498237
0 0.40510428237433993 0.1381759943040243 0.10652324200277821 0.05936356264662813
0 0.5118237527892989 0.4911906323793241 0.10680517362616251 0.058076478548209035
0 0.8342443324277861 0.1378980979133284 0.10725693384004571 0.05863387357732382
0 0.5116692214715677 0.9097145088053545 0.10788260191716584 0.05742527715591266
0 0.834155742938702 0.3144542780193894 0.10733436305465795 0.05797432402516254
0 0.4046305094811535 0.8472835701744971 0.10675768473409915 0.06533888347951423
0 0.4049970475301466 0.9093080470091697 0.10732458819356873 0.05763815148889843
0 0.6202993886016808 0.49130036388692955 0.10550965817849542 0.05824718531495338
0 0.7266053323637494 0.9684321559797443 0.10804215535840953 0.060057216116443816
0 0.5118872893863788 0.2554682992742387 0.10852108506807615 0.058553274527148244
0 0.7268721014073337 0.9095819564984053 0.10774906346055328 0.05688308850588813
0 0.8336034632871611 0.49116048915814375 0.10590654062894073 0.05816000506969149
0 0.8340590718715519 0.07154480444671361 0.10627821625256148 0.07516561102001426
0 0.4050657409437066 0.6675314711401343 0.10668406540628941 0.05831241326898307
0 0.9417028054313131 0.7854315970199032 0.10635325947745904 0.05739017744878558
0 0.5115965449945322 0.6090125925290573 0.107492569566224 0.058929353513708295
0 0.7267294038289133 0.19690042482625045 0.10765239239340321 0.05733942962137359
0 0.5122884050443826 0.3146037063374019 0.10912427866143207 0.057793105315413394
0 0.941491260504512 0.43217974392307873 0.10610950368950978 0.05910254601056489
0 0.7266979241581614 0.4913411687938926 0.10757203841720524 0.057897476031572005
0 0.40523766689613216 0.49117679614665116 0.10747309681145571 0.058142844547350345
0 0.7268529750059112 0.6087766278597276 0.10845677879689469 0.058644422956023054
0 0.833381142922939 0.6676603397747485 0.10619663079780108 0.05882111943388126
0 0.7264571316155028 0.8471386191655421 0.10744573489714691 0.0669908458047105
0 0.942048658488828 0.2550238926581475 0.1068958027516157 0.05850745323712739
0 0.40502181179436275 0.1969712082373382 0.10669233940288066 0.05702224446934034
0 0.4050261604530363 0.5496699489484943 0.1069932050091622 0.056699503860249016
0 0.12404596369624288 0.13795048168058835 0.23783465862875477 0.059327294945833844
0 0.726729365345208 0.4321861379396927 0.10845446977459015 0.059773723089425905
0 0.5117403008748425 0.5493729790714702 0.10769295421855297 0.056313526876073355
0 0.8336107751911256 0.9096693164350006 0.10626936500039408 0.057287573697405544
0 0.9422969938376814 0.31442732431937714 0.1066369613512768 0.05826979647440813
0 0.8334589184908968 0.19674320988379002 0.10633170860261665 0.057032486875345005
0 0.9415565673520255 0.8475761376138524 0.10694929510167088 0.06566693995721909
0 0.40509233318391386 0.7852015322160206 0.10713571016905737 0.0577387786356109
0 0.5119542895169156 0.43253899182140887 0.10776126279506226 0.0592342298094026
0 0.12445828021700114 0.4910438545084795 0.2383473343386175 0.05722120769826423
0 0.8335014045013005 0.37295699938473686 0.1067123894132251 0.05688560418455593
0 0.12437701736392469 0.07033886034425504 0.23862488783924152 0.06950717211003626
0 0.4050601992901758 0.4321626732464043 0.10731596784363177 0.05954015430454183
0 0.7269599981897266 0.7848666474676459 0.10821363874822668 0.05712435406955349
0 0.8339288045298708 0.2552776842051797 0.10668129457952397 0.058658558674251716
0 0.12469052937713275 0.31467823331793576 0.2391475645019608 0.05818138833836788
0 0.5117398005866763 0.9679716370407567 0.10721644898230612 0.05946501337861874
0 0.511781574648536 0.3730719119924559 0.10784808203371296 0.05684062145409102
0 0.8339672497512413 0.785414436497562 0.10723415148664092 0.057085600638646955
0 0.8338151236650774 0.43251838721517727 0.10672039402388084 0.05924225602229514
0 0.8339054449208899 0.6090479018760734 0.10744319497261191 0.058091213237549066
0 0.40495864079248106 0.9676864668946271 0.10706513105394862 0.058749003312070655
0 0.5115439954952514 0.6674940054971172 0.10712124029594892 0.05832864538610157
0 0.8337527030954446 0.7258117795575473 0.10696545825780265 0.05660247054020486
0 0.5119003546042521 0.7852318102057009 0.10885554694888872 0.0576488730717922
0 0.4050194450465006 0.6090822528693113 0.10664912220208071 0.05829695981430937
0 0.6191138210994148 0.07117598798487909 0.10682018227114203 0.07467397553179052
0 0.9416191418564785 0.7263079971747731 0.10588345040589534 0.05857086930354514
0 0.7266920361512846 0.07099713146745047 0.10863488138398487 0.07560322680113009
0 0.4049530606552451 0.07110083395646295 0.10748868271201135 0.07568332795656932
0 0.9417157744399236 0.05543813828865141 0.10883245672584332 0.10902219063166431
0 0.5122513837200997 0.7261257602141346 0.10859081754167324 0.057306740772969815
0 0.29818424450945286 0.07146921429245699 0.1056845088925067 0.07413289497832204
0 0.9417829669889857 0.4912884892846464 0.10607533015940258 0.058126941864343105
0 0.8336957087282273 0.9682111955367547 0.10616014824538934 0.06004583566532753
0 0.8335308060519783 0.8472984546066149 0.10652351138871374 0.06494637771022449
0 0.12547775896320126 0.43127580667033394 0.241104062237926 0.0570115977578355
0 0.9415249337464533 0.5494920245798577 0.106508887580785 0.05671310050447743
0 0.9417542966287045 0.19699561631012713 0.1068809480414565 0.057826093649372856
0 0.8336953623748817 0.5494388658937224 0.1067870478010719 0.056521369851723506
0 0.5120319688756109 0.07103036500520865 0.10851642853976198 0.07483873376668494
0 0.5115507109017872 0.8472130712746874 0.10799501281969183 0.0648950458859789
0 0.9415668425012808 0.6678064587773705 0.1067795819622872 0.057785198896743134
0 0.9419884314903846 0.3733075172791186 0.1071547980867749 0.05770637429848503
0 0.1256122701856558 0.3723395949374003 0.24200444413915106 0.05620688006969149
0 0.12388963266399138 0.196926457608179 0.23744926476689035 0.05729865466296615
0 0.12380117907049076 0.2552739855585669 0.23894089077039143 0.057808109541753555
0 0.9419282044919413 0.9679754405073142 0.10652235687756148 0.05923542775162536
0 0.4458789482108188 0.016985974028721165 0.8803642531542696 0.03241197529438081
