0 0.7091625670399095 0.8082968287530974 0.052345991906224715 0.07675195097398128
0 0.8124162248037394 0.8824276020873486 0.05279960755777205 0.07062627985613987
0 0.6576459816744412 0.8082891388611647 0.05156250987623887 0.07665268145993943
0 0.6060735214875353 0.8081870461350494 0.052420014316595875 0.07629061123348017
0 0.967498137341348 0.5197961748434058 0.05130538199711772 0.0718236444280011
0 0.812595478539328 0.4490462651861922 0.052615316940356996 0.06907421229694383
0 0.7088893408914214 0.8820188009791436 0.052544208020454085 0.07126470221296806
0 0.7605862910693517 0.44794306145890694 0.05373533181002225 0.07127169302381609
0 0.39783856783869964 0.4478276861921806 0.05254897330571147 0.07098888783727973
0 0.7607096946741 0.2287779081235373 0.053766441962479775 0.07069222202385049
0 0.7089934858303626 0.2286883450814806 0.05261729218813208 0.07091130328073375
0 0.8125928119548316 0.5198375012906112 0.05271664715121864 0.07112203589620045
0 0.7606152778304509 0.8082149556029736 0.05319520030592637 0.07621274435572688
0 0.7091443947603787 0.4477891426254474 0.052356460719432646 0.0713997055255369
0 0.6575824774584724 0.8820787606260325 0.05147984575685174 0.07138870844231829
0 0.606163839692051 0.4477359317998003 0.05170023402735639 0.07129371407798733
0 0.553370799833131 0.8081779849686812 0.05192679494715817 0.07630206540817731
0 0.9674268308966677 0.8087338350943007 0.05157223797153114 0.07541224273816079
0 0.8641528774619488 0.8083048950733067 0.05250475244614685 0.07692166635118391
0 0.8641782100146643 0.44799555975960215 0.0524367051602953 0.07116465295463932
0 0.709118494323928 0.5908894946396613 0.052015779859425564 0.07149625937844163
0 0.657520997871473 0.44775416168347326 0.05155599155858111 0.07155323448685297
0 0.3979522433481556 0.5909375967958426 0.05310925233711316 0.0715152421186674
0 0.6055935362781907 0.5909852956360132 0.051987040004298136 0.07097888560022027
0 0.23781375823283274 0.2286701958610098 0.05332373955488976 0.07087726340945072
0 0.8640873486170105 0.881982448762734 0.05260795914239482 0.07085966538752753
0 0.7606633010419828 0.5909547511701543 0.05353775765131978 0.07171733032764317
0 0.8641467541938462 0.2285103213944624 0.05226732766358213 0.07079875122608068
0 0.2378145483319428 0.8083961520426074 0.05336359017875202 0.07607481028014867
0 0.8129769976470849 0.8083342027034003 0.05364066806040149 0.0771993628682544
0 0.9672358738180117 0.5915020778840859 0.05166774120145631 0.07100093354212555
0 0.9676377379778519 0.44807962426004955 0.052783558669599516 0.07138736405561674
0 0.6576101309273236 0.2286815626505713 0.05159826186096784 0.07115282235166574
0 0.7605979450312248 0.882062708648816 0.053352923840766585 0.07113322119355726
0 0.7607487058176577 0.6629528163288133 0.053709061014613674 0.07104787952574339
0 0.5531178940461292 0.15769063806743872 0.052876642221000206 0.07082174023867703
0 0.5018822382954717 0.807947664638973 0.052225896841499794 0.07737445579226322
0 0.8125128884917323 0.22875623660990843 0.05352338772375607 0.07145862999466547
0 0.23773353848256726 0.591011269187087 0.052472111476663634 0.07129476269961453
0 0.8639926354861954 0.591011215411619 0.05288627155390371 0.07128164148540748
0 0.8640019685319327 0.6626015818591685 0.052671068308808654 0.07180380128028635
0 0.2887908787403292 0.5909023738642621 0.051644136990544084 0.07100545068144273
0 0.812589330580628 0.5913480649435573 0.05297071339628843 0.07110192387114538
0 0.3980495613369741 0.2287356204398403 0.05318078099716828 0.07091973258535242
0 0.9677065259816192 0.22928646272499656 0.052588305427032765 0.07069539477646614
0 0.7604367648127781 0.3772062326842993 0.053880216234324436 0.07118610936639592
0 0.3433794188267976 0.5911515693832599 0.05737684922696703 0.07120786154322688
0 0.9679275068264562 0.9575958924146475 0.05248983932544499 0.07537986990638766
0 0.9679620242813258 0.7342396202591547 0.051861216721025484 0.07219577066698789
0 0.28884580297377505 0.8084436088931719 0.05185822915876567 0.07599118942731277
0 0.3433373707397856 0.519784962658315 0.05713463446854774 0.0709117738160793
0 0.45000163945565336 0.8081861050643586 0.05253655393532565 0.07593606957254956
0 0.23750665658500203 0.8820905643412719 0.05253487497471683 0.07110934488573789
0 0.6060979157975577 0.8820003559935986 0.05188254939699636 0.07135085051280286
0 0.9159503430610336 0.22854712398041713 0.053009922064623786 0.07095621924043227
0 0.9679149146218902 0.8828339832994907 0.052574873742162215 0.07099657772921256
0 0.23791884141446704 0.7341075477095953 0.052640254443517394 0.07176449141313326
0 0.6060376213592233 0.3769055740423664 0.05189538850753438 0.07140379246110957
0 0.864262898763021 0.5197567843130506 0.05226554994058455 0.07124593457461453
0 0.8639910059067809 0.3769777407205052 0.05226258706892192 0.07176290503682545
0 0.23765393599723147 0.44789970498778225 0.05268538885517799 0.07148187444073513
0 0.8639968328877176 0.7338569002529597 0.05247591382863066 0.0718117062740914
0 0.9677327473958335 0.303768463806959 0.05214733136124596 0.07671196891347742
0 0.2887667436815774 0.22855484076008395 0.05155542367484577 0.0707914512062913
0 0.8121497391882838 0.3036800031619975 0.05340921840235639 0.07499147658831222
0 0.9157559786799656 0.8084276644668915 0.05261645270782767 0.07623355546186673
0 0.9161057950609325 0.4480112621962762 0.052905233932544496 0.07149526453228248
0 0.9156321800256625 0.5912521026208012 0.052742769803044084 0.07140225986026982
0 0.8126106385660017 0.662904525958494 0.05305135288670611 0.07099625507640418
0 0.6572872519878892 0.3769368713647783 0.05144137780643203 0.07139723185400605
0 0.2887472381097985 0.8818640620697963 0.05137375026073271 0.07100674129267621
0 0.7606723378005538 0.7339815786756608 0.05358506483553297 0.07158773144961454
0 0.1860469953913519 0.4478488737265969 0.053011428191052284 0.07138220161068282
0 0.449811028045358 0.30299443316354624 0.053109178265321605 0.07674915464964208
0 0.5018080430509203 0.881837631427244 0.05272637524651092 0.06969886813394824
0 0.6058149862443746 0.15776935190881403 0.05218619436122067 0.07024341196740777
0 0.7608147531651369 0.5196199795223018 0.05333667742781654 0.07080744940803965
0 0.39814411397890753 0.8082544267965309 0.052839087822676475 0.07608626445484581
0 0.915684375948119 0.8818757044586316 0.05240213832423139 0.0710847694968337
0 0.34354612973901455 0.4487121985347261 0.057198434971682845 0.07077268356793777
0 0.5015312861470343 0.4489148782738504 0.05205918592928297 0.0691172595591272
0 0.9158197791831009 0.6627287877288685 0.052921035914745146 0.07172157858962004
0 0.6574778140169903 0.6627880751824065 0.05186862390018203 0.07172937603248898
0 0.5016854295452822 0.520278594567387 0.05228737642849919 0.07026265014110683
0 0.6060542628217285 0.2286969357125034 0.05213715883520429 0.07111379480571998
0 0.7093122908212606 0.3027897906198376 0.05284651969243022 0.07723351029047357
0 0.5013866980098984 0.5911013968715583 0.051503548730152705 0.06984357791850221
0 0.7092064175405163 0.7339831381642345 0.05228080872964705 0.07173765745457049
0 0.5016737755834092 0.22832722936957947 0.05194664618729774 0.06985066283641933
0 0.23762219623454567 0.3028317758165267 0.05360726168240544 0.07700208756367015
0 0.7089147968971229 0.37705516395064703 0.052029211544296114 0.07133224420085352
0 0.18625553834785535 0.590638094326473 0.053401329756554664 0.0709211845229901
0 0.7091679989712909 0.6625710373933095 0.05234490551994842 0.07206031026294053
0 0.9677878568087581 0.37713256029305475 0.05229843781603964 0.0712290759653772
0 0.5534458345579869 0.22858628596503305 0.05267151273955805 0.07064633810572687
0 0.5016240487206716 0.7341986433524917 0.051657864962580916 0.06859722389523679
0 0.8126349834948294 0.7338678704484444 0.05260583575103661 0.0704887222088381
0 0.18615896107695248 0.22863093976932475 0.052909616513545456 0.07113232045446724
0 0.6574736166154682 0.1575028742987679 0.05185677241353155 0.07117411743701817
0 0.9158661481246207 0.3771496474480314 0.053031353502983415 0.07126099170567181
0 0.5531857684978003 0.5907495439840309 0.052631662115695796 0.07082229143722467
0 0.28900157595143733 0.44782753830964345 0.05146569804466273 0.07160362210042676
0 0.45003524335842693 0.44784611773385874 0.05259092263033475 0.07121735291333976
0 0.5534308967466879 0.733880642122109 0.05258850295181027 0.07101566802037446
0 0.6577523981483236 0.30278204695243666 0.05182284753299453 0.07698490630162445
0 0.6061743825770505 0.6626917902068419 0.051842995060300365 0.07175513448169053
0 0.39782585218114763 0.30315016691905283 0.05295987422412267 0.07696059979006058
0 0.28880119940995397 0.6625187138628854 0.05147900627654733 0.07163258018997798
0 0.8640407821507129 0.3026191341719438 0.05280005198852144 0.07742860768860133
0 0.7607593968462405 0.15759595291204914 0.05321352072904025 0.07074088882244631
0 0.3436308061420725 0.8085607587503442 0.05709179628242566 0.07577926030768171
0 0.398057474673373 0.8820458231518447 0.052373768828061794 0.07118828727285242
0 0.6578229391844914 0.7340119618151157 0.05165253179358819 0.07166344730864538
0 0.2889675893444073 0.5198832104384636 0.05180709493198827 0.07087445364124449
0 0.34327606398696653 0.8820823635823927 0.05755575729419499 0.07198981062431167
0 0.4500053183546344 0.8819392939496145 0.052569392429586366 0.07100104109306167
0 0.23762519614210403 0.519873853507021 0.05272015321601941 0.0710919216340859
0 0.3433968380431141 0.22876793277421187 0.05757750971031806 0.07149051884722604
0 0.6576626231369462 0.5194880414114125 0.051365775197840816 0.07079384421462004
0 0.7606105125451937 0.302930534463622 0.05365982796381978 0.07674928908831223
0 0.8121853183388325 0.3778982422950509 0.053625458652533375 0.07239901504852699
0 0.23759982655349288 0.3770771043416162 0.05279874338687045 0.07138843956497798
0 0.1863306224539056 0.7344183968027258 0.05336947888618148 0.07155385290473568
0 0.39792740460738396 0.6627191350323514 0.053478821195830806 0.07165172425660793
0 0.23784537454253266 0.6628031054257296 0.05240744680262692 0.07148238530768172
0 0.3976990289286888 0.37720499584853384 0.05313697987775587 0.07113765766967235
0 0.18632811635829097 0.8084818432509637 0.05276255931669069 0.07582018343887666
0 0.5536649389174378 0.8819103089723294 0.053015107090033375 0.07101878699752202
0 0.9159856012338188 0.5197927332134499 0.05301663790705906 0.0711473641416575
0 0.6063026008482504 0.3029084999655837 0.052115628634455916 0.0765949266072412
0 0.9676329973831918 0.15766630466814086 0.05157312683302993 0.07185635335644962
0 0.23769014475800845 0.15756178532402945 0.05295162756466172 0.07099230257950165
0 0.7089981523532312 0.15768907185693146 0.05232470861144822 0.07085280901534967
0 0.39805746232807443 0.5196394462417401 0.05326324759177791 0.07096167745044053
0 0.3433114826486334 0.30327134993632987 0.05726379098244084 0.0765466362369218
0 0.9160724133735334 0.7340040299335766 0.05260618141939725 0.07192377434953194
0 0.7091293334960938 0.5196104881521889 0.052063333949610636 0.07100561200784691
0 0.186066982429776 0.8820502058524917 0.052557096512186485 0.07125308671186674
0 0.4499167038013248 0.5908758894462417 0.05264222969129247 0.07100991404529185
0 0.44994588808720165 0.22852510292624587 0.052660006921268196 0.07081258496523954
0 0.45005995864621257 0.5197942389265556 0.05258978686286408 0.0710331450474945
0 0.8639716978597796 0.9554424537961179 0.05275096708131068 0.07537739623485683
0 0.6063683025273691 0.7340238461935573 0.05217542926084648 0.07168377443557268
0 0.8639540193921925 0.1576161388783728 0.05247976556179207 0.07116871300247797
0 0.9693793633223351 0.06240852089180295 0.0549473438448119 0.11889394411431535
0 0.2887478553747282 0.37683290994114804 0.051726727038139665 0.07160225082599118
0 0.28868983247133523 0.7339531314530562 0.05181146516769063 0.07195985768860132
0 0.5013026018358743 0.06323957611285642 0.050779620420585564 0.11662500440286645
0 0.5536189650254728 0.4478411435030631 0.052844840731821406 0.07093605343990914
0 0.2887474603251732 0.30271942541987884 0.05221056398064573 0.07689424086247247
0 0.5533351959919852 0.519600217037789 0.052411224463996764 0.07110520417469714
0 0.6577795084240367 0.9557829062844163 0.05129950563498685 0.07514067662444934
0 0.7091565672247926 0.9555907665370319 0.05245912422254247 0.07548473206910793
0 0.8121401098553802 0.9556401324167125 0.05356042361953883 0.07482630523816079
0 0.6573178189472089 0.5910843769359169 0.052024273424858415 0.0712022151190804
0 0.28862097039577644 0.15758637415680066 0.05161236019196248 0.07108003725564427
0 0.5013903275276851 0.15792345895641174 0.052513838585912215 0.07039121384137527
0 0.9153609785061438 0.15770285854255575 0.052231180629298136 0.07113853152102836
0 0.9160376490126921 0.30285936263164237 0.05272825173189725 0.07734963841375275
0 0.1858996048714351 0.37710502725340717 0.05316176923733314 0.07146558047391245
0 0.08368889741527225 0.37749561192180614 0.1552777193896593 0.07052840850426761
0 0.23759511064942984 0.9556077595849395 0.05318821286692202 0.0753758905217511
0 0.5016359989697107 0.6630181266347742 0.05142478572512136 0.07224992256332599
0 0.967393992402407 0.6628367688687362 0.052305943757584954 0.07173738857723018
0 0.5535983730674175 0.6625348465033041 0.052959602627553594 0.07186005041987885
0 0.4500574895864937 0.7339269696878442 0.05230712890625 0.07135579785586453
0 0.3982210004985525 0.7340718407988023 0.052567491253602855 0.07169092657282489
0 0.5534551182225297 0.9556003385703469 0.05325391454604065 0.07600355778496697
0 0.7603564709907211 0.9557405312155838 0.052848050509455916 0.07515788477422908
0 0.6063410194174758 0.955718913477423 0.05210417219736044 0.07506001342235682
0 0.18607443281747763 0.3028787890194796 0.05276416420550793 0.0766792465411619
0 0.45002299682222136 0.6627601119390143 0.052492654053524476 0.07152696517070485
0 0.3432504228017863 0.9567857112128303 0.05727080311204238 0.0755242032626652
0 0.18607886477967298 0.15730700387828678 0.05271915324683328 0.07121897962124862
0 0.34341072650403265 0.3769012182294535 0.05664171138627629 0.07180404326989262
0 0.18603894008401917 0.5198614044861647 0.05307795700517673 0.07073318548664648
0 0.3978680484117428 0.15760260090428826 0.052685857976524565 0.07072724329742566
0 0.08384534649092788 0.15759122739279324 0.15495704370023364 0.07046551809436949
0 0.9159417507332119 0.9556348086453745 0.052774077480279125 0.07583997281112335
0 0.8126640196371234 0.15749184360588175 0.05284800112826153 0.07078197328004543
0 0.3429313832502149 0.06192753304468903 0.056541911992440325 0.11664420686629376
0 0.5534234648769342 0.3026107451989262 0.05239942235854065 0.07669059316492291
0 0.0814235184377837 0.06163641408676618 0.15692140581538377 0.11715048693350233
0 0.398823364652862 0.9543767315700715 0.05157154663480987 0.07279940029598017
0 0.2887975328562715 0.9553076386976872 0.05223416819155795 0.07529318385187225
0 0.18607466737815093 0.9559002981311948 0.05311430156423822 0.07542364313738986
0 0.08213437606601653 0.7387289038838795 0.15521888439709314 0.22170609125481827
0 0.9152670554744387 0.06257270380263813 0.05135002259683455 0.11647677778672544
0 0.6060262636845166 0.5198217719662032 0.05233280712732605 0.07109434153014868
0 0.39837453897716935 0.0623041176060748 0.051444735727649675 0.11662337895532011
0 0.5017358477447411 0.30289582239898816 0.052127282596328886 0.0783439468182131
0 0.8636559545029329 0.06300741313312547 0.05098608319427589 0.11624365735159045
0 0.44997230702619334 0.062484902327281266 0.050988947303549755 0.11740999641922603
0 0.2886885855961772 0.06283800297371615 0.05058412027204692 0.11644594175700047
0 0.44983492854343643 0.3770441130919604 0.05296004705830299 0.07119732155148678
0 0.44968438997237814 0.9554539617462829 0.05258825604583839 0.07472262613573788
0 0.5544522726805851 0.3769118388843956 0.053651334398386936 0.07134636026121971
0 0.34353878428635093 0.6627457270013078 0.057184237878299446 0.07149260264661343
0 0.08324139538706314 0.8827054599308234 0.15517369250263596 0.0701146600530011
0 0.2375778272313979 0.06294229923365925 0.05101716865613622 0.11770200477297613
0 0.605836294229748 0.08809659512557648 0.05151051147855987 0.0672597809510084
0 0.44992376531212075 0.1572426682526845 0.053009033203125 0.07061840175006884
0 0.708502513305269 0.06311493781169605 0.05058915715387338 0.11796710606713652
0 0.5011567297876846 0.37794638478283316 0.05149643783816242 0.07095258939633811
0 0.08298325808688661 0.9548094089860958 0.15642152480708743 0.07372132692042951
0 0.657669906863117 0.0627645635394798 0.05067596929358819 0.11908283989860098
0 0.5530071320271415 0.08854483213718767 0.051875191599034184 0.06727001509477389
0 0.5011192988423467 0.9572489330947137 0.051600335871131685 0.07861156043502203
0 0.8125466652286861 0.06276982030154325 0.05105432800490493 0.11800950802370315
0 0.34348176135214403 0.7343262794259361 0.05800285462808455 0.07197459216685022
0 0.0834206784427359 0.44881043287100764 0.1551922258821506 0.06994015865914097
0 0.08352666688196868 0.22930045106862607 0.15495313872797203 0.07037133036205948
0 0.3429089765332664 0.15759213485381676 0.05804559405181786 0.07119940535087417
0 0.7606207838336241 0.06320448257849605 0.05259457683871864 0.11797496694825295
0 0.08370992512378878 0.5193788772112472 0.15438524573366233 0.06978587684127202
0 0.1852517976730001 0.662710100753717 0.05316567035168892 0.07215301916987886
0 0.0838979069854835 0.5907860037513766 0.15422297912893942 0.07009933404460353
0 0.08348624335909353 0.30238448491705666 0.1548301155127368 0.07506910147645925
0 0.1854191875766396 0.06293506895393003 0.05341590955419448 0.11888269390828811
0 0.5785459993726613 0.029650770935193034 0.1047904992952316 0.051034177032336266
0 0.8577785800575825 0.9991535741327092 0.26727734414504956 0.0016928517345814978
0 0.08204608576969034 0.9985486001170153 0.1554990420449513 0.002902799765969163
