0 0.9305224751317224 0.507642209271848 0.13223353950623323 0.052915668664482836
0 0.38073942017256684 0.557959543014649 0.13753254298447284 0.05147245332792208
0 0.9299764070186717 0.24982426442256592 0.13674189750111806 0.0521871534924339
0 0.9289087831227638 0.8166267239317601 0.130069739490161 0.05446064700738249
0 0.5167110763850067 0.19838054517794335 0.13675216101576476 0.05233472117540198
0 0.5169356180644846 0.5076037273041318 0.13571074183810375 0.052844819568452384
0 0.3806634674345231 0.6089881609159999 0.13567438279153624 0.05173822236636132
0 0.7942987759339363 0.5074169982268476 0.1418399708428835 0.052390660632150594
0 0.5170463466473683 0.6091881765579101 0.13696406437800482 0.052001009476944186
0 0.3807678086173343 0.5075532798790681 0.13646377263214166 0.052868863720914504
0 0.5178906299133846 0.5580789144937094 0.13754297027860857 0.05188550695491265
0 0.5160927269241252 0.7122289012373415 0.13660557837307133 0.05175079175846475
0 0.9290127012085615 0.7127453409453272 0.1371483435997596 0.0511945678484462
0 0.9274215834725095 0.558429140033144 0.1367671741355937 0.05010567348388219
0 0.929279416106468 0.19911494871386054 0.13449910117816413 0.05053590150548856
0 0.9287667317126007 0.9685879567558557 0.13920732474284436 0.05058172505507885
0 0.5173669586454607 0.14819233551685942 0.13653455266798972 0.05194311666872005
0 0.5166029409773661 0.6606938274244356 0.13556374974668772 0.052220728490259744
0 0.7913027850374553 0.24995541262936286 0.14196340598445886 0.051346589550237715
0 0.9268435237659325 0.6092320939384276 0.13798662161784436 0.05163793145098949
0 0.1593646962655465 0.40466536956579513 0.3074704014124725 0.050723460993062
0 0.3809040049107642 0.6604647851683286 0.1361480330738484 0.052031092976963504
0 0.516476721584477 0.45614108791599023 0.1368232140174279 0.05128553552102659
0 0.3819117537551361 0.19849962412610644 0.13592706724654796 0.05180116369168406
0 0.3815313349469616 0.7639156759117001 0.13619700314107222 0.05172829518881416
0 0.9292490350112506 0.09695896250123806 0.1320330734116447 0.05143655223763866
0 0.9275687939365777 0.7636439430175479 0.135639224794555 0.05082714904143475
0 0.38101566157741923 0.968513484051291 0.1360981076262718 0.05074848653950217
0 0.6535061203303192 0.25025968250847924 0.1343601615782927 0.05122727469006069
0 0.5171141240592506 0.9684838912482607 0.13790104683481944 0.0507125524215368
0 0.3804027987294205 0.45606421834536376 0.13803605572695382 0.05135057174503324
0 0.5157183816053359 0.04849316414742832 0.13741093671385846 0.04574040240097282
0 0.5169417324987422 0.09689322561854997 0.13734537032507826 0.052070405354968693
0 0.9282396893168605 0.3530321374821236 0.133834920756932 0.051059814906076056
0 0.3818577474686242 0.14845042326012436 0.13714654202538015 0.052316952282511014
0 0.7920670893196557 0.14870741165340426 0.1406105874049642 0.05275745663144518
0 0.7911516165690685 0.7639348885861161 0.14047759845986135 0.05147109447472171
0 0.5164054911550341 0.30105528539540816 0.134929677454858 0.05149804506319573
0 0.1621479429371242 0.4560337951320444 0.3114341819435625 0.05069349073080938
0 0.3804803483174824 0.7121404625415508 0.13698601082953657 0.051535413526205935
0 0.5173193670556029 0.2495564099219233 0.13589316489231607 0.051699872509373065
0 0.9285228640534158 0.4560364750925228 0.1350871787301543 0.05100632893427257
0 0.9267061127746254 0.3009951655777723 0.13752640125363372 0.05006398311277636
0 0.7904006603152253 0.5579352346407314 0.1378215864860521 0.05084609749439548
0 0.927913276795198 0.14840294832643638 0.13327228361890653 0.05210657538494801
0 0.5169784736974508 0.814885881998396 0.1380569376118068 0.04967084045976345
0 0.5166889388574044 0.4047265745786951 0.13768750567768895 0.051596259952844774
0 0.6547995688450358 0.404555944137243 0.13839650708575582 0.05161924721948438
0 0.654136644066553 0.5070154948520602 0.14002742323764536 0.05155828755507885
0 0.3793484000272529 0.301229039311925 0.1421459109284157 0.1524201288736375
0 0.6534887324078992 0.19892009482681566 0.13647439100234796 0.05137497448375657
0 0.9263149800582094 0.6606540432224027 0.13953613936367956 0.051468074800943106
0 0.7929149484378495 0.35324568503715403 0.14192568210881595 0.05080453923401747
0 0.786760388205431 0.9685130688461464 0.14413888893741614 0.05034770033723717
0 0.7913423650806406 0.3013522325656115 0.13695633944543828 0.05128568650471552
0 0.6550209441210589 0.917855625471069 0.13591535701308138 0.050934573936108535
0 0.7903908335458827 0.608907648863878 0.13820515804939065 0.05134528731592069
0 0.9272559478159242 0.91766746204874 0.13467450901092912 0.0513382288284632
0 0.653469133462377 0.3010640613223272 0.13872308338690742 0.05020015152723021
0 0.6550494963453153 0.8670257587232336 0.13510180969784213 0.05188411035579004
0 0.6537664478281531 0.6095214919241845 0.13458219197227192 0.05118430095759894
0 0.6541755689917822 0.8152400142407815 0.13632076584162567 0.05199432844870903
0 0.653438670477415 0.7636921445602388 0.13436414687919276 0.0505599834038729
0 0.3806486999839278 0.4047621501103993 0.13726752047461985 0.05155319185557747
0 0.6536974147735214 0.45617160549411523 0.14051663257141658 0.0511175284211696
0 0.3803164186972412 0.047489386837498676 0.135639224794555 0.04736195778360172
0 0.6551379918625615 0.14849962506975448 0.13669953320661896 0.05211810676419005
0 0.5174223980025017 0.8652734420295105 0.13803537331241614 0.054123651413690486
0 0.7918767229602247 0.1990015410905129 0.14023236597160108 0.05058500895031308
0 0.7924949632347803 0.8152398632570927 0.14233229198694655 0.05127866576318027
0 0.6528941582695102 0.9689502798633659 0.13414511910917934 0.05011329816017316
0 0.3808169697606287 0.09664348208321857 0.13665965290103702 0.051992587418046056
0 0.5168671582380646 0.35299290059596283 0.13705700923803668 0.0510157654148307
0 0.6539987417367787 0.558156765458314 0.13401737110772585 0.052556214247062465
0 0.16248300804861543 0.5074848087761383 0.3097300026199259 0.05200576546314548
0 0.7893925702635847 0.6603489806789191 0.13843428555456172 0.051802201704545456
0 0.5170028222481552 0.9173173686200333 0.13780504475765876 0.05206831045628479
0 0.7914750810599284 0.9173577945027444 0.13984977708519677 0.05214312287414966
0 0.9287329658412763 0.4046169226746097 0.13586605938687948 0.0513477408008658
0 0.5166064349397991 0.7638486014078927 0.13838927349165642 0.05089780940785405
0 0.9299203671368376 0.048047427270024666 0.1324581357788741 0.04661182363459411
0 0.9261427659254808 0.8678074767726693 0.13606144831730768 0.04843141535733611
0 0.38204616212247744 0.814799859041628 0.133882498698499 0.04996276742230983
0 0.7903046582380645 0.8659240307451106 0.14004532979511405 0.052233486611974335
0 0.6527115441392275 0.6606196189413265 0.13466965021942084 0.051750414299242424
0 0.6558752179359069 0.35317725168014646 0.13849084407144455 0.05071553434939316
0 0.38244755835354005 0.8656381431301213 0.13288055037769733 0.05356199209087044
0 0.38264352051218 0.9174222645379173 0.13288186061360968 0.05124280713705938
0 0.7927363196084665 0.40473246294256343 0.14102303875153735 0.05132426283723717
0 0.16298100602861382 0.6090606708326085 0.30940997920437235 0.05138001356437461
0 0.6549759866513165 0.04792095365978422 0.13937170475668045 0.04677693609403989
0 0.6554837030673497 0.09693993147907244 0.13784091246575916 0.051714470744796494
0 0.7957018748165668 0.04812766448465039 0.1431800146222328 0.047087811509547
0 0.793892357131876 0.0971421104341506 0.1389744303094253 0.05070838621537038
0 0.1608668188289581 0.14831246663260475 0.3043100744325914 0.05068348806141775
0 0.16294322244169887 0.5583401540214809 0.30822908473142785 0.04976388415806664
0 0.15964543499545675 0.04824497173358868 0.30627012935222153 0.04672359638768504
0 0.15595844949800555 0.8656560724431819 0.311653033098829 0.2570794741902443
0 0.162575812587158 0.09714633325920036 0.31028844376156284 0.050669932557095995
0 0.652901200787539 0.7125120334000077 0.13527814561437834 0.051905625531462586
0 0.16223464285111813 0.6611259427421536 0.3105122552574854 0.0520535895466141
0 0.1648208075644505 0.19874265124640053 0.30842323849154285 0.05078119338111666
0 0.15961065723132575 0.3019279428079826 0.30522118015664634 0.15133674541371947
0 0.7915702369430625 0.7123874718566404 0.14287543936577593 0.0513652549087817
0 0.7939475235231022 0.4560665019736588 0.13985529099466124 0.051223934175943106
0 0.16244363955393673 0.7123543686828425 0.30988113014344026 0.049928720600456084
0 0.49492591935099706 0.013908678522234614 0.9898518387019941 0.019136715944367513
