0 0.6495714398212614 0.8226736330518534 0.13343936186107552 0.06939080930223653
0 0.650301840027048 0.752784938438266 0.13368148081686218 0.07035295075061275
0 0.6496356518862751 0.47432301839192703 0.1342649730598137 0.0694149840111826
0 0.6495337019959458 0.12683113696528417 0.13469963194067922 0.07040924371457567
0 0.6503614070663692 0.6833417406269148 0.13335507750887224 0.0685006534352022
0 0.6499467242027306 0.40420194139667587 0.13319035960296727 0.06963674507889094
0 0.3813827466513456 0.8230308682310816 0.13332215318168375 0.20473291733685664
0 0.16207559289240311 0.8225285548789827 0.30209295907607214 0.20999181410845588
0 0.6500590471815235 0.19591705471861598 0.13363065027664137 0.06731667612113204
0 0.9175883392430254 0.3351663028492647 0.13685169881826695 0.06822767070695465
0 0.65014458304324 0.9614538454541973 0.13403517665923206 0.068365478515625
0 0.9174966421037066 0.7527873918121937 0.13537366608339904 0.07097981770833334
0 0.783876749995379 0.6831962435853246 0.1334120211917143 0.06810206992953431
0 0.6501789514198664 0.5434824924842985 0.13415281855345523 0.06846869973575367
0 0.6501392159928282 0.3353696336933211 0.13342660609103904 0.0695492613549326
0 0.7830145080758946 0.8225101545745251 0.1328233303707857 0.06976587632123162
0 0.7833783363318219 0.7526997584922641 0.13220253351735015 0.0705914067287071
0 0.7829513309129781 0.4742115394741881 0.13104045879953669 0.06980656642539829
0 0.16275648138124485 0.12676152995988432 0.2983439758372984 0.06597533880495558
0 0.9173959918578717 0.4042066087909773 0.13549698790541206 0.07019719142539828
0 0.7830815601048033 0.12712822708429075 0.13290544864883183 0.06987550024892769
0 0.16197428267084837 0.473786642037186 0.29657998370823424 0.06547734877642464
0 0.9176303129466927 0.12689906475590726 0.1359985544102425 0.07072780085544961
0 0.38021957686270824 0.9617975272384345 0.13267067027768878 0.06783489152496937
0 0.5146524086359547 0.9615266986921722 0.13609400607810035 0.06831168380438113
0 0.9176516367433952 0.6833596921434589 0.13671489920149843 0.06793422324984681
0 0.5145316139004584 0.4042554069967831 0.13571590580022674 0.06961478439031862
0 0.9176542360323837 0.2652804355995328 0.1366394235508675 0.06920157039866728
0 0.6500575068621229 0.6140058031269148 0.13368148081686218 0.0706744624119179
0 0.7829547484966483 0.19560143713857614 0.13298617101242113 0.0672326031853171
0 0.9171524769876283 0.9617303885665595 0.13636601685725552 0.06863971785003063
0 0.7833282518838106 0.40456928926355695 0.13215309889158616 0.07037179984298407
0 0.514737824160218 0.6832121905158549 0.135850876287707 0.06770396513097426
0 0.6499710564357625 0.891986083984375 0.13449188136151913 0.06879523782169118
0 0.5145888945281694 0.1262920529234643 0.13523465225749212 0.07140827552945006
0 0.6500189026071446 0.26564340778425627 0.1332901434191394 0.0699669781853171
0 0.3810340568470278 0.4044481763652727 0.1331960395307571 0.06972913555070466
0 0.7833579511672539 0.3350684072457108 0.1330369534176607 0.06890611835554535
0 0.16296660260823248 0.612523396809896 0.29581590255352225 0.0683871400122549
0 0.514646728708165 0.3351396448471967 0.136096797907014 0.06812534706265319
0 0.9173492046560774 0.19574694165996476 0.13550738506136634 0.06683116239659927
0 0.9173861723216927 0.4747033811083027 0.13559864898585372 0.0696017396216299
0 0.7837758350071471 0.9615325927734375 0.13283136891265773 0.06816501991421568
0 0.5148038653545199 0.47457867790670955 0.1352467822727721 0.0699163698682598
0 0.9175834776099172 0.8918551276711857 0.13548168098136829 0.0683813356885723
0 0.5152094025717173 0.752766029507506 0.13651080688091483 0.07081945082720588
0 0.16266955336561714 0.9605954039330576 0.29766333968105374 0.06951485428155638
0 0.9175320694499212 0.8227536968156403 0.13524081353509465 0.06930883071001838
0 0.6488553838398932 0.06565914154052735 0.13214039125653096 0.05121824227127374
0 0.16391503322011666 0.6833208869485294 0.2977133774983018 0.063153076171875
0 0.3801505994345487 0.33520542219573374 0.1325388766989723 0.06847495284734988
0 0.3807758608074971 0.12644982431449142 0.13178115989131506 0.07137744379978554
0 0.3805880982793092 0.5436146754844516 0.13188924699175622 0.06868328019684436
0 0.16153141301513096 0.40472989549823835 0.29416838053273103 0.06730328728170956
0 0.9177319740271344 0.5432347316367953 0.13615046841112974 0.06836069144454657
0 0.7827668535972621 0.5435889150582107 0.131802387418055 0.06884729721966912
0 0.16185787273130206 0.2646119286032284 0.29610136856416047 0.06574929929247089
0 0.9174530799456575 0.6138460645488664 0.13590979350478116 0.06960413315716912
0 0.1626735263818446 0.3351140489765242 0.30129877851588494 0.0695509667490043
0 0.38048040829246355 0.19600245905857464 0.13148541856639392 0.06759004779890472
0 0.5152184038132147 0.5437564326267617 0.13544230656668968 0.06777014638863357
0 0.5151034093429613 0.8225891412473193 0.13646796674758477 0.06925425809972427
0 0.5149087755461973 0.19583321365655634 0.13571306583633183 0.06696508071001839
0 0.3810438041807349 0.4748919318704044 0.13160233843589808 0.07019270354626225
0 0.5157176839064348 0.04582300267967523 0.13433525013246747 0.090030552592932
0 0.7826329902143507 0.2655167972340303 0.1331866532094095 0.06952009014054841
0 0.7827199941929959 0.06560373306274414 0.13493669672343256 0.052186318939807366
0 0.7827934963093947 0.891993922813266 0.13276494263850552 0.06880074295343137
0 0.7828751813726095 0.6138586605296416 0.1323730276210075 0.06978310977711397
0 0.3804827187715645 0.6139086854224111 0.1323046759476045 0.06976779114966299
0 0.3802511774779119 0.2655906602448108 0.1326010189597915 0.06953925338445925
0 0.5148939018369849 0.26552824880562576 0.1358976153545199 0.06927243401022519
0 0.5149176805177322 0.6139070697859222 0.1354578541656398 0.06996896781173406
0 0.3804453419586086 0.6832062665153953 0.13287213924179317 0.06736994724647671
0 0.16167170617858695 0.5429467294730393 0.29545723527011813 0.06681566425398285
0 0.16319404265105908 0.0453126121969784 0.2987690272767461 0.0906252243939568
0 0.5144821552072038 0.8919562246285233 0.13531980303935826 0.06853446212469362
0 0.3822437851962983 0.04617311896062365 0.13384133708965892 0.09052059533549289
0 0.7150444969393854 0.01974923669123182 0.2620987756771244 0.03949847338246364
0 0.16203303141548805 0.19584517385445388 0.29728872317244953 0.06759519390031403
0 0.9185886322887914 0.04606758993045957 0.13813314828962933 0.09107446752342524
