0 0.6880535125732422 0.9683280828082809 0.19811505404385657 0.051480929342934294
0 0.8823123931884765 0.9679210535799673 0.19435209794477984 0.052948080452576506
0 0.4934293053366921 0.9679183616603848 0.19443244934082032 0.052042606604410444
0 0.8795326926491477 0.8636634476435924 0.19243927001953126 0.0513236992644577
0 0.6885685660622337 0.8634595759380624 0.1935672413219105 0.05170474322822907
0 0.6884300578724255 0.9158393592044751 0.19492305408824573 0.051946631430721195
0 0.8806825464422053 0.9155995036759537 0.19292179454456676 0.05211693654717034
0 0.8794871590354226 0.4910805991487821 0.1923371054909446 0.0518202760217428
0 0.8815573258833451 0.8118141922834862 0.19325949928977273 0.05247996113087872
0 0.6890189430930398 0.49153402278704433 0.1955929842862216 0.051816485359473446
0 0.8813023653897372 0.33444748130818946 0.19427268288352273 0.051036075897628826
0 0.8801720359108666 0.4389230640593357 0.19220151034268465 0.05116498588335396
0 0.4950766823508523 0.8640602036277847 0.19517350630326702 0.05147016166460396
0 0.688158555464311 0.8115886753470269 0.19544053511186077 0.05241909078603173
0 0.4950215252962979 0.9158775405128403 0.19374032454057175 0.051416048587280605
0 0.6871285178444602 0.23015127516779998 0.1948171442205256 0.050307952853390805
0 0.4952394832264293 0.8117804334144352 0.1935044375332919 0.052714707505906844
0 0.6894390106201171 0.38666932031337903 0.1931515086780895 0.05356373344854017
0 0.687693301114169 0.33454934848953644 0.191314697265625 0.05150059683702745
0 0.8798437985506925 0.17799777795772742 0.19058095758611507 0.050915859713412746
0 0.4957791761918501 0.23016073122204797 0.19449497569691052 0.05029052404752195
0 0.4951501326127486 0.5434326116937866 0.19263763427734376 0.05282079111231436
0 0.4969267411665483 0.4910724135157657 0.19231081875887784 0.05221988873692056
0 0.8795992070978338 0.5956432160550039 0.19022202925248577 0.0509130441852779
0 0.6870819785378197 0.17790503720782233 0.1948781793767756 0.05065950931030603
0 0.6885695717551491 0.5953862750777031 0.19248365922407673 0.05178709399260239
0 0.4956268657337536 0.17799114429875604 0.19499629627574575 0.05056805271591612
0 0.6885000055486507 0.6480498361115409 0.19148670543323865 0.053847895775905714
0 0.8800398739901457 0.5439552286527481 0.1908377213911577 0.0540531409097941
0 0.6883060455322265 0.5437568506606519 0.193758808482777 0.052885616930833705
0 0.8811423214999112 0.28272537794550945 0.1916748740456321 0.0532337260825692
0 0.4957299319180576 0.2822051919547423 0.19504026933149857 0.0515025196367293
0 0.8801979064941406 0.22972459217967697 0.19046506014737216 0.05120411485728651
0 0.49654589566317475 0.3353358147704419 0.19344024658203124 0.0501558181941241
0 0.8801645452325993 0.12499916220870133 0.19023728804154827 0.051960722805679004
0 0.6885268124667081 0.2825744107003474 0.19401876276189628 0.05309314195579714
0 0.8795094923539597 0.6480882646370106 0.1897820906205611 0.052930610443856885
0 0.8806501215154475 0.7593917503322598 0.19156175093217329 0.05235404521897502
0 0.6874547091397374 0.43906158804357 0.1940639149058949 0.050519749240549056
0 0.8808970017866655 0.06516046120603271 0.19279584017666904 0.06581170659790589
0 0.49654452584006575 0.6481939087463434 0.19479005986993964 0.05082585895308281
0 0.6877320723100142 0.7039366686912832 0.19409665194424716 0.05784226493938456
0 0.49513419758189803 0.7595901832614902 0.19351192821155894 0.05050420203153127
0 0.6876861572265625 0.12517782120314083 0.19562738591974432 0.05227300607868404
0 0.49504019997336646 0.1258139726173545 0.19435716108842327 0.05208661811615732
0 0.20060577406124636 0.7584347729206514 0.39613765342669055 0.051560807936262366
0 0.49624221108176486 0.5960828779411145 0.19418508356267755 0.05330676500267214
0 0.20228009725158863 0.22910480516435436 0.39803636588833546 0.050804145050735536
0 0.4961878689852628 0.43879460730496883 0.1906096024946733 0.05050675660827801
0 0.20237846604802393 0.17743441824651213 0.3985892509872263 0.050350845021025534
0 0.8814740267666903 0.7043172731579799 0.19257576682350852 0.05891892289814919
0 0.6872606797651811 0.7590582544582583 0.1947327353737571 0.05122755927936544
0 0.4965315558693625 0.38730263559803246 0.1938732840798118 0.05203867859930524
0 0.6883698550137606 0.06522867424224112 0.1923491738059304 0.0670762049196863
0 0.49693034778941764 0.7036749756518621 0.19354248046875 0.0590450036214559
0 0.4960986570878462 0.04984549581199804 0.19394756663929333 0.0984303891175937
0 0.2015610012141141 0.28147114943427937 0.39670328443700614 0.050965509148571106
0 0.7856604142622514 0.015402290007748334 0.381016679243608 0.030804580015496668
0 0.20267408950762314 0.8111894471917895 0.3955789311365648 0.053184474941634786
0 0.200650620799173 0.12553050730488088 0.3994028128006242 0.05263819381205699
0 0.20293393080884758 0.5956096494659232 0.39671073501760307 0.05088920146897502
0 0.20242173725908455 0.38657669630488445 0.3954984610730952 0.0528643837284119
0 0.8803857283158735 0.3866960197606674 0.19495100541548296 0.05327448943624831
0 0.20471822077577762 0.9688557539836015 0.39922833117571743 0.05425822123227948
0 0.2032693862915039 0.8633222605707838 0.39555931091308594 0.051314744511560526
0 0.2028825925155119 0.438359683746695 0.39637243260036814 0.050772844618446215
0 0.20323475653474982 0.49101190026229186 0.3973101583394138 0.051904274900146256
0 0.19944662614302203 0.6772648822499437 0.39889325228604405 0.10973340986442395
0 0.20346562591466036 0.5438136007204236 0.39637421803040934 0.052348331757003826
0 0.20141439031470906 0.3338138089321627 0.3957857213237069 0.051608465900300965
0 0.20374086905609481 0.9156326307679595 0.3982163098725406 0.05116355751786116
0 0.2000953500921076 0.04887935044419969 0.4001907001842152 0.09775870088839939
