0 0.7796683729740611 0.9684830592228816 0.1359181989703262 0.051668900709885814
0 0.7790006336412932 0.8003394200251651 0.13570236741450795 0.05168580275315505
0 0.9159101185045745 0.7423296414888821 0.13430217274448328 0.0636785653921274
0 0.9165939531828228 0.9683236342210038 0.1352160938999109 0.05243753286508413
0 0.914861980237459 0.9107539543738733 0.13377621299342105 0.06309855534480169
0 0.6402419910096284 0.6776841677152194 0.13768848619962992 0.06389858539287861
0 0.9153982463635897 0.8526334028977613 0.13183433131167763 0.052297210693359374
0 0.7808237577739514 0.7424761258638821 0.13764712685032895 0.06318476750300481
0 0.7806223484507778 0.6774718651404749 0.13846153125428318 0.06519376314603366
0 0.6391635024756716 0.9689038790189302 0.13592301753529332 0.051729642427884616
0 0.915637166876542 0.6779070340670073 0.13127122845566064 0.06384066068209135
0 0.6401099824068838 0.7422020251934345 0.1376880177280359 0.06435435368464543
0 0.9149818420410156 0.18465216710017276 0.13453567237184758 0.0635589599609375
0 0.7797895063433731 0.8529948601355919 0.13747325696443258 0.052359419602614185
0 0.7798333753619279 0.6197677025428184 0.1366679542943051 0.051777062049278844
0 0.6394258465683251 0.8525248014009915 0.13743618078399122 0.05245267427884615
0 0.6393953289902001 0.7999604738675632 0.13724022580866227 0.05150469266451321
0 0.502101647226434 0.9686917525071363 0.13960155687834086 0.051228743333082936
0 0.9163633982340493 0.24782639283400315 0.13415038794801945 0.06169361701378455
0 0.9154009568063836 0.6200141319861778 0.1328457614831757 0.05241581843449519
0 0.915707973011753 0.7999617943396935 0.13188653243215462 0.05190394474909856
0 0.778833088121916 0.9111306410569411 0.13717356899328398 0.06273463322566106
0 0.227763117928254 0.467902344923753 0.42239521992833995 0.08168516892653246
0 0.6396138709888124 0.9110043745774489 0.13755416870117188 0.06330490112304688
0 0.6395248948482046 0.6199920947735126 0.13724865829735472 0.052163872352013224
0 0.5034254141021193 0.8523274641770583 0.14094781039053933 0.051071577805739184
0 0.5031691601401881 0.551592049231896 0.14010897853918242 0.08454607450045072
0 0.7793315753602144 0.39482348515437204 0.13898006238435445 0.06252288818359375
0 0.9168343125728139 0.3947533240685096 0.13388195372464365 0.062175750732421875
0 0.22646337590719526 0.3203350654015174 0.4216439274319431 0.07871445875901442
0 0.7777599870112906 0.09581826283381535 0.13340832894308524 0.11189462221585787
0 0.22250873111841973 0.9697657951941856 0.41278588248972314 0.053823089599609374
0 0.7796661979273745 0.5516554318941557 0.13773513258549205 0.08270199115459737
0 0.503216542695698 0.09536605431483341 0.14051119486490884 0.11271564410283014
0 0.22719823582130563 0.18352926694429836 0.41153318212743384 0.0693086183988131
0 0.5030963797318307 0.1835837217477652 0.1410426424260725 0.06358679257906401
0 0.6400633360210218 0.09534935034238375 0.1352585240414268 0.11301728395315318
0 0.7799636439273232 0.24664610349214997 0.1378777487236157 0.061927413940429686
0 0.7801431689346046 0.32049582554743844 0.13978329039456552 0.0861368912916917
0 0.22261980437395867 0.910845477764423 0.41241850978449773 0.06134796142578125
0 0.6398414812589945 0.394773791386531 0.1384212426971971 0.062271675696739776
0 0.22270253039242927 0.6196124443641076 0.4120069763116669 0.051740851769080526
0 0.22285254116643938 0.8521700345552884 0.4133816068632561 0.05162200927734375
0 0.6403550265128152 0.24785039608295148 0.13786208838747258 0.06220684051513672
0 0.5029272614863881 0.7998655759371245 0.13924986856025562 0.052019500732421876
0 0.9104056441993045 0.09635941615471473 0.12961759065326892 0.1122352856856126
0 0.7795250541285464 0.1838986396789551 0.13840397617273165 0.06414186037503757
0 0.5028219892267596 0.3216599684495193 0.14085873386316133 0.08258179884690504
0 0.5026128166600278 0.24761388485248273 0.14025219699792696 0.06381634932297926
0 0.5021623644912452 0.9114522200364332 0.1382711979380825 0.06476270235501803
0 0.6389821370442709 0.18449356372539813 0.13638225354646383 0.06309030972994291
0 0.22880526697426512 0.5519503373366136 0.42150639441975374 0.07913988553560697
0 0.224324643611908 0.3947126975426307 0.41146034316012736 0.06315087538499098
0 0.9147951895730537 0.5515852414644682 0.13469588965700383 0.08416413527268629
0 0.22299508044594213 0.7418379270113431 0.41348308429383396 0.06293106079101562
0 0.503248699924402 0.46752345745380103 0.1406087038809793 0.08306409395658053
0 0.6397323273775871 0.32133212456336385 0.13616039878443667 0.08405594458946815
0 0.6401025203236361 0.551373525766226 0.1345831887763843 0.08337977482722354
0 0.501865872165613 0.39437296940730165 0.14017697384482936 0.06323876014122597
0 0.5035777677569473 0.7415942558875451 0.13867485314084774 0.06307179377629207
0 0.22752865364677027 0.09283936390509974 0.4091901988313909 0.10957323587857762
0 0.22728420454159118 0.677124786376953 0.42133426875398866 0.06092517559344952
0 0.7803855025977419 0.4685315352219802 0.1406624108030085 0.0846463130070613
0 0.22267957737571314 0.7996790372408352 0.41310286103633415 0.05251863919771635
0 0.5025178005820827 0.6194003178523136 0.13989558972810445 0.051550762469951925
0 0.22308818603816785 0.24810982484083907 0.4106310020413315 0.062101789621206424
0 0.5040177964327629 0.6776497180645283 0.13904615034136855 0.06306111262394831
0 0.9166614130923624 0.32223127805269686 0.134438297204804 0.08528116666353666
0 0.7781918843587239 0.022023047621433547 0.4127760770028097 0.035840854736474845
0 0.6402415560002913 0.46854368356557996 0.1377502575255277 0.08363571166992187
0 0.916502500835218 0.46904302743765025 0.13313587924890352 0.08413907564603365
0 0.2974674822001744 0.023381706365787416 0.5525254732796255 0.03113825875139174
