0 0.8335954745610556 0.019621278064581416 0.31076693534851074 0.03829104552164027
0 0.5962437391281128 0.5780062337917349 0.15986259778340658 0.04916790310362136
0 0.9129716555277507 0.9761771543050082 0.1508518854777018 0.03666110608919542
0 0.755592107772827 0.5779325086966929 0.15413920084635416 0.050891302087206276
0 0.5968172748883565 0.8984324893803911 0.16180034478505456 0.03897928014388757
0 0.7561943928400676 0.2517373869633263 0.15438691775004068 0.04864569124474829
0 0.5971994996070862 0.9752945227682556 0.16071339448293054 0.03709063963972338
0 0.5947266817092896 0.2520663813421373 0.16322636604309082 0.04764432980856819
0 0.7558430830637612 0.2962814140433289 0.15070438385009766 0.03863814045885076
0 0.5964410901069641 0.4931380109089176 0.16071005662282312 0.039235874700234236
0 0.7556554873784385 0.3354269432780432 0.15187287330627441 0.03861550189851651
0 0.7557553450266519 0.6623602327599829 0.15094327926635742 0.03903062084045955
0 0.7552679379781089 0.4137174389604867 0.14882373809814453 0.03861099960263608
0 0.5971257885297139 0.3359234121709548 0.1612546841303507 0.038620113120910175
0 0.5970039963722229 0.45294202161218217 0.15822923183441162 0.03967971393283388
0 0.7561533053716025 0.8980786960654001 0.15007615089416504 0.0392956027383254
0 0.2659705467522144 0.05469100158672685 0.49988524367411924 0.10872351495656565
0 0.5958468715349834 0.8593430845316219 0.16046766440073645 0.03853812776528108
0 0.5949781338373821 0.20632485248445398 0.1615370909372965 0.044109482909865785
0 0.7563070058822631 0.8587063364440809 0.15187446276346842 0.03904115040340571
0 0.5974466999371846 0.6230166842014146 0.16049905618031823 0.038778092873940365
0 0.7567681074142457 0.9755185482971446 0.14938743909200033 0.03710632505762939
0 0.9109323422114055 0.37432334849977694 0.15178449948628744 0.03937323103342504
0 0.913013497988383 0.5784361485850591 0.15146263440450033 0.051718490028721746
0 0.26667603105306625 0.5772171519754331 0.5017449011405309 0.04993819509638979
0 0.9138441880544028 0.741435398734942 0.15362834930419922 0.039299814563503864
0 0.913146734237671 0.8198236014997583 0.14885028203328451 0.037512620952000295
0 0.911692460378011 0.6240870142748921 0.1519490877787272 0.0383702356995464
0 0.2676543580989043 0.45277879523209774 0.5054963057239851 0.03987596320084771
0 0.7565980354944866 0.9374230615728174 0.14873751004536948 0.038903830379052644
0 0.7558362086613974 0.6231386818962392 0.14985394477844238 0.038881500443839236
0 0.7558241685231526 0.7013265143399575 0.15190903345743814 0.03863587115649167
0 0.7555652856826783 0.5321462836597449 0.1524201234181722 0.041521770198170736
0 0.5953382452328999 0.29665325285067945 0.16305593649546302 0.03920717256399651
0 0.7549124161402385 0.3747929851615946 0.15130861600240073 0.03911344129935678
0 0.5977688829104105 0.6622051940228101 0.15980112552642822 0.03916205883309786
0 0.5978748401006062 0.9375415010015431 0.16182287534077966 0.03826101871560827
0 0.91316286722819 0.33503086832149764 0.1508479118347168 0.0379575494497323
0 0.7558111349741619 0.8200302714042051 0.15203205744425455 0.03868307264556068
0 0.7551469008127847 0.12693175724898684 0.15065479278564453 0.03860488156347598
0 0.9128895998001099 0.7808933745956648 0.15043950080871582 0.03893948565771862
0 0.26625459392865497 0.16593554585835255 0.4966289003690083 0.03907339265132362
0 0.9129341443379719 0.29648317317747064 0.1488348642985026 0.03793413024938653
0 0.9113312164942424 0.662793905518014 0.1491370995839437 0.038469721914968766
0 0.9097402493158977 0.07314629132090972 0.15482989947001138 0.06739565675135244
0 0.75696595509847 0.4924398645767494 0.15047009785970053 0.03987839589297665
0 0.5953723390897115 0.5330080739236318 0.16073596477508545 0.040537945930621655
0 0.9080129067103069 0.493047692675026 0.14179189999898276 0.03880369060455086
0 0.9122783342997232 0.41321305474094666 0.15373897552490234 0.038835279293389355
0 0.5973342061042786 0.4136324762801625 0.15886501471201578 0.038233460307759516
0 0.7557930151621501 0.7403505995896231 0.14938720067342123 0.039016678246765316
0 0.26131837442517286 0.8387067387460031 0.49254399786392855 0.23363219379740482
0 0.26691672516365844 0.20731050127109976 0.5022411085665226 0.04316176778145449
0 0.5963846445083618 0.37504415154669846 0.16041159629821777 0.03876614726632213
0 0.2681550979614258 0.702734679994237 0.5047127405802408 0.0399028317407793
0 0.2676234506070614 0.5333475797109701 0.5002175445357958 0.04006712923157719
0 0.7551287412643434 0.4528870318774167 0.14801414807637533 0.03957510817128941
0 0.26580032023290795 0.25182448278786806 0.5031304297347864 0.04737969284466092
0 0.26579210783044493 0.413506048907133 0.5005808348457018 0.03816251283880503
0 0.7561100721359252 0.0732877914002082 0.15488855044047037 0.06881388903089679
0 0.9134278694788616 0.7019013921679804 0.15329686800638834 0.038766510354699586
0 0.7551912466684978 0.7800015569229626 0.1484104792277018 0.03975294885856633
0 0.9123923778533936 0.12672537781524204 0.15183544158935547 0.0401715716033518
0 0.7548316717147828 0.1655089624008914 0.14914186795552573 0.039081543985397454
0 0.7557176351547242 0.20672739041411822 0.15190561612447104 0.04408933150491709
0 0.2652144804596901 0.2958192933109245 0.5019608388344446 0.0393737938204101
0 0.265724200134476 0.6620827606219326 0.5007491546372572 0.03994618449304729
0 0.26614324934780603 0.49313801090891773 0.4993253412346046 0.040287596494367195
0 0.2643327092130979 0.33525870627834997 0.4978515754143398 0.03942892879052647
0 0.9099065860112507 0.5325061587050584 0.1447915236155192 0.03911649124172739
0 0.2665054195870956 0.1265180634289253 0.4957954498628776 0.04000536789857228
0 0.5959891676902771 0.7012153003699434 0.15932842095692953 0.03810728709659429
0 0.26602732948958874 0.623033894590506 0.503335002809763 0.038872060146025435
0 0.9113338390986123 0.4534072649046327 0.15565085411071777 0.03947010301252975
0 0.5958053469657898 0.12637142564908582 0.1612243254979452 0.03918044018220646
0 0.9120021263758342 0.9381574078162181 0.15402785936991373 0.03928601720516062
0 0.9125561316808064 0.16614492077121135 0.1510628859202067 0.03748016085105592
0 0.9117303689320881 0.8583842044356038 0.14712921778361002 0.03710632505762939
0 0.913081447283427 0.25439732703050644 0.1511687437693278 0.045677425604643815
0 0.5949262777964274 0.165386238529312 0.1618366241455078 0.03880686762785358
0 0.9132652282714844 0.2060964698950355 0.14980792999267578 0.04072546292315773
0 0.2664780952036381 0.3749099540823914 0.5030955597758293 0.039867321697464306
0 0.26483643489579356 0.9778460900319749 0.4924604011078675 0.041086209380577034
0 0.6004106005032858 0.05533717062982472 0.15741050243377686 0.10423861338509327
0 0.9103499650955201 0.8968534906445196 0.14973743756612143 0.03822303967132659
0 0.5953397949536618 0.7810059903310776 0.16332288583119683 0.11676184374482107
