0 0.0902320342383212 0.43213362901721425 0.16181736593171364 0.37368986168686225
0 0.34606367696927287 0.9413183095503826 0.11889290396622786 0.0922722018494898
0 0.22941754558893637 0.8482551419005102 0.11743751585952879 0.09335904283588435
0 0.8132678895484744 0.8481344832855018 0.1183003583292323 0.0937435227997449
0 0.9298145204078494 0.8484620801445578 0.11703842042937992 0.0941909478635204
0 0.3469335120493971 0.8483079975154125 0.12000958300012304 0.09357569688031463
0 0.3467018908403051 0.47938022743277003 0.11896270992249015 0.09410761619100766
0 0.3462637473279097 0.5709833261918049 0.11856254517562746 0.0922553860411352
0 0.22911095806932827 0.94073868316858 0.11705682709461122 0.09261134141156463
0 0.08965778275737614 0.9420688343696852 0.16301476636270842 0.09076882706207483
0 0.463544998769685 0.8483586110225341 0.1173343688484252 0.0934943997130102
0 0.5796700545183316 0.8485319176498725 0.1192638487327756 0.0936882174744898
0 0.9299153005044292 0.5706849182544111 0.1173457108144685 0.09299295645992772
0 0.8128582811731053 0.9405138911033163 0.11787176657849409 0.09270550993835033
0 0.6965751347579355 0.8484018338780825 0.11843506820558564 0.09408556879783163
0 0.930330291507751 0.7562255859375 0.11768529696727362 0.09318050462372449
0 0.9297372893085629 0.9406818000637754 0.11757466473917325 0.09293403884991497
0 0.9305064283956692 0.4791367511360013 0.11776824710875983 0.09328310181494473
0 0.9298753633273867 0.2934579862218325 0.11692942221333662 0.09260702327806122
0 0.6967691977193036 0.47901441094015723 0.11809394415907973 0.09286337093431123
0 0.09147285031710796 0.12921558107648573 0.16248005081909356 0.23235651522266615
0 0.5799930362250861 0.4791265370894451 0.11875437338521161 0.09335269019717261
0 0.8136914591150959 0.7560331383529975 0.11735191044844981 0.0932609713807398
0 0.8136661559578002 0.47911800462372456 0.11831717904158465 0.09304905067495749
0 0.2300815251868541 0.4791772751581101 0.1174902007335753 0.0935184400908801
0 0.34676883727546753 0.7561121103714923 0.11979038508858268 0.0934303750797194
0 0.579264699380229 0.9405241051498724 0.11757029135396162 0.0926678093112245
0 0.3458328126922367 0.2935670398530506 0.11824927142285926 0.09301051963754253
0 0.5803214245893824 0.7560829214498299 0.11865095003383366 0.09298917809311223
0 0.4632951391024853 0.570658303604645 0.11755659448818898 0.092828369140625
0 0.23019662691852238 0.12919541378410496 0.11659634807917078 0.2329782200508377
0 0.4630202646330585 0.9407129404496173 0.11737584391916829 0.09249757520195578
0 0.46396688626507127 0.47902097118144144 0.11744985505351871 0.0931440496120323
0 0.4640707661786417 0.7560776898650085 0.1167353592519685 0.0932064134247449
0 0.6964130551796259 0.5705716918114903 0.1182013564222441 0.09268512336575255
0 0.5795360895592396 0.5706273915816327 0.11886971541277067 0.09267901985012755
0 0.22929547527643643 0.7559349838568241 0.11692573367141364 0.09253104073660716
0 0.8133507195420154 0.570575221055219 0.11836865042138286 0.09289521716889881
0 0.6972518079862821 0.7561232793898809 0.11759855015071358 0.09291809497236395
0 0.2303038349301796 0.5707344107076424 0.11741510826771653 0.09245169503348215
0 0.2297701497716228 0.29354963237736503 0.11743743175596703 0.09221239154841625
0 0.08920202405433957 0.6617668722762542 0.16249967109499955 0.09084962598320578
0 0.6971430740957186 0.9401664474383503 0.1189717450479823 0.09154775191326531
0 0.5792394202525221 0.2933784225360066 0.11795111228161909 0.0926480247860863
0 0.8133327454093873 0.29341525123232887 0.11807914193220964 0.09243759881882439
0 0.6962991789570004 0.2934524743735385 0.1182312972902313 0.09224523427535077
0 0.08974628148116466 0.848791047180591 0.1622111493208277 0.09417475486288267
0 0.9311405211921752 0.15313856423306627 0.1188220887672244 0.1882779127886506
0 0.4630728413739542 0.2934317348765678 0.11711478646345964 0.092338447830304
0 0.34806493323618964 0.15228478048934418 0.11916977289154772 0.18974026011771897
0 0.34624913733775226 0.38602087319302725 0.11839741383950543 0.09409337465454932
0 0.22758997519185223 0.3867030552455357 0.11796938678411047 0.09054802096619899
0 0.3462167574664739 0.6634161709117241 0.11842084268885335 0.09323784445418791
0 0.08952541651688221 0.7562081473214285 0.16352118845061053 0.09332184045493197
0 0.9298936738742618 0.6634573385018069 0.11747969980314961 0.0939711382599915
0 0.9304566390871064 0.3867737024008822 0.11805487204724409 0.09466930571056548
0 0.5798497718150222 0.38678977083997657 0.11878186323511318 0.09437891123246174
0 0.8135106604868971 0.386705681418075 0.11863874300258366 0.09434488517086521
0 0.6966028408741387 0.3865990152164382 0.11848778912401575 0.09414749664514244
0 0.5802729809378075 0.15416492021002737 0.11877657672551674 0.18777844176000477
0 0.46360526497908466 0.38677816585618624 0.11770394392839567 0.09430944741177721
0 0.814170416884535 0.15446530815695417 0.11772119717335137 0.18748300772945897
0 0.6973440816083293 0.15421320337827515 0.11761575533649114 0.18776595446528221
0 0.22974915391816872 0.6635009765625 0.11699330487589198 0.09368489583333334
0 0.4644370972640871 0.15285146544579745 0.11545914777620571 0.18877006582662362
0 0.6965579295721579 0.6634764379384567 0.11773234690268207 0.09399106810693027
0 0.5795950822004182 0.6633936045121174 0.11830103115772637 0.09389565396471088
0 0.8131399800458293 0.6633210681733631 0.11727338175135335 0.09389988905718537
0 0.46342725378321853 0.6634345437393708 0.11708772914616143 0.09391375690901359
0 0.6387283959168661 0.0339528973493787 0.7001780970079458 0.04782401345985769
