0 0.10264676379727888 0.952452327428239 0.18668630853429571 0.07604106088702599
0 0.09902673718091602 0.5382498516125626 0.18681583479718042 0.6100497942292289
0 0.4948623932159699 0.9518109868081767 0.20005495913393861 0.07497183124670821
0 0.2954341355744783 0.9518973532687411 0.19977420085185282 0.07520542787701896
0 0.2921943578634176 0.8755795339520057 0.19612707533277907 0.07451783941033181
0 0.8913820971239795 0.9518419758657392 0.19809083680848819 0.0752067994535639
0 0.10230177479821281 0.8761565819215239 0.18671373204068017 0.07448432150851475
0 0.6898923650518194 0.8757243638627985 0.19301261558189048 0.07462010758646419
0 0.6900747831877289 0.19134756152549484 0.19803426931570242 0.07888988966352484
0 0.10324723011738544 0.09982905762918878 0.1880315316689981 0.10284825657190902
0 0.6902851414036106 0.7231398164556267 0.19236989064259571 0.07305222414852527
0 0.6903190269126549 0.10137261433547802 0.19892374674479163 0.10762786329462287
0 0.2959231127489794 0.7243000630582316 0.19847608686567425 0.07467227035693907
0 0.6923185468793989 0.9517569809817197 0.1960018948391751 0.07534695743175035
0 0.10327368061821739 0.19273933667815132 0.1866147217449841 0.07440309845999385
0 0.49394248412536074 0.09949484300077632 0.20243584572731912 0.10313240865643104
0 0.4946047980506141 0.6484045607320378 0.19831611014701223 0.07584745428535376
0 0.8862299188837275 0.8755755906694391 0.2036931493260839 0.07482335808571805
0 0.8911972733231278 0.42094427815983804 0.19846694533889359 0.07507722833183374
0 0.8908082429353182 0.8001003908307364 0.19860042537654843 0.0755305772417047
0 0.49455816251737583 0.7242281195822726 0.19910908604527383 0.07487564944149402
0 0.2956311767165725 0.7999196427591732 0.19792792174193236 0.07522085811314957
0 0.49450783257011893 0.799903398149469 0.19880092036616695 0.07530443855885709
0 0.6901351310111381 0.5713524979152037 0.19343010154930323 0.07277242253335674
0 0.8880582929731489 0.10030909602561694 0.2037551467483108 0.10219952765475498
0 0.8889958493344419 0.1919166693526707 0.1991256164000915 0.07884087723292661
0 0.692173382183453 0.7998056304588747 0.19544666737049549 0.07533589909585674
0 0.29437136435293937 0.09885345148236563 0.19888840065346108 0.102999917576822
0 0.49461029671333934 0.19095775518524513 0.1992798882561761 0.08098531573006276
0 0.49167973286396743 0.8755731046869515 0.20288340250651038 0.07449760865629389
0 0.6899002350128448 0.4195937467425057 0.19176929920643299 0.07299946131331198
0 0.8912759042000986 0.648546411750022 0.19840412311725789 0.07573537076457162
0 0.8916491946658573 0.7243286732877238 0.19913310832805461 0.07486021920536341
0 0.8909209655211854 0.34560940774639 0.1988642237207911 0.07553764943326458
0 0.49396270889419697 0.4208355164260007 0.19766022278381898 0.07488267877128686
0 0.2936945305214272 0.5718558450763146 0.19495998416935 0.07474822140811535
0 0.8907652502661354 0.2699405584442482 0.1979130238026112 0.07590990387991572
0 0.4937610626220703 0.5723923458142227 0.19801224029815948 0.07511040333951458
0 0.6897791956996059 0.2681597806094737 0.19285569749436937 0.07363643003313729
0 0.2931562372156092 0.19160643588291124 0.19892838624146608 0.07839601495292749
0 0.4937678672171928 0.34556671742642864 0.19753220704224733 0.0756862083177888
0 0.8911246566085128 0.4965887819783072 0.19861011676960164 0.07665402701731479
0 0.6904137070114548 0.34707460510596805 0.1951902234876478 0.07387021954139966
0 0.29297351837158203 0.4192277715447244 0.19561411883379962 0.07325144564167838
0 0.8909495929339986 0.5725772729080714 0.19848543459230716 0.07485867618175035
0 0.2929688359166051 0.2680889944012245 0.1962794742068729 0.073560436120194
0 0.4935196025951488 0.4964135845055741 0.1980149896295221 0.07622716667946805
0 0.6907413242099523 0.49619959713367934 0.19661279626794767 0.07550773191987799
0 0.29463176899128135 0.4961866528800364 0.19707946090010908 0.07579001951753424
0 0.4938935975770693 0.2698301251014967 0.19758221050640482 0.07603883207514045
0 0.29415489746643614 0.3452585520369283 0.19492006731462908 0.07456226563185789
0 0.7906461790543751 0.023307176118486383 0.39908470169030524 0.046614352236972766
0 0.6917499507869685 0.6484781972477945 0.19559698706274634 0.0755016455489598
0 0.2966320740263514 0.023994734113136008 0.5932641480527028 0.04627978065040669
0 0.29499598666354343 0.6481175583400084 0.197943369547526 0.07575701595692153
