0 0.6019542186935514 0.13710217851393947 0.11381377291817196 0.04744696591407093
0 0.602076871133264 0.8729456106307307 0.1139305864455383 0.049199866631270225
0 0.9390966867435876 0.13731343126348436 0.11411704355581648 0.04812414669296117
0 0.6020111436788746 0.48035869577813173 0.11379362778856575 0.04889343985976267
0 0.6021460560704931 0.774621661041161 0.11394476918126806 0.04905396166228424
0 0.6017602115697255 0.6771966137932343 0.1141961422958815 0.04879000271794094
0 0.826051321746297 0.13733418782552081 0.1094213584944003 0.04818630115628371
0 0.9388234044775108 0.48059085323329626 0.11405297428197254 0.04933714635163835
0 0.6018428912741601 0.5295926848147164 0.11379299274069725 0.04892244308126012
0 0.26583319867966493 0.13718629937856072 0.1137069966751716 0.048123076767082995
0 0.6019913160732027 0.18582959056800752 0.11347116459311778 0.048767567195295645
0 0.6018820349191655 0.33328810015928395 0.11387770107026735 0.04846625960760518
0 0.26596375393729677 0.3333511599445035 0.11376792599011018 0.04852805194216896
0 0.6021593215148573 0.8240118427955604 0.11415870975207731 0.04794288478880124
0 0.26579605719946714 0.872901365080569 0.11340582522353686 0.04865035270024272
0 0.265736971287369 0.9707443089161104 0.11408375646337608 0.04837480563561893
0 0.2656995916642206 0.5294843095534572 0.11373035232455746 0.04877996187508428
0 0.8263826050510297 0.08757139409630044 0.1105390427429552 0.05004116992477203
0 0.26591961811043624 0.4803025164393288 0.11364402109487898 0.049671457037570796
0 0.6019137343919346 0.28366788434107837 0.11381204417675217 0.049816374382669226
0 0.6022026811721009 0.9711055158925802 0.11375474874683887 0.047869668937938245
0 0.9388420678287572 0.08763434688893207 0.11390148008489884 0.04991707498330257
0 0.8262596880080382 0.7747487353146911 0.11082382643153901 0.049047904235774
0 0.6020292072626897 0.9228280570514765 0.11384598395727963 0.048698417062769686
0 0.6024046969551571 0.4308207325693602 0.1135636698992955 0.04961124490122708
0 0.6021225240189216 0.08760520169650082 0.11376575624322616 0.04994175323519249
0 0.2655595283287798 0.43061838489520127 0.11292772237965137 0.04933250451936691
0 0.8260287069860911 0.8242531522320826 0.11077097633670521 0.04800582935123382
0 0.48794003525221286 0.13724018249182512 0.11354842875045158 0.047682514211249326
0 0.4870289003228866 0.08776852999690281 0.1121209469833815 0.04958334452640406
0 0.2659032656278224 0.1858276647014268 0.11367997186032336 0.04873303328002798
0 0.8256338130531973 0.23444323658042998 0.10882681256773843 0.048801014724287016
0 0.8256721628883671 0.5783436928494976 0.10984761673591041 0.04928447307763619
0 0.26594258567501355 0.6771557920058826 0.11410040882970557 0.048635143292374595
0 0.8260809220330563 0.4804312367526715 0.11071664446351157 0.049387811457069185
0 0.8257099129561055 0.9218463589072613 0.10875110074963873 0.04888343193770226
0 0.8256069646405346 0.9707531316895058 0.10900272082731213 0.048559425460996494
0 0.8259408234171786 0.4308773563389125 0.1093224321486633 0.049080364140877825
0 0.6017526439159593 0.578686760467233 0.11388740319048049 0.048258858591221684
0 0.26564817924720013 0.7261785118325242 0.11363617119761563 0.04854856159823355
0 0.4877245070617323 0.23447380353974936 0.11101240036804554 0.04897743727139799
0 0.6019650674279715 0.2349299211718118 0.11399585525424494 0.04801921165490999
0 0.26596520043521943 0.08737245783965307 0.11348151940141799 0.050540833540075936
0 0.487545388282379 0.6772342093425533 0.11110695193957731 0.048978836405238674
0 0.9385843442354589 0.18582592812942456 0.11316842316203035 0.04858421482057376
0 0.2658809683915508 0.2836979739488521 0.1135489403167901 0.05004728084757619
0 0.4883492001219292 0.43114340575381777 0.11181414830202313 0.04907065250598368
0 0.4873048815424043 0.7748204368089265 0.11261554343162934 0.048962705215075515
0 0.48791145809813047 0.8243352566979335 0.11304568252122472 0.04813645907075917
0 0.26580755862197436 0.2349843310178162 0.11391252286172326 0.048350872216744195
0 0.8254700412639993 0.873110774265524 0.10918681414830202 0.04903717205619607
0 0.2656148480542133 0.578544114657076 0.11422237330089414 0.04818742046335625
0 0.6021657601946352 0.6277524748537789 0.113731640060513 0.048732720532463594
0 0.48822721801052205 0.8730093123714773 0.11276111051526373 0.048952236401867584
0 0.3775187409682081 0.480533192458662 0.10913953836253612 0.049602455048627966
0 0.8254036787617415 0.6772127120626011 0.10826465408236995 0.04875043192084682
0 0.37771236000722547 0.9709481874072949 0.1091921767747471 0.04856120318399407
0 0.9386707460260116 0.9218782262380326 0.11367328621748556 0.049484038944511866
0 0.37793060479136564 0.7743874954174251 0.11049155527456649 0.04937875823810005
0 0.715368934587247 0.9223837909060646 0.11126560806539017 0.048170828382045575
0 0.6022610879357839 0.7258342919869202 0.11340042731665463 0.050004055842098175
0 0.9395636586095556 0.7748062479457423 0.11348213680906792 0.048916945308286136
0 0.7151849118271315 0.43164408168360646 0.11100806087427745 0.04852749228863269
0 0.6022143237163565 0.38222417245019213 0.11331938815254697 0.04981087660969526
0 0.8250527442535224 0.3334192236907531 0.10849658767611996 0.04855909625303398
0 0.7151651547823339 0.5294982515106695 0.1107778913023844 0.04828763136714536
0 0.2654943653613846 0.6275434936391754 0.11396877751874097 0.048998852249359494
0 0.7151467383941474 0.18580561599813744 0.1114424336163295 0.04860831284342974
0 0.9393680638660585 0.23442735229623868 0.11458923692648121 0.04911613258600492
0 0.7153928547236272 0.8240796925566343 0.11172820515715318 0.04837131603121629
0 0.48731595959966584 0.9219650712985437 0.11201415310016256 0.04871540419363538
0 0.8257347503838511 0.2836326508588904 0.10951950867052024 0.05013453741804039
0 0.37783353066857844 0.5781476165870246 0.1095963847430455 0.04948423646928937
0 0.6022937752607931 0.04320912325137899 0.11358074563087066 0.040681153825185834
0 0.9389062076634755 0.873099515353206 0.11486322480130058 0.04856284922380663
0 0.26609385936935515 0.3826280118578074 0.11423590334853685 0.04903704037301106
0 0.8266676004222363 0.7257244352898294 0.11110155403269509 0.05005165931347762
0 0.9388124322615607 0.5788434963781857 0.11530902840498555 0.04853914625050566
0 0.3780974106981575 0.8730238633634204 0.10938290281791907 0.04916213939876618
0 0.48748791645028 0.9708623299706716 0.11214405566970737 0.04783009814084412
0 0.48715093535494947 0.6276526919203412 0.1120620992142341 0.048956121055825245
0 0.7150829160833635 0.5786301366976807 0.11119765794346098 0.04817721501651834
0 0.48773099866216585 0.5295916148888383 0.11059623233155708 0.048244966015203616
0 0.9386145442896496 0.7259703207170308 0.11340480209085983 0.04991569642495955
0 0.3781479675645773 0.5294907291087261 0.10969845104768786 0.048609234625724786
0 0.9385996912256143 0.5295708418664037 0.1140036522308526 0.04812928233717637
0 0.26576753296604044 0.922533810974582 0.11367533248283959 0.048618353686286406
0 0.8260286011447796 0.6277440142091424 0.11019400006773844 0.0487912537081985
0 0.9393138731146133 0.43099674360651796 0.11358092203305636 0.04978193922979032
0 0.9381219235458816 0.3821883381634726 0.11350492797145954 0.049420732253320526
0 0.715114350952854 0.33327086612244644 0.11025856326770231 0.048445223218800564
0 0.3779124177260206 0.23439434096779763 0.10973757705247471 0.04914452677277171
0 0.3782657160235279 0.9225875047932681 0.10984271275514812 0.048483839312803395
0 0.8258799999435513 0.529711413666397 0.11090892284591763 0.048046980346548
0 0.4880360333216673 0.382484526567346 0.11340434344517704 0.04959751692919027
0 0.7154016748329118 0.872991600983094 0.1114286036849711 0.04913488097947007
0 0.7153222585689126 0.7752765873617853 0.11115165225343208 0.04841161108582794
0 0.37864249345195083 0.8241081690453917 0.11065440977239885 0.0486279007171993
0 0.3777624582279625 0.6770127182253742 0.10903510826860549 0.04901123046875
0 0.4879069422021767 0.7260081796327198 0.11276252173274928 0.050078983574366236
0 0.7149303281927385 0.38266606829827404 0.1111346470827312 0.04863382646052454
0 0.37809081325641253 0.38222226304400964 0.11020155008128613 0.04945375181196063
0 0.9388385045046063 0.9712264668980076 0.11295250688674133 0.04890706906941073
0 0.4885186697017251 0.1859505580338331 0.11359499892747472 0.04782902821496595
0 0.26598899709006957 0.042623095013434316 0.1131818120879245 0.04120808614753468
0 0.37788211183051845 0.4308115147464098 0.10997614336840679 0.04963093153738538
0 0.48857462447502714 0.4805430193163431 0.11256967886334898 0.049466459239313657
0 0.9382565889744402 0.8243646220481898 0.11242386481665463 0.048872699758124326
0 0.9384411762215499 0.6771833137915487 0.11447450494490606 0.04851201951439455
0 0.7152553315796604 0.7264338126074535 0.11115525085802024 0.048671224485066084
0 0.4877807440785314 0.3334785963467924 0.11015409789333454 0.048647883640523866
0 0.9382665380577131 0.33345844881948655 0.1145573434113078 0.04821431675389361
0 0.7146743686212971 0.9708573918512339 0.11021587393876445 0.04854303090446333
0 0.7152979856281612 0.08733347550179195 0.1111776186551662 0.05061405762113799
0 0.7154120120009935 0.23497490743988927 0.11158080349078757 0.04835296268730616
0 0.37835259409998195 0.3332267522554696 0.10902431245484104 0.04839116727135585
0 0.7152696554371387 0.6274513154096717 0.1113471764360549 0.04946422062516855
0 0.7152789694725433 0.2834773634629728 0.11090617097182082 0.05030710823198995
0 0.4882720065254697 0.5782753821972761 0.11145379391708815 0.049549222121089545
0 0.825900568438403 0.382269471465834 0.10958230784862717 0.04965391025316882
0 0.7155234981823518 0.1371614112565947 0.11170259155979047 0.047903429214493996
0 0.3775865146879516 0.28364083167675885 0.10935672473356214 0.050357114921495756
0 0.7154049559135658 0.6770047843134777 0.11115828497561414 0.04864324180825243
0 0.3779836665688222 0.6274357438730448 0.10897266189486993 0.04949865577804746
0 0.825983900830925 0.18612679951656466 0.11134943438403179 0.04825643891269721
0 0.4881581741950415 0.2836021908921589 0.11150159890941111 0.050299750434027776
0 0.9390608770998918 0.6279702788417779 0.11463192625541907 0.04871797201574299
0 0.715028125564487 0.4808715194817371 0.11114523121387282 0.04988801003531216
0 0.37844610489861813 0.13714064234925963 0.10990734651598627 0.04780179448626702
0 0.3782830387181629 0.18593598235129283 0.11006716689622471 0.048458226933319845
0 0.3782420252099892 0.7265889024785936 0.10998909128883669 0.048915826001213594
0 0.10698448150833219 0.7258568427323524 0.20522341838461816 0.04866240171167071
0 0.9390657810806539 0.28380666195767595 0.11387671321802745 0.050326218754213864
0 0.48789053679890715 0.04315946840288312 0.11173882456873194 0.040918895470414475
0 0.3782129012091312 0.08733222039643486 0.10989125863665102 0.050659035659016395
0 0.9394602869287393 0.03355022091438598 0.11738175408688584 0.06025107418706374
0 0.10691772389274112 0.3824108992065298 0.20499051099567744 0.048897917088052856
0 0.10732908965535247 0.08795694805914786 0.204549055154613 0.05029495222797414
0 0.7145519455044256 0.0434626113249646 0.11044265658869219 0.039063462933290355
0 0.8250543318731937 0.03363971558460783 0.11014270231213873 0.060408058032763175
0 0.10636831515097205 0.7996229317838963 0.20182942737733697 0.10151674009321063
0 0.10715209266353894 0.4312145805153132 0.20413658164140117 0.04966651891813309
0 0.10677982603194397 0.33337929076490025 0.20552138427778477 0.04751728473486381
0 0.10673404814880019 0.677214786072765 0.2047803922884726 0.04786334814505798
0 0.10682476986350352 0.480857231856164 0.20302508855830725 0.05020569571913767
0 0.10743613408480077 0.1376752472746848 0.20468741786273228 0.04856100565921656
0 0.10666606564053221 0.2841101505481181 0.20593857269066607 0.04912508704258529
0 0.10691463602760624 0.6278817877414542 0.20538350143873627 0.04895855719474785
0 0.10687539384544241 0.9717483932017766 0.20495599377362025 0.049376256257584954
0 0.10731990902410077 0.5302424096495332 0.20500545832463082 0.04829299745693433
0 0.10759710714307134 0.18649215451336215 0.2058670071508154 0.048519113945986715
0 0.10672886385393969 0.873911078822394 0.2036574473959862 0.04869558587429207
0 0.10735617414375262 0.9228939974063681 0.20605699809300418 0.048461189804982464
0 0.3777647338161579 0.04274039181047787 0.10964605959853685 0.04172476158430147
0 0.10701004356318126 0.57918903305564 0.20493439828729354 0.04870625221227751
0 0.10753535039163051 0.23545502433241894 0.20572602321646807 0.04860865851179039
0 0.10690372141799484 0.043396098971238285 0.20738551575324438 0.04302554660373263
0 0.26419797687861274 0.8003472222222223 0.11163294797687862 0.09895833333333329
0 0.2725704479768786 0.01432291666666667 0.5414197976878613 0.01996527777777778
0 0.6577041184971099 0.013888888888888888 0.22512644508670518 0.020833333333333336
