0 0.26784900930476063 0.7207058042188152 0.20270701525683074 0.5097402617285482
0 0.09483353384654698 0.7212820403950662 0.14708698587579344 0.51080240613242
0 0.09427271075914512 0.2494009569735829 0.146445871709686 0.4387840251858814
0 0.6828961091883042 0.6376378241191341 0.19805789886311417 0.33999638892336426
0 0.6808485551313921 0.3064403342562774 0.2016577083159258 0.32254607541904
0 0.8867021856460979 0.7216343449110968 0.20472643847134023 0.17361781908118207
0 0.47440511530095875 0.30656869435390105 0.2114201102027281 0.32120286820325566
0 0.47427088691589037 0.7223039199676003 0.20768031971977358 0.17422760928354933
0 0.8852058451443432 0.3056859810615463 0.2076675496636865 0.32151437204418376
0 0.268354145600834 0.30718846145680917 0.20783436617111778 0.3218586899365071
0 0.47379417215439085 0.8945428344318301 0.20780088047292777 0.17028696321723452
0 0.6803170066466306 0.8923139029920699 0.1983448783344126 0.1698460913820809
0 0.8868621989367479 0.8922516940828151 0.2105597021745488 0.16934321476862985
0 0.8865297694894718 0.5499489315377429 0.20501513149649064 0.16723056142545464
0 0.47428524812912554 0.5499309169807561 0.20762997387564755 0.1672157619310462
0 0.5751162718425107 0.08344464955919957 0.8168941496325788 0.10918784380756495
