0 0.15822523643100073 0.7837838177041057 0.28524281675853425 0.4100033978879194
0 0.5590725701952738 0.9169947306315105 0.17409821162148126 0.13429498053216316
0 0.9085086338103764 0.9170666649228051 0.17453820364815847 0.13477956268178437
0 0.3825884168110197 0.9168391041941457 0.17181968688964844 0.13418466807443857
0 0.7327087039039251 0.9165516642781047 0.17078932504805308 0.13374559807054925
0 0.15729785958925882 0.37949032804150595 0.28402673914318993 0.13369569324311756
0 0.15883171369159033 0.24439212254115517 0.28911103899516755 0.13366885825153038
0 0.9092830476306735 0.24493328936688313 0.17326524522569448 0.13004187381628787
0 0.9091521671840121 0.6470944953687264 0.17398682851640004 0.1353852903688109
0 0.5593868588644362 0.6473383057169068 0.17448930891733322 0.13557037749847808
0 0.38389313410198883 0.7817865346933341 0.17516487363785033 0.133234791941457
0 0.5589625040690104 0.2454953462014467 0.17353094191778273 0.13101858494085666
0 0.9089899517240978 0.3778046281822832 0.17431319706023685 0.1387115412460261
0 0.1572214970512996 0.5125951890821581 0.28516595704214914 0.13412472283169305
0 0.7330273219517298 0.24442285479921286 0.17395612928602427 0.12851505362110222
0 0.9087751782129682 0.5125481576630563 0.17392918420216394 0.1320215200448965
0 0.5590169694688586 0.5125464071959128 0.1741958497062562 0.132437074339235
0 0.38387262253534227 0.5126270277675612 0.1738388424827939 0.13043619131113027
0 0.5592072502015129 0.37804452475015227 0.17435758076016866 0.13840078378652598
0 0.7338367341056702 0.7817483546929956 0.1741231888059586 0.13372756495620264
0 0.9087287660629031 0.7820759892979742 0.17436944870721727 0.13341089554163285
0 0.7338213542151073 0.5124787830171131 0.17406941973973836 0.1311856884977002
0 0.5594345728556315 0.7814982690852442 0.17485769968184214 0.1355735481559456
0 0.38400377546037945 0.3792723453406131 0.17314117673843626 0.13268742416844223
0 0.7339215959821429 0.3791014436003449 0.17337145124162948 0.13273950882288285
0 0.15848257286208015 0.09620466583218926 0.2861119707425435 0.1627676517932446
0 0.383838138883076 0.6479463453416701 0.17379028078109499 0.13391542641115395
0 0.3834089097522554 0.24485585596654322 0.17360169546944754 0.12962991953928232
0 0.7338192954895989 0.6480049694771374 0.17305059281606522 0.13296720166227002
0 0.3844764346168155 0.09813222121366691 0.17297890072777158 0.16051666251508703
0 0.7347043960813493 0.1386488588341387 0.17536151219928076 0.0866274069914054
0 0.5591112534180409 0.09690803857776623 0.17534864516485305 0.16207114339390874
0 0.9090045830411841 0.13901918171804184 0.17712667104870705 0.08494391998687342
0 0.8226814871569634 0.05406927907621705 0.3517154519866055 0.08107640423299946
