0 0.7406547619047619 0.05060418668231592 0.16465250651041663 0.05254010968221595
0 0.9014506022135417 0.9773978655716836 0.15624755859375 0.04398475583217269
0 0.7400827462332589 0.9776554798349363 0.1614115397135417 0.04360179847993559
0 0.9039797828311013 0.22360420758345664 0.16182117280505953 0.04167481318821814
0 0.4155155290876116 0.9774871231121606 0.1532393101283482 0.04394038208347841
0 0.9043212599981397 0.474896784280336 0.16304507300967258 0.04326976042936107
0 0.9044463239397322 0.7247439838717574 0.16192696707589285 0.04201369431689589
0 0.7402755882626488 0.5574844062826427 0.16205647786458333 0.04093894852237117
0 0.9045474097842262 0.5575242746507225 0.1625062779017857 0.0413347419590007
0 0.5757025727771578 0.4746880278945965 0.1651527041480655 0.04169427983276028
0 0.9020708356584822 0.34903352572725344 0.15831322079613094 0.0402889198579496
0 0.5752880859375 0.34920843862889533 0.16507533482142858 0.04049835630114032
0 0.9032688395182291 0.30771677341301795 0.15958048502604166 0.04107895535014798
0 0.9038618977864584 0.5164050684001785 0.16073509579613096 0.04000624972797702
0 0.9026499430338543 0.6838084781402333 0.15933762323288692 0.038697734184583915
0 0.739473353794643 0.43326836376137057 0.16268333798363094 0.041751574673028376
0 0.7395756022135416 0.47514963814143024 0.16153145926339285 0.041669160210654595
0 0.9045549955822173 0.6426434105153205 0.16095860072544643 0.04286113090833914
0 0.9041606794084822 0.14086421552142725 0.16215018136160717 0.04122075795463201
0 0.7401376197451637 0.30837910686694814 0.16191644577752975 0.04237633495277681
0 0.9051037888299851 0.5994967192328409 0.16283487955729167 0.04201594700720317
0 0.9042959449404762 0.4323064650001632 0.1622300502232143 0.04109990962036472
0 0.7409303211030506 0.641878515897023 0.160352783203125 0.04100635921722667
0 0.904256591796875 0.892639457681385 0.1610624767485119 0.04133720716726149
0 0.5758758254278274 0.5994707707907164 0.16527646019345238 0.04209878650548398
0 0.1719112145333063 0.1822258144368036 0.3364853625070481 0.04001011755473102
0 0.7406903366815476 0.5162449148704082 0.1609648204985119 0.04043273075709436
0 0.17017377353849866 0.9349688686700253 0.33504121780395507 0.04327656100387361
0 0.17203522455124629 0.4329294826326928 0.33499571300688247 0.04159720163159384
0 0.9037093389601936 0.8514970444703169 0.1615998767671131 0.04089508481676532
0 0.5811818440755209 0.05070797380962744 0.15961315336681547 0.05099111147909776
0 0.5754684302920386 0.223245721673567 0.16484241303943453 0.04189585311167087
0 0.7403001185825892 0.6837757716271871 0.1608125232514881 0.0415864907267366
0 0.5756521461123512 0.9346577848896674 0.16584879557291668 0.04170112291086351
0 0.7392830403645835 0.34958584926254566 0.16074602399553573 0.039543598143171134
0 0.903564220610119 0.8101508265418262 0.16040713355654762 0.041818602835567556
0 0.7405638485863095 0.8095552237253004 0.16081903366815475 0.041344347770499654
0 0.4154036313011533 0.34915425717664633 0.15222368512834822 0.04044265534552359
0 0.17201977956862677 0.3078765231586764 0.3371441159929548 0.04163664496376654
0 0.5751758975074405 0.4325501168338702 0.16522705078125 0.04071180933365251
0 0.9043865966796875 0.9346689633340225 0.1617041596912202 0.04151844247802054
0 0.5759018961588542 0.6830610737495104 0.16395269484747024 0.041284545218380056
0 0.1705870919000535 0.5169463728795809 0.3328282692318871 0.041234135959805886
0 0.16918665272848948 0.03813325581050019 0.33543714841206873 0.07597068187710634
0 0.415097176688058 0.22351893475460805 0.15169192359561012 0.04189415296804274
0 0.9042926897321428 0.7674036477601628 0.1611948939732143 0.0422784066797963
0 0.1714775982357207 0.3908304411056646 0.3350810991014753 0.041903567513383526
0 0.5749947393508186 0.2655221306846002 0.16522943405877977 0.0419101768217379
0 0.5755886695498512 0.30782511506572074 0.16471691313244047 0.041694917386620824
0 0.17064440091451008 0.140957611849049 0.33327377955118814 0.04154991638693637
0 0.575831037248884 0.5575028953445987 0.16542277018229168 0.04073008587765494
0 0.16844774518694197 0.7235105509213418 0.33689549037388394 0.29374167779694027
0 0.575092017764137 0.7247949669288061 0.16568615141369047 0.041547897466377964
0 0.17001226016453333 0.9780159527876914 0.3319337199983143 0.043968094424616994
0 0.9035505312965032 0.18187273710883095 0.16175310407366073 0.040102052821422346
0 0.5756734212239584 0.39069615101083743 0.1644010416666667 0.042195694692287594
0 0.7397898646763393 0.7253792637902049 0.16140543619791667 0.04077373706530728
0 0.4160492524646577 0.39047708750435234 0.15246878487723214 0.04183398913540216
0 0.171701983270191 0.2661977146329322 0.33434435935247514 0.041033221486551176
0 0.5755017671130953 0.5163292419943636 0.16462483723958332 0.04098740261577298
0 0.7404601469494048 0.8924731836345535 0.1617007300967262 0.04157182698794395
0 0.7399994187127976 0.5998183439036929 0.16143450055803568 0.04289152097569203
0 0.9051903715587798 0.0985826104464305 0.1626533435639881 0.042873148798610504
0 0.903807373046875 0.3903836008566004 0.16075462704613094 0.042045869535058324
0 0.7402961948939734 0.09882417163476971 0.1624284435453869 0.04146189676353859
0 0.5750188627697171 0.09819618905155109 0.16447748093377976 0.04188865937894434
0 0.4142720395042783 0.7247356744197749 0.15385919480096727 0.04127289923452733
0 0.7404782540457588 0.390937550154237 0.16092883882068454 0.042058960640994944
0 0.41474193754650296 0.6834493653023808 0.15540730794270832 0.04008445633487117
0 0.7410955810546876 0.8505938856714615 0.16123738606770832 0.041479169160210654
0 0.5758585030691965 0.6416651266198968 0.16399448939732142 0.04166869267115686
0 0.41565399169921874 0.5578444967030814 0.15357076009114584 0.04111040800726845
0 0.5762146868024554 0.9774842328679927 0.16506213960193453 0.04424895815198468
0 0.41543125697544636 0.47483613165640237 0.15328938802083333 0.0420303557244516
0 0.1723882031440735 0.22385185475468966 0.3376175669261387 0.04240455733700383
0 0.4148158772786458 0.5995991316346404 0.15475452241443452 0.04171540411733983
0 0.41487662179129464 0.8096441837406424 0.153758544921875 0.04128662789432451
0 0.5756354631696429 0.8505454740816504 0.1635421316964286 0.04053193413779596
0 0.41611438569568454 0.9346623752774634 0.1519403366815476 0.041055748389623954
0 0.41537668863932287 0.14039443927222972 0.15330633254278273 0.041963858856796224
0 0.17125479970659527 0.4743390309113314 0.33522215979439873 0.043506717947532206
0 0.17214176598049347 0.34953864902506965 0.33895522594451905 0.04026900692570509
0 0.4156027076357887 0.4327193448802555 0.1525045921688988 0.041240766519955604
0 0.41503229050409224 0.09826547256087194 0.15179797944568452 0.041737171268728786
0 0.9052429489862351 0.03952180384593421 0.16237519763764882 0.07613418610315137
0 0.5753642926897321 0.8921319223047963 0.164951171875 0.04200017817505222
0 0.7403978620256697 0.9349013729679884 0.1622268531436012 0.041845380097710654
0 0.7394283621651786 0.1820074947431559 0.15854620070684525 0.04000922497932626
0 0.7403004964192708 0.7674743312315024 0.15947410946800594 0.041910920634575216
0 0.17057497580846148 0.09807428609693947 0.3359084444954281 0.043582241515263215
0 0.740658918108259 0.1407223119709153 0.1600606282552083 0.041475110067298496
0 0.4153312319800967 0.18204387250384915 0.15308614095052084 0.04022434627777355
0 0.5749093773251488 0.7669665833369603 0.16429803757440475 0.04209674633313022
0 0.739226510184152 0.22362056083997978 0.1596647716703869 0.04176630216720709
0 0.41613634381975445 0.30753672820279854 0.15206976027715774 0.04191559602955257
0 0.5759077962239584 0.1404578546295591 0.16429303850446428 0.04204640082994211
0 0.5756315394810269 0.18193140268989924 0.16294904436383928 0.04000193561352063
0 0.4146734473818824 0.6417649250508685 0.15418430873325892 0.04199486522621431
0 0.9050899541945684 0.2656564951607112 0.16252051943824405 0.0418306313517366
0 0.4157827613467262 0.5161229720686804 0.15320068359375 0.040795881436063726
0 0.16824904362360638 0.8924216692826209 0.33377302510397777 0.04126070070399547
0 0.16888119606744678 0.5578086449243231 0.3274219340369815 0.04053767212254091
0 0.4161897495814732 0.2653822726193909 0.15223929268973213 0.041719250692298496
0 0.5757021658761161 0.809499374007116 0.1620725795200893 0.04224491385032207
0 0.414941159202939 0.8503630911739424 0.1549522472563244 0.03978157574751915
0 0.42078299386160717 0.03819386710861599 0.15910016741071428 0.07453820225588126
0 0.7408285958426339 0.26587861892572684 0.16035441080729165 0.0417442215518367
0 0.4145637875511533 0.7668931371322248 0.15286065964471726 0.04230229369777159
0 0.41585120791480656 0.8918973449877047 0.15281488327752976 0.04210584210154074
0 0.6611701617854808 0.01250910028441702 0.3279367242406035 0.02501820056883404
