0 0.14251423637795954 0.5251573412146532 0.27096501406226414 0.5842407111512844
0 0.49200763052831126 0.08714745430453713 0.14132950254269058 0.057700954682645744
0 0.7778138671497072 0.029777806811397765 0.14451712499092975 0.05823878017317714
0 0.4918008337818064 0.26239863613195585 0.14107218172528058 0.05744789822524519
0 0.491343849583676 0.2042269269857723 0.14142795243868517 0.05781506097804733
0 0.6337679458476443 0.02971972191078156 0.14127512834389513 0.05772588185631973
0 0.7777612881025664 0.9058364659954465 0.14467632659817628 0.057794403611567985
0 0.9204414769222862 0.26267353972496343 0.14279571627684792 0.05614347996999878
0 0.921844435181042 0.030224978633326627 0.14385655642293924 0.05694100812629417
0 0.7774737095316127 0.5551584106207358 0.14486939988269157 0.05824705127619396
0 0.4915449301893866 0.4383440370912905 0.14137064930824303 0.0590351246021412
0 0.7775859773712631 0.20418282373142055 0.14453488754414184 0.058037651909722224
0 0.14606835819988429 0.9646671287729959 0.27015537669415074 0.05858589752375732
0 0.9198098197440981 0.4382108573095607 0.14192034364115713 0.058592976650067
0 0.777707953202097 0.7301337407578735 0.1448725650185033 0.05902985987375122
0 0.49162278308218843 0.9057155259636178 0.14218045166771479 0.05718155353389985
0 0.4917550810350353 0.7888094658507705 0.14150401017983263 0.05748042353877315
0 0.4918701360838332 0.3794438323082283 0.14065929684476586 0.05577343202706201
0 0.4913354407154001 0.5551317597922758 0.14144203020692242 0.0579781634533382
0 0.4914950911105602 0.6136569790905214 0.1420253127721072 0.05820885968719543
0 0.9200470159666457 0.08717993314270853 0.14136715348660023 0.056480835288124004
0 0.6338015577003314 0.20435367457815545 0.14216727147530475 0.0576183177806713
0 0.49155104787726145 0.7300707722267908 0.14110822648086785 0.058706421136391324
0 0.6336654804808437 0.3796297634786565 0.14160033423834173 0.05708360579046357
0 0.7783852922658064 0.08735863832470038 0.14261709868723393 0.05699195638734695
0 0.49173335025185033 0.02935906582408481 0.14106656006615229 0.05745752919719466
0 0.7782651352070434 0.43812293337102515 0.14440275493421054 0.05915698670504386
0 0.7779712736052994 0.7885504233674464 0.14287427778214493 0.05739339192708334
0 0.922550638393721 0.9646904779921265 0.1444492399138932 0.0588300976372137
0 0.9204308949756919 0.20479225322284658 0.142299120640238 0.05818997210229349
0 0.49126153243215454 0.4974241200943439 0.14135317020002902 0.057933249668768276
0 0.7770661392448119 0.8475073503936709 0.14356097053079045 0.05904943157590156
0 0.49204861195094823 0.32145342910498903 0.14098932130417957 0.059372037474872075
0 0.6340862545804711 0.9061128493638066 0.14172410522083012 0.05737572385553728
0 0.4913775559180293 0.14604029367309332 0.14158540613511028 0.05833821733560246
0 0.49141957663899233 0.847633168478923 0.14211502311399477 0.05911213240893031
0 0.7778533841065208 0.6134844923112359 0.1429129680243808 0.05816192329510843
0 0.6336934234335696 0.5553928546273453 0.1419158557620211 0.05763110779879386
0 0.3503720664387517 0.20420660424186007 0.14300870157247728 0.05709434345684089
0 0.35038339242846606 0.02992401892214026 0.14409460298048085 0.057615927320707146
0 0.14500449833117032 0.029296420906719408 0.2713405000905134 0.05723963756310312
0 0.3509686472984291 0.9060337892052722 0.14367115977378822 0.057134438676443716
0 0.14476449275533482 0.8478179693686799 0.26991212331104575 0.05881617733841983
0 0.9213319666245404 0.9062559785898665 0.14374676872702205 0.05766793115329556
0 0.35134608974397735 0.8472394738745735 0.1439697454588332 0.05857483267086988
0 0.49201984228364454 0.9643252188699287 0.14217194831777283 0.058044968989857455
0 0.9200365285017174 0.7886771337795443 0.14185146650662733 0.05656709726790936
0 0.4911911908318015 0.6719720554165906 0.14221333128749034 0.05794026930662159
0 0.9201692280016448 0.6133038556134259 0.142203221749226 0.05748845448038499
0 0.14483778358613003 0.08700592754877101 0.27003202718846936 0.056833873250563466
0 0.6338362560921778 0.08709373994645088 0.14353059467516446 0.05688339739050317
0 0.350180611152767 0.613460339997944 0.14271030485076433 0.057817842063383286
0 0.35012708728896574 0.43842916507237606 0.14372239245718846 0.05892828333447551
0 0.633932580150687 0.7304581015663074 0.14179921814531735 0.058697259914108194
0 0.9204153527416312 0.5554096006278174 0.14284777567482584 0.05758762173717715
0 0.9208297493288022 0.7304068225169043 0.14362195844620743 0.0584980925621345
0 0.6343466224316104 0.7887110719439114 0.14310301789558338 0.05726031625015229
0 0.7777680907825198 0.14558738202844215 0.14315347110523896 0.05887110749183343
0 0.3499824476684948 0.08747234307302136 0.1432879421364043 0.05659186677393626
0 0.14472474439225327 0.2039299531754462 0.26966287108028636 0.05695627074957359
0 0.77742722455193 0.49728983977617114 0.14314359777113972 0.05821287515800134
0 0.6340057325806042 0.6134508218449226 0.14349067617127031 0.05786007886741593
0 0.6335624718444636 0.4380553247403448 0.14333081319236166 0.058667575174372565
0 0.9195479165658863 0.37970152142916974 0.14144699049438855 0.057188513683296784
0 0.6336977459697901 0.2625193753902443 0.1429173141810178 0.05752587271945053
0 0.777596771901606 0.6718236912063688 0.14312781933291407 0.05835359510157773
0 0.14483611723955941 0.14561850564521656 0.2686058995155358 0.0583209656832511
0 0.1453739607666299 0.9055363467329891 0.26980325238254416 0.05649588958561768
0 0.35044128606932085 0.7889111316227309 0.14283993369654605 0.05707185682032773
0 0.6334433304636102 0.3210124857941566 0.14092814442543053 0.058671471668265716
0 0.6342705174496299 0.9642472889920656 0.1404606491419553 0.05842093603420444
0 0.9204742148195626 0.49713276050708904 0.143545995186726 0.05779342205203765
0 0.3503524969236769 0.4968194942957709 0.14325239340956367 0.057253266868070786
0 0.777176989859472 0.32051994368346803 0.14574061532507745 0.17310892074629292
0 0.6335594484311508 0.8472389979669225 0.14109594386428503 0.05867846156189084
0 0.3503844435370005 0.6713714302167094 0.14301701595908717 0.05738351684332359
0 0.7776590589399309 0.9644083837319535 0.14371450323807566 0.058407729596887184
0 0.633505617501935 0.6715796398140533 0.14146248548761609 0.05746192262883772
0 0.35098764992350767 0.964561804460968 0.14312030804046535 0.05817298814799586
0 0.6336305695052487 0.49706702576278483 0.14192100501281926 0.05732881720767848
0 0.35036175612694714 0.5554306297971491 0.14382504678732103 0.05818470737390351
0 0.3504907590316914 0.14545559650740894 0.14223182607361406 0.058431197792930684
0 0.9195320908868276 0.3210520307455379 0.14204572081196787 0.05927685594465766
0 0.9195573174916553 0.14549643533271656 0.14103986899550117 0.05833226848996406
0 0.6341107725728038 0.1455931263825117 0.1436575780342976 0.05884549027530306
0 0.9206577926966427 0.8472232930144371 0.14341920079092493 0.059111775478192
0 0.9204848912478231 0.6716114958824471 0.14339558037441952 0.05794621815225999
0 0.3503815736563951 0.7304697910479868 0.14370746435395704 0.05908375641523514
0 0.35082421194889796 0.3200704639755076 0.1402911184178965 0.17536431067404445
