0 0.46932418926342107 0.7043887063847812 0.1132076882027291 0.06413058715498793
0 0.35460456641944677 0.7045089815456267 0.11493852976206187 0.0640585131557287
0 0.46959456881961303 0.9606495255226625 0.11424239906104836 0.06334881200614574
0 0.8137432820088154 0.9607974781709558 0.11720482078758446 0.06370451996680201
0 0.4700602454108161 0.5761718482066918 0.11343177589210304 0.0644068797499177
0 0.4694702431962297 0.8323158217271867 0.11429083025133288 0.06387787267133999
0 0.9281779624320364 0.9609424835553392 0.11163154808250633 0.06354568923534899
0 0.3541005237682445 0.8322769446368798 0.11518357251141524 0.0640460810606892
0 0.4694654877121384 0.25562148391415507 0.11353451496845966 0.06382330809903836
0 0.9289433762833881 0.2557977637876221 0.11194971445444468 0.06404037408602667
0 0.3543730039854307 0.9608061056162204 0.11583384952029667 0.06371084318755488
0 0.813543293927167 0.2556423291079929 0.11747159184636297 0.06443076598424467
0 0.35494886862265096 0.5761541914165386 0.11661978025694152 0.0643587053816396
0 0.3549108376374116 0.6403220212700286 0.11585413443075644 0.06393429937856672
0 0.4695344100127349 0.7685188380535283 0.1140013514338313 0.06388832206156717
0 0.8139316971237595 0.7045990606480466 0.11735771797798775 0.06433909267998245
0 0.8136402594076622 0.7685390134146592 0.11673927307128906 0.0642968128395248
0 0.46979776588646144 0.640399561104176 0.11315028731887405 0.06375553442575724
0 0.8133987478307775 0.8323743918990755 0.11748417003734693 0.06359407795009328
0 0.4688273120570827 0.384598113236666 0.11262494164544183 0.06437215562239355
0 0.813788620201317 0.5763141742602474 0.11708259582519531 0.0638490430716363
0 0.9293456721950222 0.6405923925438295 0.11182785034179688 0.0635363115774528
0 0.46953702617335963 0.5127185155049659 0.11320905427674989 0.06416397161709833
0 0.9293372180010822 0.7046203881214333 0.11224499264278927 0.06386088571389377
0 0.9292615942052893 0.7686632271918212 0.11220921696843328 0.06376244709929214
0 0.9286549542401288 0.8324985520896209 0.1120555980785473 0.06400455143286325
0 0.9291192132073479 0.3197834527314599 0.11232840048300254 0.06392837805743799
0 0.8134345492801149 0.6404457259743331 0.1176249529864337 0.06401730504760206
0 0.8137063206853093 0.8970252247208353 0.11722513147302575 0.06424424436868964
0 0.9284665906751477 0.38433647658136244 0.1116592819626267 0.06431342469065518
0 0.35459896036096517 0.25566296665369154 0.11527064039900496 0.06403437238497312
0 0.3542821214005754 0.38435563379677895 0.11585916055215371 0.06468081453371927
0 0.8137321729917784 0.38438298976452756 0.11633068806416279 0.06462074393656717
0 0.8138326438697608 0.31950607500754497 0.11679804002916491 0.06402169915015914
0 0.35466513762602936 0.3196598016137717 0.11548325822160051 0.06399712968647114
0 0.9283948331265836 0.8969574108575915 0.1111396583350929 0.0638763722460766
0 0.35484243083644557 0.7684821580145001 0.1151418685913086 0.06357564415400022
0 0.6984986227911871 0.8324173147789317 0.11435570587983003 0.06406917689242209
0 0.46918161495311844 0.44859734619783664 0.11381358069342536 0.06416453427657211
0 0.9293427338471284 0.1918239509776771 0.11201910070470862 0.0642809110110637
0 0.929291905583562 0.5125242372266654 0.11200775971283784 0.06420528689845807
0 0.583786474691855 0.9604404841315024 0.11348404755463472 0.06419451598853161
0 0.928960181571342 0.44861298009321504 0.11245469789247255 0.06400530164549495
0 0.5860212686899547 0.09902128532751282 0.11423193441854941 0.12215670082420503
0 0.3545991407858359 0.8969567142315765 0.11585887702735695 0.06401687635466967
0 0.354274556443498 0.4487560295660942 0.11539606145910315 0.06409130816505706
0 0.35439754176784205 0.512805486583626 0.1158442110628695 0.06427982588207858
0 0.584715121501201 0.8326297857135507 0.11437477936615816 0.0630760025412917
0 0.6973765862954628 0.7687780901043952 0.1133550179971231 0.06304122482715101
0 0.6989607424349399 0.9604675453728599 0.11885802810256546 0.06364246666483758
0 0.14875490988629894 0.7989775780735568 0.29667335456690275 0.38722685829812337
0 0.8138051161894927 0.44844280239570755 0.11741024739033466 0.06402177953008395
0 0.46919675775476405 0.3199016514109142 0.11451798516350824 0.06394099770563542
0 0.9294843415956238 0.084129820799388 0.11173835960594383 0.15363409228236974
0 0.46999006013612493 0.8971533235276969 0.11523432345003695 0.0640808587748299
0 0.5840553850741 0.8967283548651502 0.11422848057102514 0.0631244984292691
0 0.3549831880105508 0.1919210432285379 0.1148645813400681 0.06431374621035447
0 0.355723677454768 0.0836925619626066 0.11698880066742769 0.15254728620360042
0 0.6985348108652475 0.8968091902762154 0.11600035590094489 0.06388773260878512
0 0.4695623500927074 0.19168266986314408 0.1132992409371041 0.06431946658167115
0 0.1472309832052151 0.08375416304190365 0.2943336181908946 0.1545067166700642
0 0.8124552288570919 0.08392983345319767 0.1150888494543127 0.15331758711817392
0 0.6992359419126768 0.3841357813057302 0.1152216421591269 0.06451740214655124
0 0.6972396695936047 0.6405577755895385 0.11128064748403188 0.06298619137195456
0 0.5838779501012854 0.7688107779404906 0.11694330782503695 0.06274681995582748
0 0.5837987178080791 0.7050560473139815 0.11601716118889886 0.0646286747558165
0 0.4701636288617108 0.09853551595016359 0.11061575606062606 0.12362962275664989
0 0.5844509021655933 0.3199476689178761 0.11607340219858531 0.06246910731555915
0 0.6974287033081055 0.2558642379854519 0.11395083247004328 0.0634312550157073
0 0.8145897066270983 0.1917892000568447 0.11614974769386086 0.06455669453313626
0 0.1495057393771571 0.5130331225307287 0.2931148005095688 0.06264382647881914
0 0.9305683857685811 0.5760661218122394 0.11483372868718328 0.06348690471699407
0 0.5844558251870645 0.25654302635561277 0.11381907076449008 0.0636029331384781
0 0.5837921194128087 0.19157191972339016 0.11659204637682116 0.06478765285046505
0 0.6989366428272143 0.576735123926553 0.11334532660406989 0.06378543575779193
0 0.5843557667087864 0.5765618516019397 0.11675154196249472 0.06500683550880706
0 0.6983286367880333 0.1912463006479265 0.11477640512827281 0.06508149506231481
0 0.1519137296724964 0.19137805004304076 0.2939385920763016 0.06394129243202645
0 0.6987280459017368 0.7048040830429653 0.11468443999419341 0.06463124691341089
0 0.5840169288016654 0.44815654269009964 0.11685505428829708 0.06377828194448255
0 0.584030615316855 0.6408153932486007 0.11614093265017948 0.06207666572925812
0 0.6973933658084355 0.08366250970889016 0.11414935137774491 0.15351276339094716
0 0.698787225259317 0.5127943405673837 0.11385706308725718 0.06339768300043898
0 0.15007940498558253 0.5770737913431464 0.2927498430819125 0.06356047914151668
0 0.1507670669942289 0.3842610400219148 0.2932348025811685 0.06330087877764212
0 0.6984518154247387 0.4486806064033006 0.11437158326844911 0.06397593617962577
0 0.5842516357834274 0.3837265939017573 0.11651925782899598 0.06324129046003896
0 0.5839320260125237 0.5127753709051251 0.11397650435164168 0.06350164103654521
0 0.15080114937311895 0.25529481989966873 0.2917204036100491 0.06377395482519617
0 0.6983364981573982 0.31970496173486884 0.11301447894122148 0.06414612727378731
0 0.15025572941915408 0.4488957432720931 0.29329772051927205 0.0635216556378265
0 0.813386092314849 0.5126233992605904 0.11696490725955448 0.06322534844161545
0 0.15104394869224444 0.3194958667570923 0.29467035225919774 0.06324898013951383
0 0.5277838062595677 0.022336901647150777 0.22578146650984482 0.03259718679774739
