0 0.17187583673877352 0.3153565474382536 0.04646591269677601 0.06517040823388287
0 0.3595367244543756 0.6389670184278112 0.04683252901082468 0.06050458292322835
0 0.3130758425845112 0.31581609831081603 0.04613122758163743 0.06469561359075111
0 0.4534435843901673 0.7018182409091258 0.04647465427824847 0.06499925748569758
0 0.7840949118299769 0.6393598721721979 0.047183585101966956 0.06024476299135704
0 0.9714318465147096 0.7017214617391271 0.04588122458808754 0.06527908205047367
0 0.4537230239577124 0.4451916912409264 0.04611052219484417 0.06488709937869094
0 0.9736545573138412 0.08250374258972527 0.047140511245103885 0.14796142221435787
0 0.8317712269297087 0.3155864355132336 0.046596932476158044 0.06583167248823511
0 0.9719604575341664 0.4450896555983176 0.04596105258536274 0.06460343007966289
0 0.3594721864289744 0.31557065107691007 0.04725098155174983 0.06453608715628076
0 0.21961308824918574 0.08251972367444375 0.044592854762272226 0.146432446682547
0 0.40713567499893566 0.09857195568835643 0.04712105317076805 0.11529304098895216
0 0.4537247701951529 0.38061093908595284 0.04605381105511325 0.06420640119417446
0 0.9717500774996806 0.3156384595735805 0.04578592991634026 0.06491121907872478
0 0.40678975367740977 0.7021961662712998 0.04687100860013624 0.06545269583153912
0 0.4534934560999233 0.6387542664535403 0.04600628845048536 0.060369476558655266
0 0.4066972862472326 0.31548702810692975 0.04682128241016689 0.06521534356545275
0 0.05403974644169821 0.5096517247477854 0.09777017802568483 0.06625234048197588
0 0.17208921552029227 0.4443096851739358 0.045920702027365035 0.0637678611935593
0 0.8786638556124404 0.4449252331350732 0.0459544834064203 0.06411725141870694
0 0.21909638906369744 0.38060350493183287 0.04623078390428091 0.06389194398414431
0 0.9715966164903356 0.38037339157945527 0.04541647596645095 0.06406087199534018
0 0.9718479083734247 0.5749153377502921 0.046219246264049725 0.06636690154789
0 0.7848673724348604 0.3161971325010765 0.048074914584042915 0.06627655029296875
0 0.500385585857672 0.44456062917634254 0.047194478297428476 0.06503635316383181
0 0.9723494942896374 0.9613775418499323 0.0472112754385218 0.0655240036371186
0 0.35961219725232035 0.4465460439366619 0.04781638828870061 0.06088938675527498
0 0.5002596904536358 0.31567502960445376 0.046895206461810286 0.06492494598148375
0 0.17239316997476106 0.7031983503206508 0.04611469029730607 0.06729942982591043
0 0.546930235153323 0.6387242294671966 0.047393008863568634 0.06078699066882997
0 0.4070664907346304 0.5101168324628214 0.0467984150151141 0.064608686552273
0 0.266157228225583 0.08247003983612108 0.04503949656473515 0.1475939221962986
0 0.3602486592222624 0.895798300194928 0.04641407646989952 0.06444561575341412
0 0.26623239958968414 0.4452539428951233 0.04593248913008771 0.06417044692152128
0 0.5947986779485801 0.4448504860945573 0.04835235845165617 0.06420679167499692
0 0.21902029260952405 0.3154596193568913 0.04679513042564288 0.06562063262218565
0 0.40698911578518815 0.38031641141636163 0.04602957161635729 0.06355546966312438
0 0.05324191033677769 0.5755066458634504 0.0961153123943942 0.06681289072111836
0 0.35993234078305947 0.09843000276820867 0.04556465668639305 0.11659622192382812
0 0.4997534894813309 0.70207655899168 0.047069248126702996 0.06627042274775467
0 0.21934173542407293 0.5099748025728963 0.04686554121386453 0.06503259854053887
0 0.1256034289783613 0.31586313623143 0.04666628304879086 0.0641578914612297
0 0.878669385364335 0.7008424593707708 0.04658088372253917 0.0633133415162094
0 0.7844460718638241 0.7672401488296628 0.04741342321078848 0.06287077655942422
0 0.5450165044384366 0.09936565301549717 0.0422674277822718 0.11478865991427205
0 0.35994229849417786 0.8304733817032942 0.047784997591855415 0.06645977590966412
0 0.26610062102855714 0.7011791739876816 0.04588417656090345 0.06427128108467643
0 0.4538384211485652 0.09903302342872919 0.04360446358246764 0.11553261599202794
0 0.9713663626106946 0.6383908789927566 0.04541414764986376 0.060835530438761075
0 0.05157593306793504 0.3153216895156019 0.09631817574721917 0.3162736367052934
0 0.7844533062760771 0.44486406281238466 0.047182420943673364 0.06157080582746371
0 0.21921963392876148 0.575426507183886 0.04650978691246595 0.06477842556210014
0 0.9716381519951678 0.25274792618638886 0.0458717450134111 0.061401141910102416
0 0.4535296905268116 0.5752518721452848 0.046120168077848266 0.0656914297989973
0 0.3597589123801249 0.9629209022822343 0.048674310585458534 0.0667109451894685
0 0.3596007531605235 0.5098147504911648 0.04771396314740506 0.06283536295252522
0 0.7844014596549304 0.9613063842292846 0.04735928985013624 0.06444910004382998
0 0.26626554691824017 0.3161593009167769 0.04639434814453125 0.06431029912993663
0 0.21926712535057796 0.7019471896914985 0.04657641418623339 0.06510576863927166
0 0.17215822308199932 0.8969059140663448 0.04580127185956659 0.06424611009012057
0 0.8321329475423621 0.08196211635597109 0.04705012266902249 0.1494581337988846
0 0.9715291784634708 0.5094342269296721 0.04572181805602862 0.06397739921029158
0 0.17209881982621447 0.7680505166842244 0.045949390213885805 0.061091085118571614
0 0.6907921980772096 0.38052955387145515 0.047442527168128405 0.064608686552273
0 0.4069148591168894 0.44504494554414525 0.046580052180900895 0.0644080394834984
0 0.4533957499574251 0.31572450052096146 0.04566194705807221 0.06532858300396777
0 0.8316036297125128 0.44502665301946204 0.04679492254023331 0.06407108457069698
0 0.45350285252043593 0.8963005486435778 0.04595290347730756 0.06472574068805365
0 0.9716270924913785 0.8305414154773623 0.04595223824399693 0.06561711829478346
0 0.8315965616085873 0.7020248052642102 0.04665505723667405 0.06481681283064715
0 0.4068914304312308 0.7666577617014488 0.04626868141444567 0.06288068876491756
0 0.21932161211642648 0.9605517349843903 0.04713703955876405 0.06488848108006275
0 0.45367666551137814 0.9605163814514641 0.04569051051334724 0.06490019550473672
0 0.7847094626777503 0.5767099876103439 0.048171040797428476 0.06271392341673844
0 0.31335402444532845 0.7001425975889671 0.04749223256955679 0.06407339741864543
0 0.9715717533953508 0.7657704090508889 0.04626065703763624 0.06316327673243725
0 0.9720350468191203 0.1892272318442037 0.046702122493400895 0.06495014701302596
0 0.17175002448890125 0.9613750187430794 0.04622106526138347 0.06483651709368848
0 0.6910124110915681 0.4449246173768531 0.047346691994316244 0.06476391769769624
0 0.40670090345335913 0.6383772422009566 0.0468177899352861 0.06114238829124632
0 0.2190424947712662 0.4450921186311977 0.04668370384611291 0.06445787084384227
0 0.8317956742538744 0.380772102536179 0.04617500824889305 0.06365771556463767
0 0.49998149819854826 0.5752289238877184 0.047165873265071524 0.06621683676411787
0 0.5474146913117869 0.8961330924447126 0.04723742742304581 0.06389209416907603
0 0.5002248904360738 0.9608637291615403 0.046357531638496256 0.06510672982283465
0 0.45375329207334597 0.5098007082000493 0.04604034008057306 0.0645174041507751
0 0.8318792441885219 0.5753001115453524 0.04639303846645095 0.06518620768869955
0 0.7841639713630364 0.7019832641120971 0.04744560387219005 0.0640272606076218
0 0.1258657959566454 0.9636862446942668 0.04757489820267265 0.06465461310439223
0 0.5465863511088109 0.7021537840835692 0.046954536957701805 0.06522123081477608
0 0.7378486820397651 0.31574162160317726 0.046524089428644416 0.06477025550181471
0 0.7848184362094475 0.5112442857637179 0.048101939687287126 0.06788563165139025
0 0.35973819659906126 0.6999428215927966 0.04644970802909996 0.06042600616695374
0 0.4067217543599391 0.5750508946696605 0.04665010956392626 0.06413653516393947
0 0.4536198712174834 0.7658810653085785 0.04623758175717388 0.06534984919029897
0 0.73789961396511 0.8957624059962477 0.046637761170597744 0.06504184993233268
0 0.40700177600663096 0.9604472363089013 0.04643274457967898 0.06458853173443652
0 0.7845942110066844 0.8965055510753723 0.04677438346176771 0.06415317565437377
0 0.17217388724761049 0.08188972557623556 0.043874984865942185 0.14787987367374691
0 0.3129831880574655 0.4455947425421767 0.04573279440565395 0.06234624066690761
0 0.26621080029562966 0.38064453545517807 0.045979263347241145 0.06474937979630598
0 0.8788544865330168 0.08245283881510336 0.043755970468962874 0.148646938519215
0 0.17214999601691555 0.19002829574224517 0.04651368476389539 0.06816661264014057
0 0.1719296166942295 0.25366271762397347 0.0467666397302612 0.05981563958596057
0 0.500089078898001 0.7659869757224255 0.04683504442428048 0.06525180846687377
0 0.17195986402132207 0.6385720921313669 0.04595451458923174 0.06044138510396162
0 0.5004494898325741 0.509826750267209 0.047078894009707085 0.06480017234021285
0 0.6905833563947549 0.31568818580447217 0.0478254520925579 0.06483315295121801
0 0.4071213724827571 0.8307836938092089 0.04616710860332936 0.0643550842765748
0 0.5469812918099136 0.7661283297801582 0.04706097428740207 0.06372977429487574
0 0.21920882388746382 0.8961450471652773 0.047251937824633855 0.06526178074633981
0 0.9259680142519584 0.3167901977779358 0.046548037827826974 0.06404489231860544
0 0.3596120205497222 0.3830755489079032 0.0475617910275992 0.06567722230445681
0 0.8316711508935414 0.6384090814064806 0.04695856993464749 0.06133222204493725
0 0.5471375176952061 0.1890600309597226 0.04717427183561819 0.06510967344749631
0 0.5926288739861845 0.09927215163163314 0.04874230990292915 0.11560992368562956
0 0.7377552999137857 0.575390312615342 0.04663618124148501 0.0663456954355315
0 0.6428587079372978 0.4448910510446143 0.048112375534847575 0.06481765386626476
0 0.26623812683271775 0.5750052684874046 0.046140187442789936 0.06567172553595596
0 0.5002113570959107 0.6385899941752277 0.04682140714141263 0.060615599624753935
0 0.6419940917303516 0.09913761972442386 0.04724902742889987 0.11627625668142723
0 0.21933812861221685 0.6384872076079601 0.04647045499297513 0.0606023833507628
0 0.35951586315352524 0.5750165924312561 0.04709826892987909 0.06696421705831693
0 0.21909090088888475 0.7667004742960292 0.04649105643706361 0.06318562425027682
0 0.8788278772005917 0.38072326239638443 0.046456485093451974 0.06409078883373831
0 0.45355368050307604 0.8310007110355407 0.046045495638730415 0.06459099476731668
0 0.5947646263184924 0.38076920396699676 0.047896673633876875 0.06441653995063361
0 0.6911283072074038 0.960790589099794 0.04872609484098263 0.06497570848840428
0 0.7845858124361377 0.08282231580554031 0.04636343558412807 0.14847961842544435
0 0.8315467938415361 0.8967399296798106 0.046851384217472744 0.06437779223825049
0 0.1721472987037264 0.37990164569043733 0.04574341735008302 0.0630220428226501
0 0.2660215414187564 0.896351191002553 0.045806510571887775 0.06493672048013041
0 0.8316768053766818 0.7668873043510857 0.04657190307284571 0.06341006061223549
0 0.31292591562712874 0.962081518698865 0.046841863065714404 0.06400947871170645
0 0.8788004363265284 0.3163123693991834 0.0462963301739186 0.06490497138556534
0 0.8787473839700062 0.7646442923958847 0.046243277817396115 0.06710935577632875
0 0.7379318362035935 0.44493742815152865 0.04656184141902249 0.06390711266224779
0 0.9257213790020435 0.44484498932605654 0.04669039775630109 0.06339375052865096
0 0.3129906199608576 0.10005892262761122 0.04682159423828124 0.1137854226727733
0 0.1251061670786678 0.2526825807225985 0.046720790603180344 0.06102162458765225
0 0.8318918420443417 0.960712763268178 0.04664457981203167 0.06439641516978346
0 0.8785644863866656 0.5750907537505382 0.04614241181667234 0.0659803856076218
0 0.6902352730649693 0.09924120227182943 0.04715955354862057 0.1160866331866407
0 0.878587520090046 0.8965030580055057 0.046213924397564714 0.06479770930733268
0 0.6429416750042575 0.9607355613408127 0.04712429618315736 0.06484450693205586
0 0.5006164633935414 0.38037190474863125 0.046895372770137944 0.064483642578125
0 0.4066660202816332 0.8963863342765748 0.04690036201996764 0.0643878846656619
0 0.9256565187542575 0.9617618050162249 0.04702783735311648 0.06348611426165723
0 0.3130715705393446 0.5751062828724778 0.04667058627676899 0.0665038101316437
0 0.3133698964963492 0.6379940603661725 0.047265284067928306 0.05870548758919783
0 0.6423914023251234 0.2526486990020031 0.04765756383578848 0.06174431447907695
0 0.1719237023543272 0.8310305978369524 0.04685122830341557 0.06450418787678396
0 0.26615923431978566 0.6387276837206263 0.04575576574341153 0.060110858106237695
0 0.7380296670773374 0.9610223845234067 0.04667102283612909 0.06469846710445375
0 0.12536174140119422 0.831753257691391 0.0467027461496296 0.06489881380336492
0 0.594414152306497 0.7016901631993571 0.048733329253235695 0.06496165117879552
0 0.2660672658145915 0.7655741473821205 0.04603233649230458 0.06541184553011196
0 0.8787738685711853 0.6388584347221795 0.046212760239271115 0.059895733210045515
0 0.2663751129233545 0.9609539001945435 0.045976061911933756 0.06484120286355807
0 0.21924529738257303 0.8310177420067975 0.045815886203859416 0.0647087998277559
0 0.05293184470090943 0.08426374314840207 0.096910171352875 0.15043324255567836
0 0.9258888514879938 0.18915495534581464 0.04721110913019414 0.06503192270834615
0 0.9255297086544192 0.08239716713822733 0.045134583351072885 0.14887140116353673
0 0.5467857547936713 0.31613208740714965 0.046520638530845544 0.06456266988919476
0 0.547136602999404 0.9608979713259721 0.047732153120742506 0.06508678526390256
0 0.8786039430374021 0.8306358217254399 0.04600911569205552 0.06474009836752584
0 0.125767783183168 0.4447226336621863 0.04642887791106097 0.06577457217719611
0 0.5469910832127044 0.5100916464497725 0.0472400467792064 0.0643042616956816
0 0.8315460454540617 0.2526409119132936 0.04640767359928474 0.06089302123062254
0 0.5471078108701783 0.8308954013614205 0.04675638058529888 0.06463424802765133
0 0.7380275882232417 0.18908822818065255 0.04682585588917745 0.06496280760276975
0 0.6906338933378214 0.25282013510155865 0.04786923275981352 0.061794025691475456
0 0.7844876073686564 0.3817565647635873 0.04782761410081744 0.063082807646023
0 0.5468126967427517 0.5755011190579631 0.047216139957105746 0.06594025619386688
0 0.31324422976626365 0.8959822166623093 0.047564888520201805 0.06670061246616633
0 0.9724573452401226 0.8960329791692299 0.046257829796066074 0.06549781138502707
0 0.5946797467057645 0.8308959720641609 0.04789563420682902 0.06466182198111467
0 0.8786545007690097 0.9605146693432424 0.04566834992868699 0.06463725172628568
0 0.4067844525994657 0.2527325322308878 0.04626884772277333 0.06072984530231145
0 0.2661561056443716 0.5095143355722501 0.045784765758046665 0.06574567659633367
0 0.642346062517296 0.3159709089384304 0.0477136513192907 0.06452326136311208
0 0.2661243095709777 0.8308919771449773 0.04619111936813478 0.06421697421336738
0 0.6425326812494678 0.38042422917884167 0.04760160108353202 0.06449505663293553
0 0.35947871403083487 0.2529931931983767 0.04718836646638709 0.061358098908672186
0 0.7377197515087491 0.7016094838540384 0.0464794356426686 0.06486685444989543
0 0.054015161231038354 0.6392182778185747 0.09780128320491281 0.059937784990926425
0 0.9262601764065694 0.38101481640432766 0.04617559032803984 0.06361533337690699
0 0.6906199650153801 0.8960521127295307 0.04764080827177707 0.06485363817590428
0 0.925381652665723 0.7650948171540509 0.046096427564075275 0.06335431196558194
0 0.2191116166699485 0.25270320862296997 0.0460058311025843 0.06055396372877706
0 0.7380837172838257 0.7661221421609713 0.04612253797151737 0.06462776003860113
0 0.8316651222166638 0.5092433869369387 0.04619463263155654 0.06494456013356607
0 0.690704823839567 0.8310538765013686 0.04753511932955126 0.06483873983067791
0 0.45368105189352015 0.2526244666632705 0.04584247474774353 0.06132852749561699
0 0.5472904382024864 0.38059917960579936 0.04668141710660763 0.06460352019062192
0 0.3131370440490889 0.25290595828078866 0.046673392729798195 0.062035748339074805
0 0.6426520906287253 0.8964687557671014 0.048219187058285075 0.06438704363004429
0 0.7382358062494678 0.5098549850343719 0.046761494566374316 0.06446255661371186
0 0.6903091763280718 0.18918020894208293 0.04823344799738164 0.06502965491587721
0 0.9258177131008387 0.5748014074610913 0.04786528293703167 0.06970803568682332
0 0.6424598797790361 0.7010012649175689 0.04753166843175238 0.06391894723486713
0 0.05268635250889325 0.8331585108556703 0.09733354040967047 0.1964125089234993
0 0.3129572023812692 0.381144966666154 0.046385097243805344 0.06493107352669783
0 0.6905088294754236 0.701084707665631 0.048556751386346214 0.06416849451740896
0 0.6424945966424345 0.638536948857345 0.04792897902652418 0.05988005390317421
0 0.8785858154296875 0.2527541588610552 0.04600296228393222 0.061691869900921195
0 0.5947809245346027 0.8956144137645332 0.04831735054868443 0.06489689143623893
0 0.6908067708444208 0.5753128472275622 0.047487887764496764 0.06603409173920399
0 0.5004813378773203 0.09906142527662862 0.0440380293926686 0.11646288774144932
0 0.9257650349380533 0.6393713763379675 0.04608387128533719 0.05933338075172243
0 0.8317041630965812 0.831025912067083 0.04621567063500511 0.06412055548720473
0 0.4539687653003661 0.18925564683328464 0.04650305142519585 0.06551538302203802
0 0.5469177828172896 0.25269073576439083 0.04707390475987738 0.06172950624480961
0 0.6910357358345219 0.6389151145154097 0.048100650797747786 0.06019243856114665
0 0.12555561533416001 0.7026470815102885 0.04778547572829743 0.07011143241341658
0 0.5005598146194333 0.18945734519658125 0.046209558803963734 0.0640619833638349
0 0.8785657752762048 0.5091048713744155 0.045938102036146115 0.06541947492464321
0 0.12551854936563353 0.7690067441444697 0.04719138080482587 0.06007265105960876
0 0.31301700061933224 0.8325252683143916 0.046685221409602774 0.059975391297828494
0 0.7380549875202231 0.38064740398737384 0.046740290254598096 0.06449727936992496
0 0.5942398196020309 0.3162095377764364 0.04827307095644585 0.06486397089920645
0 0.31308881463406846 0.5093894868385135 0.046471120226285766 0.06429095531073142
0 0.17196777925829146 0.510249971404789 0.04642326500500255 0.06415125328724779
0 0.5002181549488036 0.8308869609682579 0.0469627276428389 0.06513460414616142
0 0.26621051965032677 0.2529094951359306 0.04601088271803687 0.061747047844834216
0 0.9257401718430688 0.7005136745182547 0.04618265843196526 0.06338747279850517
0 0.3131592358165606 0.7667187968576988 0.046662603477041466 0.06944304939330094
0 0.7843103642684562 0.2531902133010504 0.0469228136442013 0.06042729775736651
0 0.5002601270129959 0.25257171420600466 0.04642077038008771 0.06174749839962937
0 0.1258480321483976 0.3796215207557978 0.046455476849215555 0.06312386820635457
0 0.05308099257523747 0.9619257468876876 0.09685607859484181 0.06457032932071236
0 0.21914045037625596 0.18892532258521855 0.04650525501053729 0.06574797442578893
0 0.7380062176031378 0.6388149111289677 0.045636585038104555 0.06002363069789616
0 0.8787027717611121 0.18936207538514627 0.04630622551941417 0.06508776146595872
0 0.7843478667963428 0.8311499347836953 0.047373010287167915 0.06480786180871678
0 0.8316185143078382 0.18915735079547552 0.04655826578997786 0.06509093036801797
0 0.12478759827990622 0.08156323737985506 0.046143960562973645 0.14917176680302058
0 0.35967027004148394 0.7636641554945097 0.04735615078045172 0.06579836147038017
0 0.7378522160917277 0.8307361452598272 0.04705336568141179 0.06526862917922613
0 0.17199769396872872 0.5754340164304719 0.046441600498126706 0.0658772986704909
0 0.5945070562960342 0.25258614697794274 0.04781684563660167 0.06132214463601901
0 0.5942994411374958 0.6381970803568682 0.04758147777588556 0.060855354849747786
0 0.12556516247159455 0.6382669463871032 0.04734285650850967 0.05845011313130537
0 0.12567807543180293 0.8970864063172829 0.046769841165568586 0.06489388773760457
0 0.5945525624121892 0.766285273033803 0.04764109931135048 0.06450334684116633
0 0.7845795758738504 0.18989653099240283 0.047108995817012944 0.06453930111381952
0 0.925889766183796 0.2533846352044053 0.04746589348816417 0.06279873284767931
0 0.7373983190884706 0.10062390237342654 0.04541115409996595 0.11307874439269539
0 0.5944691795744104 0.5752351115069051 0.048760395933561816 0.06514271413247416
0 0.594009607299472 0.1901817697239673 0.04775169434924217 0.06314758240707277
0 0.547100742766253 0.4449363918754998 0.04676419707669874 0.06427323348878876
0 0.594649520167213 0.9606770793284017 0.04839572334809264 0.0650149367925689
0 0.5946460276923322 0.5092670711006706 0.04848345099093154 0.06472105491818406
0 0.5002827241570164 0.8958751948799675 0.04759029211725136 0.06501607819804996
0 0.9259150034725178 0.8971407732625646 0.0474586590759111 0.06484642929918184
0 0.40677272786236585 0.18903507773331768 0.047158763584064206 0.06556622062142439
0 0.6421218996801558 0.18929454473059948 0.04767643983097751 0.06449439581923598
0 0.12528865928545957 0.5105672220545491 0.046707818553623125 0.06326179804764395
0 0.9257448700533252 0.509735452847218 0.04703290975711001 0.06173456747700849
0 0.6427253286585171 0.765665219524714 0.04739093000947293 0.06439839761088213
0 0.6910867093369485 0.7657410028412586 0.04792319981213811 0.06558203509473425
0 0.6908013034581489 0.5094863861564576 0.048375600040446186 0.06429912537101685
0 0.26623031034131794 0.1892752684946135 0.04635925708739569 0.06525644918126385
0 0.6426640648283165 0.5091885393998754 0.04673347161316417 0.06406748013233575
0 0.737774051177729 0.2526506363876223 0.04660017548854734 0.06124705217016025
0 0.359781415975711 0.18926822482131597 0.046408671449250684 0.06523416173739696
0 0.12538191148305786 0.5754520085852916 0.04717796180163807 0.0652849092258243
0 0.3133431520384079 0.1893576749666469 0.046661855089567016 0.06398537403016578
0 0.6424877780010004 0.8308009951133428 0.04786045999552964 0.06523336575725885
0 0.12527547415335757 0.18935431082417645 0.04766254269134771 0.06528492424431748
0 0.9255102505800834 0.8303042133962076 0.04739022319908038 0.06793783593365527
0 0.6426355221615825 0.5749425812969058 0.047809029145201805 0.06654454028512549
0 0.525081365425371 0.0234375 0.47221276112624894 0.032986111111111105
0 0.05316899409627612 0.7022569444444444 0.09672551468362096 0.06076388888888886
