0 0.12212613364994127 0.9162650450372495 0.21128193164031778 0.1397814529354562
0 0.6033958076630663 0.15095935441270658 0.1502963072501573 0.2754305394892954
0 0.45319724883009116 0.35991931062207444 0.15101725943136535 0.13446820737943369
0 0.6037814249128303 0.6353243735269152 0.15068760814282717 0.1434799387485166
0 0.3019733044925152 0.3593726178261801 0.15243473949048342 0.13480818221337684
0 0.3021976035713349 0.498575669300707 0.1529971129142198 0.13242629811733583
0 0.12078456750652135 0.15238651997932404 0.2085241279346031 0.27742856766101176
0 0.4532335396581048 0.6352528439292425 0.1501227513255689 0.14392637099897812
0 0.6039754880354709 0.4996922167041633 0.151736265860948 0.132526961056995
0 0.4532782791444919 0.49943737239274294 0.1510408644708211 0.13228735943886802
0 0.9055417464083473 0.6351104285646592 0.15148434222944632 0.1424535437475277
0 0.7547814285995177 0.49956515670325685 0.15323879574769295 0.1325191707047732
0 0.3020887310872942 0.6348465867183379 0.15256190460000263 0.14471017056879615
0 0.9044771642492921 0.1505652163099136 0.1513830607369442 0.2755230277902466
0 0.12092125255789533 0.775482467458218 0.20997013661685407 0.14074494567098497
0 0.754630786460518 0.6353015497263977 0.1523556293257131 0.14317250955959915
0 0.9057285385643875 0.4997442382297435 0.15273167142932048 0.13257151414573445
0 0.4536262486605036 0.21107592361385813 0.1497381581556077 0.16256919893031385
0 0.30244699260532454 0.9162753141379055 0.1517945360017303 0.13826310684912316
0 0.7548421053278367 0.35966689677178104 0.15214292795066064 0.13694695581363725
0 0.7537664119029205 0.15142873721786693 0.1524256763842282 0.27292790895775904
0 0.905688138616165 0.35970274204946273 0.15188506465630244 0.1364544574721453
0 0.12084376651968733 0.4986355294658162 0.21047257897037788 0.1353902696054193
0 0.12264883038181587 0.3590403367698444 0.21309479611031962 0.13636515814543776
0 0.604075361418244 0.3600502497033228 0.15035094190763948 0.13646669025662578
0 0.755153195169948 0.7754937988796314 0.15342809689925022 0.14146384709998022
0 0.4539739877585597 0.7757907336271262 0.15113354369297924 0.14127726494511472
0 0.302024559686648 0.21113741347558387 0.1541596483064178 0.16200339240866873
0 0.6043287443634648 0.7754728743798622 0.15175531374528103 0.14110265804242483
0 0.6041477638603056 0.9159952477563784 0.15031376781079592 0.1384625656192313
0 0.7550830969074428 0.9161544027207773 0.15181732177734375 0.1383853059277756
0 0.4538692243947278 0.9159792807534778 0.1495580993242712 0.1378591674289623
0 0.9058048581116952 0.7748465558144614 0.1527221986911441 0.1418058500008241
0 0.9062322322154206 0.9173416266461466 0.15146908344038382 0.14190100818746704
0 0.3030126686864251 0.7760125011331421 0.15280924547438654 0.14059152080036919
0 0.1206390001629823 0.635238196779404 0.20946580931644312 0.14617211708036656
0 0.37906315182679456 0.07004548477221138 0.30753748848934304 0.11720796275239455
