0 0.8169924761797931 0.9441909423241249 0.11260780128272804 0.10612333737886867
0 0.15461449083444234 0.5219169751316588 0.2931453271492107 0.31824669713189213
0 0.702384227030986 0.9445350353534405 0.11572997634475296 0.10574913024902344
0 0.47341552940574855 0.46885439065786505 0.11419028204840583 0.20953904665433443
0 0.8173608522157412 0.0796968567256744 0.11672891152871621 0.14152948730267012
0 0.9312634339203706 0.9449349183302658 0.11590421521985853 0.10778045654296875
0 0.7024441280880489 0.415145232127263 0.11641620945286107 0.10461128675020656
0 0.4725087526682261 0.9445787209730883 0.11276928154197899 0.10671534905066857
0 0.7021634900892103 0.07975052297115326 0.11607659829629434 0.14144522639421317
0 0.15261817230163394 0.2019676841222323 0.2992908453216424 0.1068957310456496
0 0.8171216088372307 0.4151585468879113 0.11215880110457137 0.10574476535503681
0 0.7024350295195708 0.838344537294828 0.11537495174923458 0.10659327873816857
0 0.15232203457806562 0.07839371263980865 0.29712499154580607 0.14160609933046195
0 0.15275478483857335 0.8377210543705867 0.30026451075399246 0.1050718014056866
0 0.47288870167087865 0.07967892002600889 0.11606853072707718 0.13723324010005364
0 0.35847877811741186 0.9443641075721154 0.11245954358899915 0.10618400573730469
0 0.817121273762471 0.8381906289320726 0.11229659415580132 0.10687043116642879
0 0.15304608985378937 0.9451522827148438 0.3011842728466601 0.10624885559082031
0 0.9310706370585673 0.8381196902348446 0.11448700363571579 0.10712851010836086
0 0.3579375679428513 0.4683066148024339 0.11409174429403769 0.20974848820612985
0 0.9309981062605575 0.41536664962768555 0.11449184933224239 0.10623300992525539
0 0.5863831494305586 0.9443429800180289 0.11467547030062289 0.10573651240422176
0 0.7021506025984481 0.3099489762232854 0.1156565691973712 0.10598318393413837
0 0.9310298610377956 0.07957869653518385 0.1137394260715794 0.14232537608880264
0 0.70196803840431 0.20419520139694214 0.11526731542638831 0.10624703077169566
0 0.35711466299520955 0.07809028430626944 0.11398645349451013 0.13953113212035254
0 0.7029127172521643 0.5213565276219295 0.11585318075644004 0.10723007642305812
0 0.8177566270570498 0.5213444599738488 0.11321882299474768 0.10729712706345779
0 0.7025230768564584 0.7322827852689303 0.11530216320140943 0.10537793086125301
0 0.9314725721204603 0.5215511138622577 0.11524159199482685 0.10818697856022762
0 0.7028343097583668 0.6262748975020188 0.11561471062737542 0.10371065139770508
0 0.8170312159770244 0.30986921603863055 0.11376834560084986 0.10578360924353966
0 0.15236762911081314 0.3070975175270667 0.2953120852644379 0.11001929870018592
0 0.5865354795713683 0.838213297036978 0.11457628817171664 0.10568963564359227
0 0.15215616733641238 0.7309664946336014 0.29681389798989166 0.1057880108173077
0 0.5870709548125395 0.7323218492361215 0.11477645667823586 0.10450458526611328
0 0.8168177218050571 0.204648861518273 0.11301855138830237 0.10689478654127854
0 0.5868013227308119 0.6267603360689603 0.1148685764622044 0.10419170673076923
0 0.9319609564703865 0.6268444978273832 0.11574719403241134 0.10450594241802509
0 0.9317948624894428 0.7323565116295448 0.11577585581186656 0.10532393822303185
0 0.931631294456688 0.20501043246342582 0.11615474804027662 0.10747528076171875
0 0.5872388014922271 0.07801736117555545 0.10980250384356523 0.14267989706534606
0 0.47218955529702683 0.837981810936561 0.11267772880760399 0.10700944753793569
0 0.5870979927681588 0.30990576744079584 0.11481723269900761 0.1041410519526555
0 0.5867741301253036 0.20369080855296212 0.1145809792183541 0.1045137827212994
0 0.3565530390352816 0.8385190230149488 0.11216264157681852 0.10375257638784556
0 0.47196598310728327 0.7325594608600323 0.11322910721237595 0.10565779759333684
0 0.35723056019963445 0.7323959057147686 0.11220352069751635 0.104156494140625
0 0.9316906800141206 0.30980931795560396 0.11582565307617188 0.10549207834097056
0 0.4721965532045107 0.309875332392179 0.11343419874036634 0.10477229265066294
0 0.47221741805205475 0.2042446732521057 0.11261097160545555 0.10600217489095835
0 0.8164243698120117 0.7323386118962215 0.11296952737344278 0.10504150390625
0 0.3565180237228806 0.2013817016895001 0.11308097839355469 0.10717234244713417
0 0.3581266789822965 0.30974344106820906 0.11229842417948956 0.10456884824312648
0 0.8172802280735325 0.6266240890209491 0.11331362337679476 0.10358388607318585
0 0.3571303728464488 0.6248583426842323 0.1141902562734243 0.10532012352576622
0 0.4711200482136494 0.6258917038257306 0.1130278561566327 0.10524511337280273
0 0.5876888068946633 0.4675971728104812 0.10996174167942357 0.21356791716355544
