0 0.39998377621446024 0.9057010915827624 0.16889629625294306 0.05870015353442513
0 0.400052057553644 0.1919594984003567 0.16880119010193706 0.058870254353405954
0 0.5659397072988014 0.48984262395032585 0.16393945423979736 0.059350569617939504
0 0.8963365946730523 0.6679193833295036 0.16561443729487726 0.05894315179019051
0 0.5644024713942994 0.6681045695422168 0.1655508938445348 0.058561845259232956
0 0.4002247292157178 0.25139546521844713 0.1674878542826056 0.059369377911409595
0 0.39977835737951267 0.8460459173681901 0.16706346485712756 0.05938002642463235
0 0.8943319102944848 0.48964768680021725 0.1664232227900257 0.059435920919326535
0 0.5640993858581264 0.9057422984730114 0.16499488865403827 0.058444099630264035
0 0.40033545994867475 0.7273286217674214 0.1678785559249251 0.0596383650672627
0 0.8946679171906214 0.6087791116479884 0.16509069155340325 0.05872344970703125
0 0.5646769205729166 0.13205249806776403 0.16519387998537385 0.05900035184972427
0 0.729289224703018 0.13232471343667748 0.1625750816031678 0.05905272743918679
0 0.3999579791064676 0.9646107066761362 0.16898621162867436 0.05874601149941511
0 0.895045728988299 0.7273805995675968 0.164619619987871 0.05914453516669452
0 0.7295366400453054 0.3102077137340199 0.1610444648080765 0.05915555087002841
0 0.5652480452028039 0.8459599132843834 0.16438425839219467 0.059434696952289444
0 0.564605016142266 0.7272948810760989 0.16459147135416663 0.05943673689735127
0 0.8946859978105379 0.5492181012974703 0.16484731735159816 0.05989429657472009
0 0.8952482040614298 0.7865734814322569 0.1661251538420377 0.05951702913498495
0 0.8956392192405108 0.2513122660591003 0.16508351504530533 0.059513581627830464
0 0.5650985055862496 0.6085261992592225 0.16448267409790596 0.059263055974786934
0 0.7295424578941032 0.4898894814883961 0.16174197959028966 0.059542854839467745
0 0.40053438160517446 0.37202184340533084 0.1659523950864191 0.06280346222739806
0 0.7303046309240332 0.6680228697424905 0.1631241889849101 0.058906391980176304
0 0.7305285310092038 0.9646905909247577 0.16101352918093606 0.058745195521390375
0 0.7296499313284818 0.6086452708524817 0.16138545345498 0.05925681374289773
0 0.7303943372752569 0.25109332895533926 0.1625395474368579 0.059886177593373995
0 0.39838101112679253 0.5496022433520638 0.16286280383802437 0.17839066612529245
0 0.7293590040511737 0.5491151044712985 0.1614731740733804 0.059700297799339906
0 0.8955401067864405 0.9056726955475017 0.16400710850545808 0.05878256731492313
0 0.7295013497409211 0.8461111140123664 0.16179117002443635 0.05932290796290108
0 0.729998166158319 0.9056284287396599 0.16339585117009134 0.05914804387220087
0 0.8971504664312215 0.9647624785887366 0.17051466850385275 0.059112548828125
0 0.7299114558250391 0.7273716646082261 0.162814832713506 0.05967908237069686
0 0.5647192480357269 0.1912074369542739 0.16454541628763553 0.059428169128091575
0 0.8951130348797801 0.13244569747843207 0.1655701240992437 0.05838304407456343
0 0.5667928756644192 0.051703387403233166 0.1615744116099458 0.09907343935838994
0 0.5650573451769406 0.3100748113132416 0.1633523740724886 0.057951452897831726
0 0.8953884246686822 0.31055732971844185 0.16699351132188217 0.059683223459172374
0 0.39971293270860087 0.13207147975656439 0.16826173268496722 0.05921625963506852
0 0.5654966798547196 0.9645887568672711 0.16440481246878566 0.058939398291276736
0 0.4005177293193939 0.31043809492957786 0.16734247773749644 0.0593008969556839
0 0.7295678892092073 0.37107707344911955 0.16139764655126285 0.061500814509264284
0 0.5645687155527611 0.3719089834447851 0.16372569184325056 0.06321032926998037
0 0.8950350687384061 0.8461134395497367 0.16673815304830197 0.05919994007457386
0 0.39918782830782673 0.05084864121866737 0.16483805059842324 0.1010317846256144
0 0.5645094222674087 0.5484225635222573 0.16300093420019976 0.058541486607515875
0 0.40005329428198133 0.786553857160762 0.16691359428510275 0.05937480416527406
0 0.5641187032063802 0.4319310723779036 0.16444943920118077 0.056616961637282755
0 0.8941415238053831 0.4299871271306818 0.16426699564337185 0.06014117072610294
0 0.5658078476718572 0.25155754905333494 0.1656234253487086 0.05910257349677264
0 0.56474622961593 0.7860211459073153 0.1644380822029288 0.05851386575137868
0 0.3996903928991867 0.6680748475426658 0.167149025555615 0.058594525179123495
0 0.7295986854866758 0.786657119179792 0.1612854700654609 0.059336371600309155
0 0.7296917710674407 0.4307049022001379 0.16300546306453337 0.05950650301846591
0 0.8952152130266302 0.19149737944577466 0.16757682904805227 0.059359412779782544
0 0.8974112245045841 0.06455448349529408 0.1702583347825699 0.07732280435409138
0 0.7294579074807364 0.06415519867351348 0.16094719873715754 0.07668464069060463
0 0.7295351071989156 0.19129768412380932 0.1615822151915668 0.05938973656312667
0 0.16324273445834853 0.9647120919457095 0.30923776702793765 0.05929622548149231
0 0.3984780507544949 0.4312855929614388 0.1657714147001641 0.0561132584026153
0 0.15981525841113733 0.580540764140573 0.3063958677475983 0.2355350351588612
0 0.1640330961305801 0.13222401664856284 0.30227131821793507 0.05986871566364472
0 0.16303590715747987 0.2508365508706812 0.3046673715931095 0.05948689914642171
0 0.1636901799946615 0.7279438283991685 0.30373381588556997 0.05996010520241477
0 0.8925552368164062 0.3705436890138024 0.16217702926566066 0.060328784473439596
0 0.8174864538184039 0.012963203275028399 0.3368348422115796 0.025537587562824954
0 0.16267153171643817 0.36994764766591115 0.3022710667353242 0.0598045389919995
0 0.16245970225225304 0.05182356861504642 0.30836479413454937 0.10250997591146174
0 0.16245363781985628 0.8459364539161723 0.3025277205253845 0.06011807854800301
0 0.1632009292846401 0.19148047340107474 0.30170738098283884 0.0586710435183928
0 0.16332763896140876 0.7871253273703835 0.30124849053822694 0.05769478701015207
0 0.1626338343642074 0.9054136633235502 0.3043033488809246 0.059056164746615986
0 0.16312469358313575 0.31124753493038726 0.3028837240994249 0.05849456787109375
0 0.16238660627304147 0.42948795257405165 0.3033375598524259 0.059912125694560496
