0 0.9301755338101774 0.5664033701407621 0.12394887563344595 0.056369561039799745
0 0.9307472022804053 0.3382533756415166 0.12313545845650338 0.055965711011795906
0 0.9313377586570947 0.737039137688883 0.12281279692778718 0.05681221103179865
0 0.42729438575538425 0.5665358436657028 0.12475519953547297 0.05656833830068124
0 0.553333736110378 0.9661330786079233 0.12903570226720862 0.056141895888579006
0 0.930646700472445 0.45261459518019614 0.12356740590688345 0.05668183600893837
0 0.42824803945180534 0.45250004822089884 0.125386212323163 0.05733830996822421
0 0.9320310850401182 0.9665541184933935 0.12564037426097974 0.05582595970304499
0 0.12324191460738307 0.595960271913779 0.22776890252087562 0.4578247785511776
0 0.9306780016100085 0.3959252358180551 0.12379727750211149 0.0581010931499177
0 0.9305547353383657 0.16710256536074947 0.12421074944573479 0.05733155680993393
0 0.42846547719594597 0.8514199804544623 0.12481442013302364 0.05821226911119239
0 0.5534145045924831 0.7946511235826627 0.12632932920713683 0.056643303938825905
0 0.9309522886533995 0.8513840380252148 0.12278203190983952 0.05777765593567118
0 0.4286031155972867 0.7370541843952886 0.1252259537980363 0.05776189484557882
0 0.9306304931640625 0.6805473054161714 0.12296769425675676 0.05594767282370153
0 0.9307395316459037 0.5095401253243302 0.12358216981630067 0.0578733387007361
0 0.5545959678856103 0.053972279144711276 0.1280798422323691 0.056430484573598665
0 0.6803556287610852 0.8516511728751371 0.12373566498627535 0.05796402077999269
0 0.6797878368480785 0.45249681116981755 0.12381402093010979 0.05709037417988752
0 0.4279910113360431 0.33816837514501985 0.12509971824852195 0.05673342790582708
0 0.42766342163085935 0.96525858367719 0.12380078289959882 0.0581260965789594
0 0.9308257231841216 0.2812806961740468 0.12358497413429054 0.057993131915234086
0 0.4278923447067673 0.680502968978603 0.12434449066986909 0.05650783893219642
0 0.553630272117821 0.5665410006229425 0.12712427087732264 0.05622262124519934
0 0.8063312015017948 0.851433910936357 0.12719355402766047 0.05802420760561448
0 0.42822170773067986 0.509604352882681 0.12492197397592905 0.05805894451239027
0 0.5533836364746094 0.11006557740865176 0.12882504849820522 0.056692590832099835
0 0.5534112878747889 0.16693407685196823 0.12892934438344594 0.057564635650031996
0 0.42836625382706933 0.6226771144685557 0.12478703679265203 0.057980942743576264
0 0.6801578831028294 0.9655887628874816 0.12457423854518583 0.057718272791697146
0 0.6799904488228462 0.5665386565514701 0.12330949113175675 0.05665477872679683
0 0.5542441496977936 0.8515544631835225 0.12810714309279983 0.05818030044120336
0 0.4279604525179477 0.794776319323793 0.12472748627533785 0.057094794428950255
0 0.3035214810758024 0.5666124613161233 0.1238712620090794 0.056051749597087606
0 0.6800469063423776 0.22355098208111396 0.12398162016997466 0.056622207295571964
0 0.6803190901472762 0.7369439014136225 0.12354893040012667 0.05748864308533742
0 0.8062025327940244 0.6228189419548967 0.12778526512352195 0.05802161796474945
0 0.9303250287030194 0.9099560886207252 0.12312877758129223 0.0589849643665417
0 0.9308477040883656 0.11011067008832642 0.12446429278399491 0.0568655442389242
0 0.6804833283295503 0.3382829667532976 0.12322045403557855 0.05659389984197834
0 0.9309760016364019 0.6228107265424971 0.1244655299831081 0.0578346280347019
0 0.6799774169921875 0.1670482889439123 0.12359371700802364 0.05806327546349213
0 0.5535281413310283 0.9095731789645437 0.1289457166517103 0.05854418963172092
0 0.42777279003246405 0.3955081138806179 0.1250962953309755 0.05808245220058751
0 0.30335161363756336 0.6232022311274118 0.12397601153399491 0.05812453386464429
0 0.5535903105864654 0.45242159996228054 0.1278053077491554 0.05666839666582845
0 0.9308626741976351 0.22384182553964546 0.12422699799408782 0.05598033355288725
0 0.8063709980732686 0.4524047226476774 0.12763803842905405 0.05693405809939649
0 0.5526988467654665 0.2809856780358449 0.12714014826594172 0.05715703510767191
0 0.42828843400285055 0.22340299303547342 0.12453101905616554 0.056972791089920906
0 0.9300389057881122 0.7946069657410159 0.12138053275443413 0.05665910967789868
0 0.5536867296373522 0.7377014606646054 0.12822768752639357 0.05836278082422732
0 0.5532566173656567 0.6805163190237519 0.1270559362463049 0.05631370516527981
0 0.30107321868071685 0.9659940416828593 0.1280446026776288 0.05706755855088698
0 0.8071055644267314 0.9659826115438689 0.1298313450168919 0.056642500257178124
0 0.30356038067791913 0.7372539439337394 0.12374595435889992 0.05746578280735644
0 0.42782856709248307 0.16701302183049388 0.12524859454180742 0.05824141373316913
0 0.6802196399585622 0.6227237503286165 0.1239736608556799 0.05806644554110278
0 0.30373948586953653 0.7946247360352275 0.12300429473052153 0.05679895028461046
0 0.5534524247453019 0.39535090482051827 0.12710377461201436 0.05771606266716578
0 0.4275906537030194 0.2812293498465504 0.12420745024809966 0.057678311954210866
0 0.3025206591631915 0.8515270933585177 0.12525537851694468 0.058462928487335405
0 0.3032090676797403 0.6805826004352027 0.1229872007627745 0.05585252584640179
0 0.6795416136045713 0.6805250925484065 0.1240816270982897 0.05642662243679133
0 0.6802539722339528 0.7949152669508962 0.12340021906672298 0.05724838692163496
0 0.8060895765149916 0.22353836874414207 0.12695972339527026 0.056680206321152615
0 0.6802704269821579 0.3956268690063209 0.12376585264463684 0.058105959888784746
0 0.6799690452781885 0.2812761531402878 0.12367347511085304 0.05785661765756447
0 0.6801753276103252 0.11039695376973128 0.12320432920713681 0.0559925562112804
0 0.8058777267868453 0.566424556081977 0.12697696170291384 0.05655918525969276
0 0.30295448303222655 0.5096485553733083 0.12367609384897593 0.058015902895254205
0 0.42838031665698906 0.10980657146372932 0.12463139714421452 0.056411408296709264
0 0.6798941534918707 0.5095258599750823 0.12371273556271115 0.057934731048829555
0 0.3035012013203389 0.45256503481191707 0.12376261530695735 0.057297724045011884
0 0.3015810786066828 0.16711790228552773 0.12533218796188766 0.0579256114945764
0 0.8054353043839738 0.6806708714695158 0.12557628734691723 0.05647189650294897
0 0.30246696472167967 0.3957493634841349 0.1252827618573163 0.058297905855660206
0 0.42812982507654135 0.9093542203645072 0.12355189967799833 0.05844953379320592
0 0.8067155167863176 0.7369288547072169 0.1280520877322635 0.05747033700336046
0 0.8054658632020694 0.5094720579536622 0.12577003272804055 0.05793294508961229
0 0.5539698420344172 0.22375730501968838 0.12826892749683277 0.056679581235426574
0 0.8058320328995988 0.7946805919097476 0.12822999696473816 0.05673403066706291
0 0.5537239074707031 0.509429105634487 0.1279077065957559 0.05766871242341807
0 0.5539095904376056 0.6230366503834811 0.12799352697423985 0.05774327622073885
0 0.8053574020798142 0.1671120142012333 0.1278412690033784 0.057351860933785206
0 0.8059662690033782 0.3382219539215378 0.12648529877533785 0.05646562332119834
0 0.30109856064255175 0.9098363400552074 0.1256575919486381 0.058945673263761884
0 0.3021065995499895 0.11015577113968489 0.12584034687763937 0.05653385812554293
0 0.5527395506162901 0.33856234658610324 0.12586641053895692 0.057657907370153624
0 0.805372207229202 0.1102009531173204 0.1271645210884713 0.05666080075803252
0 0.8054373251425253 0.39565452904969833 0.12770039326435811 0.0582136978785662
0 0.30170607695708407 0.2810817179927533 0.1258024885847762 0.05755101771100037
0 0.3019486813931852 0.33818053082994237 0.1256251773318729 0.056683354074273044
0 0.30227805472709035 0.22377462882409588 0.12509839856946792 0.05659206923378064
0 0.6793921599516998 0.054714124745143616 0.12469841209617821 0.0563137665576279
0 0.679979623330606 0.9095312982208987 0.12340520910314613 0.058785294126051574
0 0.8052080309068836 0.28116437441777725 0.12729937579180745 0.05718875820826856
0 0.8051685230152026 0.909759097319061 0.12725467166385135 0.05917856234569312
0 0.806246907002217 0.054639933487753325 0.128432897619299 0.05596377715283096
0 0.1250997134157129 0.04201294425071027 0.23846919021090943 0.08368226772429041
0 0.6801360052985115 0.013384106739995771 0.3683782216664907 0.026768213479991542
0 0.12462508710655007 0.8508860232974809 0.23596187346690412 0.05592150852116862
0 0.12513492622890987 0.9094680306156273 0.23696992332870895 0.057364474270757124
0 0.12509083586770134 0.22363256693060762 0.23770173626977045 0.055448541871456654
0 0.124684029012113 0.28094117416459974 0.23711397454545305 0.056742625595795994
0 0.12511266179986902 0.1670939927565066 0.23676824956326872 0.05762253421540668
0 0.12475488314757477 0.3378536221574673 0.23599834313263768 0.05591983418440243
0 0.12476482133607605 0.11008825350958848 0.23022070704279718 0.05617188326006138
0 0.12452089464342274 0.9667195876148729 0.2396154867636191 0.057879634206976956
0 0.9305651278109164 0.042443703192380895 0.12524521286423143 0.07987409572838516
0 0.4298243960818729 0.04276009223368714 0.12275691676784206 0.08097862063661142
0 0.30237066939070417 0.04245328903198242 0.13002395629882812 0.08106186412596406
