0 0.1443509067838452 0.6031578026092517 0.283374350417666 0.4837750700343154
0 0.49614734752387935 0.7774149037166361 0.14055692443299764 0.13470345656498675
0 0.49673590668656026 0.22915186995852846 0.14308793840117257 0.25956772619596524
0 0.9167002707024237 0.7778931878289747 0.1384406646235413 0.13519667567245525
0 0.6350448581003842 0.9156075232225008 0.14001952467529735 0.13864313828850297
0 0.7761621115665676 0.9153319341118202 0.14089576817072486 0.1381497572840683
0 0.4964190471108127 0.9160506352189366 0.1390228271484375 0.13713636322426226
0 0.6366527564221696 0.2293596040032587 0.1415947138514082 0.2603627617226355
0 0.14452033378919538 0.18807313233534917 0.28216062264125696 0.34489182515232886
0 0.35583263239697877 0.9172014798030297 0.13977231585572822 0.13734828635299237
0 0.7773831434266999 0.2291937152650059 0.1387260067184695 0.2507558463422942
0 0.6357458035864564 0.6211801827428194 0.14142952444737433 0.17511848429469912
0 0.7762297762146544 0.6214929676814801 0.14087834520870737 0.17618732806542192
0 0.9152922159465467 0.915923991317142 0.13962405631101324 0.13790739752569628
0 0.3553823611466633 0.7781372879797331 0.14097491115385155 0.13452261765376325
0 0.9164030119589458 0.6214431236530173 0.1385063568608337 0.1755073203332228
0 0.4959589001092277 0.4445024282925958 0.1405467884330818 0.17868976947167192
0 0.6354271770593722 0.7773721224433231 0.1408731402357776 0.135119288922621
0 0.915597939619684 0.1851973527306271 0.1400590824695635 0.3437609014839962
0 0.7763735978350819 0.777680333792689 0.14137824176671904 0.13630996016039457
0 0.14247376529275835 0.9157223486457643 0.2849475305855167 0.1392791505201426
0 0.3556788528414988 0.22869809299944566 0.13960496227873934 0.2592908419095553
0 0.4966287116388016 0.6206743963833512 0.1406901991345938 0.17419878810406997
0 0.9163652622079078 0.4456508848964377 0.1389022635386277 0.1747789054081358
0 0.636148695885814 0.44449283589734956 0.14349611785724303 0.17637852838248094
0 0.3546873602875687 0.4444383778053506 0.13977869879621577 0.18086708129559018
0 0.3547701878436378 0.6206206061163378 0.14181003536313397 0.17189070400571949
0 0.7762281051443981 0.4457419317027935 0.14108495523942438 0.17073459777022545
0 0.5658555593517163 0.055564690861586385 0.5580650344569914 0.0934606509120143
