0 0.6705506919086843 0.969747420242394 0.12490888954936594 0.04888934772587585
0 0.7966111224630604 0.7612003075541641 0.12604080421337183 0.054073322017132754
0 0.9247236666472061 0.7614092226034304 0.13215653792671536 0.053437010818415794
0 0.7976643106211786 0.5006367050949313 0.12839684970137002 0.05372875661445529
0 0.6705651490584664 0.8659572308240819 0.12873116092405457 0.05428962730965734
0 0.7980403900146484 0.9690669176398279 0.12605235887610394 0.050055880742931776
0 0.6699928615404211 0.44865598485157693 0.12420322584069293 0.05223390172432007
0 0.7978447623874831 0.7093664918417717 0.1267727838046309 0.05301317849185618
0 0.6707856827887936 0.6573453691010103 0.12532148499419724 0.05158727419618162
0 0.9323745948680934 0.055549607880656236 0.13525081026381341 0.10655851003650367
0 0.42447652678558795 0.9695244749851145 0.12482991425887398 0.050882762681507376
0 0.670285349306853 0.6057714311052262 0.12639347021130548 0.05240271438758067
0 0.9247227267942566 0.4484111689759239 0.1303667261980582 0.05237390369305086
0 0.7979053552599921 0.9187956694525008 0.12716884889464447 0.051397453734826376
0 0.6711824389471523 0.8136022716632414 0.12554920583531476 0.04880103994602797
0 0.6706069725147192 0.7622301773418293 0.12119083128113678 0.05235675982924862
0 0.7973629771799281 0.44819615791381756 0.12716801961263022 0.05293920103142287
0 0.6705561651699784 0.3965478860753111 0.12514495849609375 0.052090711071949916
0 0.926933095075082 0.9694200362174438 0.13769149780273438 0.05085410204267824
0 0.9250327953393908 0.39609006613254844 0.1331108203832654 0.05262183322449293
0 0.7978546584861865 0.6570595880190727 0.12799625120301178 0.051525301191802396
0 0.924344601838485 0.5005265266967098 0.1284469383350317 0.05354193726711356
0 0.6698053885197294 0.500663846419791 0.12358380746150362 0.05290011152139675
0 0.7982610619586447 0.5534139022405117 0.12736422773720563 0.051796526870774434
0 0.9250473630601082 0.7093840483587509 0.130661950595137 0.05286792457360172
0 0.6711708566416865 0.7102444677464276 0.12511438563250113 0.05262378394860172
0 0.5472490061884341 0.5006235001932717 0.12410415428272191 0.05255014411349493
0 0.7987859974736753 0.13473232670217183 0.12550309775532156 0.05385293708524604
0 0.6700438900270324 0.9195017565520321 0.1269431736158288 0.0522232102556469
0 0.7980748328609744 0.6056454593445086 0.12884316928144815 0.052359948512887985
0 0.6708502009295035 0.13489826017167572 0.12644731825676517 0.05426898527233309
0 0.9240704412045686 0.6570093943871964 0.13100521806357562 0.05155576249903964
0 0.7994228860606317 0.8655904571777044 0.12689883467079938 0.054957900372618315
0 0.924770991007487 0.13488154771801292 0.12917178610096808 0.05333500107739994
0 0.4234505528989046 0.7615577402331745 0.12403720358143681 0.052508841281883836
0 0.9236118206079457 0.8145301786022973 0.1323260431704314 0.051734853977796556
0 0.6708632759425952 0.1873897559524095 0.126697706139606 0.051071889135247
0 0.5480160920516305 0.9693320285489974 0.1239013671875 0.05051062454383067
0 0.6700621342313462 0.23982950596261332 0.1259930375693501 0.05272259562749692
0 0.6700126813805621 0.5533037050853276 0.1260042605192765 0.05173376607396665
0 0.9264833201532778 0.8660428751152426 0.13227523582569067 0.05372234173325138
0 0.6701553455297499 0.3448777623753937 0.12581313865772192 0.05400658474425707
0 0.7974853239197662 0.8139697580741972 0.1241377125615659 0.05044444997983252
0 0.4239570645318515 0.6054762715419963 0.12338419928066972 0.05206463889395744
0 0.7991019539211108 0.1873257103036647 0.12579345703125 0.05219612520167485
0 0.9261569700379303 0.343801825487621 0.13379392762115036 0.05247609162521128
0 0.6102365410846212 0.013196790037927411 0.2506927821947181 0.02620887720628831
0 0.18771168632783752 0.1351845852055283 0.3391856905342876 0.05369746062238303
0 0.9235900934191718 0.18719930713280772 0.12811428567637567 0.051263716591598806
0 0.5466609623121178 0.553116791953173 0.12498733962791553 0.05200082770724493
0 0.548368343408557 0.6571050173824523 0.1250289142995641 0.05165412401083282
0 0.9245447075885275 0.605532354860124 0.13009759654169498 0.05221416939968116
0 0.42412509088930883 0.5008422814048575 0.12370416392450748 0.05267694118056623
0 0.9232892575471296 0.5534865291996389 0.1293307318203691 0.0514069822718193
0 0.5470296887383944 0.7615468611948755 0.12507308738819067 0.05369833282114321
0 0.5471282350844231 0.4484219917433351 0.12376862677974977 0.05304671594095729
0 0.423838104026905 0.5531270707686694 0.12342541459677876 0.051032443242931776
0 0.42330128213633655 0.8660093001522164 0.12481230583743773 0.05249676179797941
0 0.7968238332997197 0.39602936860162485 0.12500049756920856 0.05192797566456669
0 0.9241556084674337 0.23982610157390424 0.12894566853841147 0.05292368902336547
0 0.4236634019492328 0.7095463711129573 0.12550525388855865 0.053329270825330365
0 0.7981186189513276 0.23957290133597592 0.1277446470398834 0.053191463421221954
0 0.42366063767585205 0.6568751320490166 0.12441789931145268 0.05117559638137677
0 0.9237935439400051 0.918681627119987 0.13082924442014832 0.051309220982828835
0 0.18609253047169116 0.9715849648389482 0.3430901368459065 0.05129751663817608
0 0.18712766706079673 0.5273172276549054 0.34096960917763086 0.2096580500681853
0 0.6703568610592164 0.29200592697509314 0.12366363967674365 0.051423844781182775
0 0.18841733448747275 0.05568974605717392 0.34345414673072705 0.1096909879978698
0 0.5467271113741226 0.39623370695202065 0.12376105267068613 0.05251679423401967
0 0.5469347912332286 0.7095416068444607 0.12338184964829597 0.053101111132452375
0 0.18697160741557248 0.8138612678026084 0.3387683405392412 0.26131697586143976
0 0.5462261421093042 0.8137701089644476 0.12442243271979732 0.05035816795194377
0 0.18835369659506757 0.6576832945389328 0.34052866956462036 0.05012513144879379
0 0.5464736551478289 0.8648420168566571 0.1239870043768399 0.055096776923594035
0 0.5465477653171705 0.6053400772366703 0.12457452304121377 0.05342193022049785
0 0.4239447496939397 0.918436398591157 0.12330997854039288 0.05130119300284266
0 0.67071765402089 0.06777436409395168 0.12653162859488223 0.08139311937591234
0 0.42310030564017914 0.34443234078489937 0.12523902671924536 0.053309388444990786
0 0.42404512046039966 0.13489538566715964 0.12464573072350543 0.05299108278993162
0 0.5466023320737092 0.18713971626267673 0.12356390469316123 0.051549197562135066
0 0.5461853690769362 0.23949742331853585 0.12422401317651721 0.052626991389203674
0 0.42331442625626275 0.23940357285624422 0.12519148121709409 0.052916430078845264
0 0.42249777697134705 0.05676494834609169 0.12314851733221524 0.10588753230746129
0 0.7977380337922471 0.34444717754230375 0.12605899313221808 0.05338700475616549
0 0.18795564900273865 0.3966784157779367 0.3360968603604082 0.05047404846679087
0 0.4231131733327672 0.2918485748159717 0.12479588605355525 0.05143866278162454
0 0.7979021210601366 0.29184400749558237 0.1271508811176687 0.051248973619007376
0 0.54799533235854 0.9186146647635602 0.12388572140016416 0.051842443915181315
0 0.5496775862099468 0.06764226349570962 0.11987050374348956 0.08395229121549921
0 0.4238433423249618 0.8140924286095 0.12445275679878566 0.050614763200099874
0 0.9257170635720959 0.29180045382846115 0.13228850433791894 0.051693438604409954
0 0.4239342178123585 0.3959265804466618 0.12324015299479169 0.051745282848993546
0 0.4239598288052324 0.18699188326206687 0.12290609055671138 0.05088679542846305
0 0.5471084152442821 0.1356351743392147 0.12330483699190443 0.05211041526114494
0 0.4240382512410482 0.4485608495373483 0.1231343642525051 0.05240188908122695
0 0.18644514982251154 0.18758192103408786 0.3384570868118949 0.05124077682635794
0 0.5465066882147306 0.3442977408213929 0.12365324600883153 0.053286279867086665
0 0.18768153501593546 0.3440473916417774 0.3337677008863808 0.05299318356974109
0 0.5466616810231969 0.2916182955863217 0.1249937527421592 0.051857205644735324
0 0.18660000441730887 0.23955628266712606 0.3366546699966209 0.05233220696522549
0 0.7975417703822039 0.05657750327820124 0.11978398198666779 0.10645749485412109
0 0.18692933562873065 0.2917353015189238 0.3349957276081693 0.0512241206435829
