0 0.16487563975224862 0.9433170105359555 0.2957422043263891 0.108543632933812
0 0.16462055334273815 0.12600528046211099 0.2991702002231451 0.23688260442721915
0 0.16443060370376977 0.3001509838222717 0.29547330636178815 0.10468650012282849
0 0.5167371309720553 0.5135629784246409 0.1354833591009128 0.10725270146908966
0 0.5176716445637344 0.15462512982970947 0.1326828161544958 0.18089050650682043
0 0.517389341104551 0.301124750457195 0.13345806415264422 0.10885290773758977
0 0.517061213693599 0.7265118427158141 0.13555124643686656 0.10192491993400621
0 0.517349845902092 0.8371183265069998 0.133253196668724 0.10494459637944002
0 0.16445019545466782 0.5675061634295342 0.2985578285593808 0.4267297139933117
0 0.16449076078870684 0.8349741586246843 0.2946850950091251 0.10696003599936915
0 0.6528247032244835 0.5143125545904502 0.1317023834418854 0.10832546068274457
0 0.6516175851063136 0.15404881733217357 0.13276788230653902 0.18065543467299072
0 0.6533752251067925 0.7268175634538164 0.13144453845747792 0.10341141979146448
0 0.6522326241411934 0.3012734051816952 0.13140786660684123 0.10952775374702785
0 0.6522059767756789 0.8366614395046826 0.13115078297573415 0.10634286063058036
0 0.517614146528026 0.9413486267468943 0.13463089718888058 0.10317708838800466
0 0.7854781121077508 0.30135056394967974 0.13374718806847713 0.10929387252523291
0 0.7861241838292621 0.7267335216451136 0.1340667026702183 0.10468448615222244
0 0.7857298662657548 0.5144382737438131 0.13335737517866425 0.10809449379488548
0 0.6534380050310226 0.941468280294667 0.1312778655307952 0.10401101438155086
0 0.5170702230409873 0.622411787139703 0.13486666292757601 0.10006391631890528
0 0.7857558791701859 0.8364852052297651 0.13383766221900986 0.10675977623980978
0 0.7864115629771146 0.9414386630798718 0.13420457106370193 0.10452005137567935
0 0.37881614066459035 0.30044663470724353 0.13380013384591022 0.1097822722440921
0 0.37854348101387897 0.8371887680906687 0.13254155339421453 0.10455521293308424
0 0.3781893565600231 0.5134893855693177 0.1323396678773876 0.10740756396181095
0 0.5173319382380052 0.40704165630459044 0.1361773326342418 0.10350965416949728
0 0.6522421727805028 0.6218978218410326 0.1312315498716866 0.1018467304869468
0 0.7861257065358629 0.6215187451854256 0.13420564964754417 0.10254811352084142
0 0.65368030571888 0.4068036997540398 0.13268205480119544 0.10392254183751454
0 0.37835366611916904 0.7261979713203003 0.13280964492512345 0.10280419580684687
0 0.37906140745801387 0.156337588629011 0.1361458950875454 0.1811881660889674
0 0.7865324595366099 0.4069542736740586 0.1349477153310161 0.10397433642274845
0 0.9195720014354047 0.30087597769980107 0.1328803238898454 0.10923563323405959
0 0.3794764877604843 0.9414379522667169 0.13558677625755264 0.10335725582904697
0 0.9203239964348363 0.5139705113002232 0.1334902313295868 0.107632749569342
0 0.37867851019401316 0.6224644110069513 0.13324996091719724 0.10009694543684491
0 0.920448953545267 0.9427907718634754 0.14140570436346803 0.10896396044618595
0 0.7878721241148 0.12741327878110897 0.13649592726741164 0.23635296199632727
0 0.9194316269206406 0.8371817547342052 0.131973869339592 0.10458952151470303
0 0.9196576219586474 0.7268953501067545 0.13279257792197247 0.10289740710525037
0 0.9206668274814028 0.4070931547176764 0.139342056242691 0.10808883098341664
0 0.37964652333091053 0.407173204125825 0.13647216669982784 0.10762725261427601
0 0.9209927184170348 0.6217075608531881 0.14197741724597193 0.10545292256041343
0 0.9189356686915279 0.12722920223792886 0.13765737172719594 0.23192469007480215
0 0.515444531069531 0.03689236111111111 0.4009658697158697 0.052951388888888895
