0 0.14228705267360023 0.5222548724113777 0.2785281194505681 0.16617092746920348
0 0.14001571119956258 0.06978781604582292 0.27265007465890384 0.12498491021143215
0 0.13955241333096668 0.8288396180136621 0.2728778101363272 0.08257056532727645
0 0.8457183597972557 0.2848306291558769 0.10338438981733981 0.06225000160017263
0 0.44252847875439144 0.16199216235443 0.1020097312687328 0.06326668271411225
0 0.4424556636210507 0.8999334613928635 0.1017080582912613 0.061529895339565786
0 0.33569693415419855 0.6956003882018814 0.11076225424712559 0.06277951587005501
0 0.644635518391927 0.9000734193494704 0.09739195625737027 0.061621448073940786
0 0.3364214147411802 0.16199779153316654 0.11079272384163719 0.06303197167785873
0 0.336269126748139 0.22358513592780752 0.11090382989847435 0.06184978699416257
0 0.4424505053826098 0.40865781691190456 0.1015061912296703 0.06213398908407948
0 0.4426483898042883 0.9618098798316069 0.10124237732317462 0.06257897994937968
0 0.33617643440294565 0.6337936058473052 0.11109981896742335 0.062232714020804075
0 0.33618048901827835 0.2848521457629257 0.11097741276962952 0.0618444149860282
0 0.4424460549024666 0.3468356186084533 0.10150060113870872 0.06234026848153675
0 0.3359461010627027 0.40860128224119263 0.11027332521834463 0.06183101354020365
0 0.6445872228850358 0.9618995180737212 0.09789957490357214 0.06225660231229518
0 0.4424298964206528 0.6336276450853668 0.10248088236874754 0.06202937779801615
0 0.6449827278185191 0.4087513127130516 0.0986140988907724 0.061786694473095156
0 0.5442058395289775 0.1619901049896126 0.1017937330329943 0.0628809839598695
0 0.9460556222207892 0.3468638645129257 0.09814942557856723 0.062103128611818235
0 0.7453371923674578 0.3470523277025544 0.10233206119177476 0.06251645891853932
0 0.33643904871910624 0.9615143336606831 0.11147289156164013 0.06264818741587663
0 0.4427606354719438 0.7569603794969422 0.10167084699906644 0.06288409858160697
0 0.3361785216901288 0.8998944857593778 0.11071105573162343 0.06199657425898291
0 0.7450898608321662 0.962154802758149 0.10085930014556309 0.0622034537211786
0 0.33629314254664777 0.757112224450272 0.11094687119969782 0.06269527821058637
0 0.3359942406228503 0.34672074907281425 0.11083706070042258 0.06265533104371489
0 0.7445106266429589 0.161890629971965 0.1018548161728577 0.06242960669128189
0 0.6444515492181359 0.6949379453051848 0.09810480081810141 0.06164505062031835
0 0.9462949165008354 0.22364148486419558 0.09775106562008648 0.061586501446556065
0 0.44206880773388363 0.6953099282939783 0.10284011169049725 0.0625724649607912
0 0.5435504073616844 0.3468443195471603 0.10303147034075275 0.06212890282105864
0 0.33511984723169097 0.8293219862805771 0.11154129220254766 0.08041999045382725
0 0.44299005712353207 0.28495335668213806 0.10178224095758402 0.06208741263057409
0 0.8458748343605664 0.1619125966275676 0.10341845818285672 0.06265121631408005
0 0.644577554186935 0.2849577857313978 0.09797889181652909 0.061704457029421234
0 0.7451815335255749 0.40907603346006705 0.10192007388708726 0.0625872379831607
0 0.946262575545401 0.16160050581457014 0.09735875159689465 0.06221765525332104
0 0.5443419210565915 0.2849680296937178 0.10206743156385122 0.06236409962400515
0 0.9459439163687844 0.9620089584522034 0.0973640297943691 0.06239890337883311
0 0.6449369034677181 0.3468074155657479 0.09874279094192218 0.06239164545294944
0 0.44254019875196543 0.22360747405205772 0.1011435070877555 0.06227230400628365
0 0.6449861346550708 0.1615012593930134 0.09822370421211675 0.0620090470331885
0 0.543950710656508 0.22370999939879227 0.10217337938224745 0.06169789917906572
0 0.7449950692038866 0.6952830111042839 0.10158975469241352 0.06218373730834504
0 0.9456616767547414 0.7571553148133924 0.09767016524788719 0.0624742257907596
0 0.5442604448810313 0.4089990823009934 0.10247874709795106 0.06183304233050971
0 0.8450555861371118 0.9000581605604079 0.10007241686934945 0.06140633915247542
0 0.9461896404530266 0.28497057282522825 0.09783302163178066 0.0619783437207397
0 0.6446369339085224 0.6330897013346355 0.09804026285807294 0.06182695595959153
0 0.6450326307764594 0.22327264507165118 0.0984989382186026 0.06161021829097905
0 0.7443012501458702 0.2852030407623405 0.10021555198813385 0.06163753552383251
0 0.5443469593359989 0.6337179405412423 0.10213029009741058 0.06237592947170529
0 0.9461420886921432 0.4087606708655197 0.09809453232483295 0.0621861375672987
0 0.3351414398577229 0.5626648749305068 0.11180966455231672 0.0804471933886353
0 0.8461169116901902 0.40875321291805655 0.10212683527724548 0.06149257702773876
0 0.5421898799872249 0.8293831357348723 0.10058305848319575 0.08023242736130617
0 0.745329778899187 0.7560816275493036 0.10166523291629816 0.0618981064928605
0 0.7451158439588247 0.6335382354393434 0.10169877346206761 0.06130398525280898
0 0.33527917681999925 0.4813657181986262 0.11127886982084072 0.0810017389304629
0 0.6449352000494423 0.7565936542182379 0.09887191484559259 0.06204686539896419
0 0.8470313594026385 0.22369569071223225 0.10317810826331565 0.06199877449635709
0 0.9463609899364926 0.6950028951694902 0.09850066562868515 0.06185221582762757
0 0.7443068642286385 0.08651142620415278 0.09879063060448605 0.09084252918257697
0 0.1424582522828345 0.6953722207287276 0.27033969722039625 0.05782440985633192
0 0.7445277567929441 0.5627507984861453 0.09983096332670009 0.08085609464609668
0 0.9456440187850089 0.9001973755797197 0.09690991287711281 0.06204297926542018
0 0.5437554893253734 0.695185486297036 0.10194492939883058 0.06237707245215941
0 0.5443795402095003 0.7568529964832778 0.10249659700213738 0.06183289945795295
0 0.542405110485149 0.481924764225992 0.0997619149070116 0.08079551668202832
0 0.6435624848371782 0.8293012411853347 0.09834073624520931 0.08020945345417838
0 0.6435633245504127 0.08679113316625245 0.09826976848098468 0.0896604766559958
0 0.1421349641486967 0.22322001082173906 0.2755238438902297 0.05768636639198563
0 0.5421396891276042 0.5625402900610077 0.10029640437671974 0.080671560451779
0 0.744473511317991 0.8292136888825492 0.09942420623587363 0.08055863398291198
0 0.8452095895443321 0.08620908644315456 0.09948322608036066 0.09040823947177844
0 0.7444365879274764 0.4816131591796875 0.09963960467644456 0.08164583699087079
0 0.14221773588181866 0.16031879610783153 0.2756893873564737 0.060036477078212774
0 0.6435164685519237 0.5627299390928575 0.097956675403523 0.0803403818651978
0 0.1395566381190202 0.7577129749769577 0.27619791476898586 0.05908391716774928
0 0.4429275104834599 0.5620253487919153 0.10084420929914749 0.08174716220812851
0 0.5433594085885294 0.9619777836603172 0.10037898417538817 0.06228409099221676
0 0.9459418050897946 0.6331241050463045 0.09758168346477004 0.061889134096295643
0 0.8462555843329279 0.34678931361280585 0.10315541201417551 0.06287801221068878
0 0.9462281712945902 0.5621776509374269 0.09690991287711281 0.0813178587495611
0 0.14171266709566496 0.2859370899289137 0.2775946112532208 0.06012291206390806
0 0.8461145365013267 0.7567272686333246 0.1028336818863011 0.06210755766107795
0 0.8464344912355051 0.694996637351504 0.10297321823408019 0.06185398744733146
0 0.8450805616078886 0.5625630639465561 0.0996984805700914 0.08031009288316363
0 0.14091219772832017 0.9005431567119853 0.2730783110494767 0.06281489305587463
0 0.14116791586122612 0.3470806869346893 0.27650510878434315 0.05992837776099948
0 0.44124586477219685 0.8293117280310013 0.10132051863760319 0.08019213730029845
0 0.33522044487719266 0.06976645582177665 0.11216551102932143 0.1217771942695875
0 0.6437128894733932 0.4817028688580802 0.0978874350493809 0.08093276006005677
0 0.4413720736713529 0.4816116590178414 0.10016370569385073 0.08112272341153147
0 0.8450305386909149 0.8293907651294038 0.09942674936738402 0.08074694001272822
0 0.14184029005024437 0.6332964950732968 0.27201913422427054 0.05932628617304539
0 0.7455353646908166 0.22412177953827248 0.10271698573850235 0.06244587987549743
0 0.9469430791506978 0.8288859106628189 0.09891956257370282 0.08160097500804658
0 0.14341539868267475 0.961667153058547 0.2722539900200767 0.06310263838519987
0 0.7446980506369154 0.8999201170960616 0.10357646822179638 0.06280540437734082
0 0.8461971642836085 0.9628848243741953 0.10269683262087265 0.0646018839061037
0 0.9469977804699785 0.4798515262675196 0.09905833118366746 0.08219369609704179
0 0.5441586476451945 0.9008869642622015 0.10333395903965212 0.06457176637113764
0 0.8449733422237372 0.4814550849828827 0.100548414314318 0.08236934361832865
0 0.5426493710691824 0.07012502977464083 0.09848876569256093 0.12056190690744235
0 0.14222411097386356 0.4096719548943339 0.2727867760715089 0.06052650137340529
0 0.4424142417667797 0.07022651617000167 0.1001469834045794 0.1227349333102337
0 0.8459433789523143 0.6338606416509392 0.10353491441258844 0.0640373658598139
0 0.7448735587002097 0.02473958333333333 0.3002817085953879 0.03038194444444444
0 0.9453043107966457 0.07074652777777779 0.09766443920335434 0.12239583333333334
