0 0.6929711788748772 0.33654381792013743 0.19118676669355752 0.18579497347867516
0 0.4988374940439123 0.3359984677885279 0.1937975307593599 0.18675093829763384
0 0.8877430791440217 0.33621269714490204 0.1973145710673309 0.18687300861013384
0 0.6945476624124868 0.894028552057464 0.19277198533505058 0.18474466016487306
0 0.8886938049021551 0.5204641245321986 0.19439085439783363 0.18166710051479718
0 0.2127303351526675 0.3360244633083049 0.3856407547918495 0.19007642800707955
0 0.6948135486547496 0.7076077155982685 0.19235181578115565 0.1823955476941915
0 0.21252234316102547 0.7077934147243206 0.38555710557578265 0.1859807904982409
0 0.6941261844358582 0.519780038997827 0.19383446145172856 0.1844703388003587
0 0.8888650424238566 0.1611388629635438 0.19437581675064164 0.16429491022038406
0 0.4991662030058782 0.8935884387287873 0.19285638781561368 0.1850364971371413
0 0.6955494350857205 0.1611699447463417 0.19076858741649683 0.1654035302976899
0 0.888793060745018 0.7065858819889971 0.1939784248094052 0.18362676018384383
0 0.501212207591476 0.16053323135207556 0.19288255627028608 0.16716594569730442
0 0.8887758116791215 0.8942750842365997 0.19644179781853865 0.1851245467499655
0 0.5006384365800498 0.70638357671944 0.1931909386086579 0.1844237203366446
0 0.21093206129212308 0.8941209468883657 0.3896862205099944 0.18060605889124587
0 0.21389885916226153 0.5220980949486065 0.38621105894374386 0.18892752203193985
0 0.4991537269186858 0.5195358310051048 0.19274607487922704 0.1862359120619481
0 0.21213653813237732 0.12197446217863238 0.3871938963443185 0.23882178070792562
0 0.6930956681566236 0.03781612994556395 0.5763716494973132 0.07531374461011381
