0 0.28336645441198416 0.880391218029398 0.1330396540330832 0.21593596342210974
0 0.1114471733651415 0.8810507594444517 0.21901413184396243 0.21832443517516173
0 0.11226827499811191 0.4464119734469558 0.21896442157021975 0.21613613631769094
0 0.2835971265014815 0.4446147734016329 0.13135011264441934 0.21918814886790483
0 0.11345629168402448 0.6097880826768572 0.2169506439245414 0.10603192413788606
0 0.5417788767066528 0.8260018121022017 0.12787002625927268 0.10522990791944908
0 0.6706499253256096 0.8797415604376435 0.12962643153670703 0.21678857055052692
0 0.5420812005723482 0.11985581466471014 0.13032587943916268 0.21292080982698622
0 0.11180624321082767 0.2804812525269981 0.21881283419194034 0.11189501830850897
0 0.5426334105279566 0.5011259916429727 0.12691144956247868 0.11117324446994992
0 0.541876757779193 0.39100178255262685 0.12666472764164818 0.10332003738326899
0 0.5415935230125022 0.9335555393429152 0.12741013926340808 0.10906727684161104
0 0.7995086711555678 0.3916192412973445 0.12755032028052524 0.10487459975610394
0 0.6710738407150622 0.7184453082204065 0.1283174647478257 0.10852463456346514
0 0.11261889928034513 0.1201230313423679 0.21905941950185237 0.2193343985657859
0 0.28356619258531934 0.11964242764824817 0.1304957453583305 0.21423356162884796
0 0.7981330902807383 0.9355787681617801 0.12833786531164734 0.10769719552118114
0 0.4128676618755594 0.39304536588765904 0.12833293170590676 0.10551944475072002
0 0.283850926168944 0.6079094175106298 0.12981357548441763 0.10912826105031824
0 0.8003510062723823 0.14627656634144473 0.12929527626193724 0.15690649729937264
0 0.11392996418524895 0.7173006443030049 0.2182663459569663 0.10671227762416527
0 0.5423340218454233 0.7186719483644616 0.12710954320056703 0.10927901482940318
0 0.9263229890539735 0.7185432293976288 0.1274638885040075 0.10908322342250104
0 0.6707819044833944 0.5016680225506052 0.12807215837632163 0.11067986846567196
0 0.542125915277541 0.2817469168585011 0.12945098668784105 0.1139028609694543
0 0.670943110571389 0.28376880830436796 0.12860240650046897 0.10994762490707168
0 0.7981906281974767 0.8266979717792394 0.1276435800008527 0.10611152910470223
0 0.7991527854013899 0.28390867204618375 0.12755698168912005 0.10883449751865087
0 0.414016931801831 0.5012135195214681 0.12690695311167718 0.10990240896285476
0 0.7988494831413071 0.5014752879962698 0.1277662331866047 0.11026912937578254
0 0.9276300823216874 0.2811592369525381 0.12846851218771316 0.1150625289382043
0 0.9265224982413881 0.935933210216898 0.12818948243519782 0.11061577645685518
0 0.41284617883284125 0.2819190940793249 0.12720548830123424 0.1133617980651346
0 0.927220738763536 0.3918714443709894 0.12686427846286663 0.10397912027043771
0 0.9260861759784277 0.5009578902255712 0.12694629705619032 0.10979985155923937
0 0.9275053474457495 0.8265066513036049 0.12883105935048603 0.1060290710754904
0 0.7987142565468324 0.7186578358951117 0.12705346246695942 0.10928135841637103
0 0.41294548586315855 0.827077604311053 0.12768475583272934 0.10637415752131267
0 0.28522634050855855 0.2813404700990909 0.12922770459850358 0.1147138184816491
0 0.670850683527136 0.1464215280217599 0.1305530334722459 0.15770960252153654
0 0.41354699024236863 0.7186474425963846 0.12737246067104366 0.1093579835207116
0 0.9285652191869884 0.14805404650349052 0.12983551649897682 0.15721881210505464
0 0.2840517155958231 0.7174528246132877 0.12999474498129476 0.10438499386999166
0 0.41296749973687435 0.11944838636904606 0.12770542701627516 0.21561787243876512
0 0.4125977707429602 0.6091078310856636 0.12796284882466108 0.10649198044918615
0 0.542201688800307 0.6087273803099567 0.12633494628240108 0.10698744530271806
0 0.670663872649855 0.39199122204406434 0.13001254343238403 0.1052904081264999
0 0.7988281666338038 0.6092021604611202 0.1251544614117923 0.10624208275185204
0 0.41280476360659324 0.9339575664029894 0.12910155417323926 0.10915867673335768
0 0.6705832487889559 0.6093243581424771 0.13115451703455405 0.1075071611866131
0 0.9277270058167421 0.6091977025511268 0.13038216834178887 0.10796263221906303
0 0.7987461156586327 0.04036458333333334 0.3830576398362894 0.05642361111111112
