0 0.8175150184146723 0.66361083984375 0.1285839046194419 0.13161112467447916
0 0.8174066560887165 0.9174628257751465 0.12816070168939994 0.13045940399169922
0 0.48661661580772886 0.20154743591944377 0.10022617900869159 0.15637047290802003
0 0.814962619013016 0.37108335494995115 0.13177700700431033 0.17743206024169922
0 0.815593851023707 0.1411700611313184 0.1350267136810912 0.2719260444243749
0 0.7033188503147686 0.6638668378194175 0.1002352345876815 0.1291561762491862
0 0.8175572777832918 0.5285195668538412 0.1283773155697028 0.133660888671875
0 0.17308098848565476 0.6632617632548015 0.3131960528182782 0.12761643727620425
0 0.1732769305894746 0.7908380488003588 0.31507393425336133 0.1290331481785164
0 0.7001347797815102 0.3717421849568685 0.0984036814279435 0.17751433054606122
0 0.17145243910333632 0.918306096394859 0.31571463726945076 0.1272616068522137
0 0.817019897017851 0.7893741607666016 0.1298867448920996 0.12347526550292968
0 0.4869158237685742 0.918051242828369 0.09879121590006806 0.12851683298746744
0 0.38395005518641534 0.6634702046712239 0.10354877340382544 0.12935816446940104
0 0.7013095047744018 0.9180902481079103 0.10360347478365992 0.12826614379882806
0 0.4871333792075488 0.6644220670064291 0.0985828545045939 0.12918135325113933
0 0.38447159561184924 0.5303554534912108 0.10220611073793387 0.13208707173665366
0 0.7033922641982616 0.5298964023590088 0.09943983905328381 0.13204069137573243
0 0.17366962682192003 0.14054609028001616 0.3142304420798437 0.27469268068671204
0 0.5926803339631068 0.20087362925211585 0.11299424076253403 0.1559274673461914
0 0.38329633653921136 0.37251885732014967 0.10306841232382884 0.17843685150146485
0 0.3847094776409724 0.9179976145426432 0.10188448537283065 0.12810999552408855
0 0.17229505006910797 0.530179069384465 0.31389045235511925 0.13400907108094143
0 0.9324012382493477 0.664204502105713 0.10092988334420372 0.12850208282470704
0 0.9322415332828805 0.9184806505839029 0.10090922443922981 0.1282253901163737
0 0.5943226892156307 0.6634265581766763 0.11192773171648138 0.13127803802490234
0 0.7013416364554554 0.14271032804700665 0.09964919739323391 0.2722093065579732
0 0.9325230039399246 0.5290968259175619 0.10095530542834051 0.13143049875895182
0 0.5945060162275976 0.9173317273457846 0.11190291887619103 0.13071397145589192
0 0.4870190906005416 0.5305665810902913 0.09861259668145986 0.13233200709025064
0 0.5929646846819703 0.7893570582071939 0.10937344919748185 0.12453333536783856
0 0.4878171169606398 0.7891471227010091 0.09976755685685118 0.12237345377604165
0 0.17283138742669388 0.3702254136403402 0.3150207480027831 0.18019386927286785
0 0.5434099651883224 0.0643841956090105 0.21327535060888295 0.11403171693285309
0 0.486261484013834 0.3728751977284749 0.10103115232169695 0.1791590690612793
0 0.7018499693411248 0.7889960606892898 0.10445639639034576 0.12207679748535155
0 0.3847725343790763 0.14220369632045426 0.10244105731943341 0.26985445072253544
0 0.9328588357638101 0.7891525586446128 0.10146313786723002 0.1230838139851888
0 0.9328718791207038 0.37101275126139327 0.10076134434196347 0.174725341796875
0 0.5932012651446943 0.5291126410166422 0.1087920644105887 0.13266661961873372
0 0.5929118466247446 0.3714889336792568 0.11200483665412257 0.1770084637737156
0 0.38420766840829174 0.7891501426696778 0.10375095928212909 0.12155043284098306
0 0.933519616101052 0.14211217810710272 0.10187338051908462 0.2724540342887243
