0 0.679065870202106 0.9455493262683039 0.1282558044548972 0.09739364541839654
0 0.9327778230317374 0.17259758293521685 0.12972884006896857 0.3059134166587405
0 0.5521056205879312 0.9451013972558067 0.1284689659883034 0.09659257268991248
0 0.932516519874616 0.9455274653819989 0.12842546834386814 0.09702184598364565
0 0.42460074181367413 0.9449672733217852 0.1270538791591594 0.09685972477418088
0 0.18406218842432495 0.8357522029637007 0.3608225324879522 0.12036417716281418
0 0.8042025358780571 0.20036173123645612 0.12894888230668125 0.25002257999440713
0 0.552467677904212 0.5610229519582095 0.12610186340678167 0.2365127371714402
0 0.18574001455577424 0.17203590215001544 0.3605760387752367 0.3061932438793902
0 0.9324900116947512 0.7288232389001488 0.12747030853098418 0.0948770684014531
0 0.6771827221818141 0.2007768107059828 0.12992879077933012 0.25051645659030664
0 0.4254806028196627 0.5609385629102615 0.1268672258056179 0.23340457388913824
0 0.424157876373464 0.20071762126052828 0.12749874929849953 0.24932581218397595
0 0.5533760229446036 0.20119393449711417 0.12816534781501063 0.25003439391322796
0 0.8044386288619448 0.5029058542029006 0.12617235958914225 0.11899718690389363
0 0.18448649011622756 0.6093369078165325 0.36162926253839794 0.3361475891442016
0 0.18424258362818757 0.38328820713118544 0.3601705847705921 0.1173779472200404
0 0.1824109630909218 0.9440994399668284 0.3648219261818436 0.09583774203672016
0 0.9318692760792031 0.620662778241416 0.1269176461520853 0.1176185813369614
0 0.9321894798927812 0.5031765949790311 0.128581113761224 0.11853558798880723
0 0.8070681883842599 0.945675505769959 0.12668423571523513 0.09693988135729915
0 0.8048948637704544 0.7292936040854326 0.1286115159609818 0.09674428395351771
0 0.6774756678561409 0.7294732852298867 0.12562367776391187 0.09679868961793088
0 0.677748710762125 0.5036757381856977 0.1261131127975839 0.11859988310178692
0 0.6772219508266629 0.621410568483856 0.12567352121854325 0.11932553851197823
0 0.4250010182140905 0.7294244680627244 0.12743214713603201 0.09395009011725763
0 0.8048483951330635 0.8368610539598995 0.12659487516983695 0.11664032037211064
0 0.551809444319323 0.7289410356559273 0.125416977419069 0.09675140654805318
0 0.9327870821457054 0.8377220386662646 0.1292370397787689 0.11870077739284111
0 0.8056577166898038 0.38393004877991044 0.12539563242113658 0.11781601417856542
0 0.9316802863137258 0.3828924237290661 0.12751415231052102 0.11739046654966617
0 0.6772639197077328 0.8376499086992959 0.12595025623227787 0.11639716595250786
0 0.6781276133200171 0.3843882096734038 0.12793643713448133 0.11847153942717684
0 0.5523091191830843 0.8366363634969002 0.12676823116655836 0.11755749139152266
0 0.42485529533631405 0.8364633940280661 0.12893875785495923 0.11730874847466899
0 0.552248545540303 0.3839084618395492 0.12585604979545723 0.11756677815901312
0 0.8046558574827947 0.6222699095145591 0.12810165895631498 0.11902359529286353
0 0.42423691055499757 0.38416450541580166 0.12936337909085538 0.1177730868491921
0 0.6154210860427252 0.0508705889087177 0.5035493270210598 0.05933055843442304
