0 0.44919065328744734 0.3927047359409617 0.1548068413367638 0.2916236137276265
0 0.7553690103384163 0.3939261222953227 0.1528439448429988 0.29521421176284107
0 0.9085514068603515 0.12458373283717168 0.15490669837364784 0.24178817178776016
0 0.6027182358961839 0.31879497641947735 0.15284200815054086 0.1448148755884882
0 0.7523223876953125 0.9099748241367626 0.15154641958383414 0.14657347949583138
0 0.6028602306659405 0.9112823543263906 0.15228922917292667 0.14392812928157067
0 0.9072926447941707 0.46767728720138313 0.15521874060997595 0.1490569328194234
0 0.44842131688044623 0.9106788919932808 0.15480848459097055 0.14489136880903103
0 0.602516614473783 0.46764252790764205 0.1533518277681791 0.14856335654187558
0 0.9079647064208984 0.3192431321784631 0.15399527916541467 0.14707935390187732
0 0.6026034428523137 0.6167261778418698 0.15287898137019232 0.14588057105220967
0 0.6029932755690355 0.1559257578493944 0.15295920738807092 0.18071529046813053
0 0.6027539766751804 0.7644805338845323 0.15242156982421876 0.14617658017286614
0 0.4500357994666466 0.15622126522348886 0.15404158372145432 0.1794856840105199
0 0.7553936884953426 0.15537906760600076 0.1531194833608774 0.18094506904260435
0 0.754986073420598 0.7646088101970616 0.15245038546048678 0.14664823617508163
0 0.752599598811223 0.6154437847991489 0.15147030170147235 0.14964043916161382
0 0.9073015359731821 0.7632246159795504 0.1547903794508714 0.1494161691238631
0 0.9054126446063703 0.6158296101128877 0.1523517315204327 0.14982872578635145
0 0.9069681607759915 0.9104603155335385 0.15480299729567307 0.14749025942674324
0 0.4482742896446814 0.6155667376162401 0.1543042696439303 0.1491191920949452
0 0.4485072942880484 0.7631471833186363 0.15465753995455228 0.14922714233398438
0 0.19229825872641343 0.15618735284947638 0.36683898247205293 0.17897139734296658
0 0.4186705812738424 0.03714930608844657 0.8223192719663917 0.05574461688349335
0 0.1897508080178719 0.616978398737372 0.3650540480267565 0.7360653755954515
