0 0.21089814204980833 0.6262642527871783 0.3883528803834821 0.4256772745955742
0 0.2126531955039147 0.1370467788063436 0.40183456817475877 0.2740935576126872
0 0.5057219703598778 0.1650121779668899 0.19788217072439665 0.21190726518997216
0 0.6944689231343788 0.16496335452968988 0.1920914602751779 0.21286690473190284
0 0.8847900239547881 0.16430381915536343 0.19613858968904702 0.21161326395201793
0 0.5043503789618464 0.628469745501212 0.19519110953453744 0.13969133087017568
0 0.5060432547389871 0.485248524655578 0.19526487293809947 0.1413239509828629
0 0.21070444996994322 0.9146499750984063 0.3993366626229617 0.1427112585205453
0 0.6930585615705734 0.6283000705795171 0.1922689381212291 0.13867271880400345
0 0.5039137472020517 0.34090675553235406 0.19656164339273283 0.14103133850566435
0 0.21291390858074227 0.3424804148402998 0.3944271979945721 0.1429755332466278
0 0.6931386135592319 0.4857360792965749 0.19151389244759437 0.14209767237603207
0 0.885057241609781 0.6283134308095718 0.19514503101311106 0.13997789608534947
0 0.5047181573244605 0.7725338796682988 0.19514030985312886 0.1437660135248656
0 0.8852586274099821 0.48390816543508786 0.19515757041402382 0.1427759032828101
0 0.8852614978752514 0.772653066983787 0.19497355848255724 0.1411818637642809
0 0.6942663664865022 0.34173268729823714 0.19125003625850867 0.14251336304273474
0 0.886312465856571 0.34215531590896814 0.1933514434512299 0.14288665255826372
0 0.6939373205203822 0.7727547219272034 0.19050779437074566 0.1437083535846294
0 0.8845779116791074 0.9153367846792194 0.19411823537090037 0.14160728161602343
0 0.6938018609981725 0.9149270709575412 0.18943639320902306 0.13934701195876537
0 0.697051963192831 0.028730707017049627 0.5685035800925257 0.056802258215924745
0 0.5035744468764504 0.914263700376824 0.19612718336653 0.13966643865207373
