0 0.9244025204632733 0.2386755559116743 0.12951180741593643 0.10474883888570054
0 0.3895830850343447 0.2386297855708648 0.1278782148618956 0.10515659567304132
0 0.5229243716678105 0.23865655474188205 0.127589767043655 0.10510243058769624
0 0.7901463637480864 0.23880878104982783 0.12827347420357368 0.10529315339822151
0 0.6565060228914829 0.23875679751331397 0.1276214702709301 0.10538265716408102
0 0.1680355508054971 0.23803737453563123 0.30575490942812134 0.10236232088640396
0 0.6565243746783282 0.6070806373728772 0.13044805784483213 0.08438954044480647
0 0.9236870843010979 0.8623975773113622 0.13280858220280825 0.08225912096228755
0 0.9239803262659021 0.6071664047843849 0.1311863564156197 0.08374264492619471
0 0.3894148001799712 0.607483392266489 0.13086300927239494 0.08366068618557465
0 0.38930573334565033 0.1431673782131683 0.13004715378220016 0.08075728574635294
0 0.9244465441317172 0.14287915463319512 0.13197362745130384 0.08068770518611769
0 0.7899378956975164 0.14309673098402942 0.1306121929271801 0.08063831299213814
0 0.789555987796268 0.8629160268692059 0.13089597547376478 0.08084289751060095
0 0.6560638015334671 0.1432607629664513 0.13045439849028717 0.08046131827066672
0 0.5232821799613334 0.6074520792064697 0.12964269277211782 0.08330271933316054
0 0.6564414050128009 0.8632921456913999 0.13161303545977618 0.0798307060253752
0 0.6559798524186418 0.5227806489049541 0.13171464043694572 0.07976750137304996
0 0.3889622430543642 0.8638042913982277 0.13110684059761665 0.07956969154201224
0 0.7904477506070525 0.6074851760743729 0.130039627487595 0.08314183914642576
0 0.5227929708119985 0.1435578332693091 0.13000900680954391 0.07974963918869718
0 0.38893048827712606 0.5230136527834345 0.13109178800840635 0.07993575784644057
0 0.9236380602862384 0.5230463880686587 0.13197501930030617 0.08002234484535446
0 0.5226659774780273 0.8639151285421603 0.13050455660433383 0.07937694386848342
0 0.5222850748010583 0.34285431149258244 0.12938458210713155 0.09797429812462974
0 0.924983179247057 0.9490107194318966 0.13078591630265518 0.08558989851772314
0 0.9238711949941275 0.34289854510700535 0.13155596965068095 0.09780763261502765
0 0.7908486031197214 0.9487477765075779 0.13006334047059756 0.08553513079457939
0 0.7895743395831134 0.34284641693741974 0.1300801457585515 0.09786372614132849
0 0.38916748923224376 0.34297442925861477 0.1297704078055717 0.09803735814388331
0 0.5225357880463471 0.5230373002906546 0.130671011435019 0.07989347677848539
0 0.7900099109958958 0.5229117587844343 0.13167958646207242 0.07982116024264416
0 0.3901499542030129 0.9488700396641735 0.1296046746743692 0.0854747705926639
0 0.16773915276466347 0.3412270935333907 0.3067581978655469 0.1028263048189296
0 0.16732511280351234 0.14236347445567812 0.3066315724721816 0.08628645741732383
0 0.657496555431469 0.9491848094391786 0.1295047966209618 0.08595466312450632
0 0.5239160383069837 0.9489245181211742 0.12947020659575592 0.08534498651634084
0 0.3890985669316472 0.6913791795100833 0.13303743826376424 0.08327292492039395
0 0.16800790663435428 0.9488400524073106 0.3070172917051618 0.0841609237695004
0 0.16819757795608786 0.5213708734180708 0.3045589906018916 0.08300918807203224
0 0.9240362064258472 0.6917595885941203 0.13300483291213577 0.08284187015575632
0 0.5229105562777133 0.69148189309649 0.13179840912690033 0.08341876326767378
0 0.7902080948288376 0.691375732421875 0.13235133403056376 0.08353880871717022
0 0.16745056395357732 0.7336097949295863 0.307753754987825 0.343233564113715
0 0.16795734280171118 0.436646809510145 0.3067498886846103 0.0832913897425454
0 0.6566017253978832 0.6917258649829062 0.13206708753431165 0.08339595945337183
0 0.9251002234381599 0.05741612719133566 0.1306567836452175 0.08697825999809855
0 0.6558658239003775 0.3429526017175466 0.13016680124643687 0.09765709369291815
0 0.38889445485295476 0.778207305859992 0.1329054188083958 0.08492661125098735
0 0.9236380087362754 0.7783589777411631 0.1333521250131968 0.08517480160199448
0 0.7897374952161634 0.7781344590028881 0.13221163363070101 0.08476973257923578
0 0.522702526401829 0.7782738129674541 0.1321131216513144 0.0850853701526708
0 0.9238039480673301 0.43676643311318253 0.13357286195497256 0.08644137751622977
0 0.3904470495275549 0.057174827250259186 0.1322742152858425 0.08661497336051664
0 0.5234234526350692 0.05760576676041783 0.13195424466519742 0.08714698351578314
0 0.6562161832242398 0.7780822946750345 0.13202553826409416 0.08404753144130134
0 0.7912725757908176 0.05721506612937409 0.1328255421406514 0.08652286469277236
0 0.6571891114518449 0.057721348170420565 0.13240891533928947 0.08742085527658086
0 0.7903143650776631 0.4365425049599502 0.1330596820728199 0.08666620962616016
0 0.38934081309550517 0.4367283705098181 0.1324176788330078 0.08639302185926394
0 0.523064407142433 0.43671935504834986 0.13228560782767632 0.08638463314110634
0 0.16803524957476643 0.05581394530020617 0.30654267982533967 0.08477984333490304
0 0.6563865816270983 0.4368039412897721 0.1326685209532042 0.08604980758016144
