0 0.4054440202384159 0.05039140871404755 0.13023391197467674 0.0857119089802514
0 0.2746270962419181 0.05015921385719161 0.13007172683189655 0.08614611832664629
0 0.5343207839439655 0.06335421519290771 0.12566574622844828 0.05958405384042645
0 0.6670538540544182 0.6550569240747706 0.12918549636314655 0.07553979742686957
0 0.7978725249191811 0.35507850074918607 0.129736328125 0.0753839578605959
0 0.53570992305361 0.6549610839458366 0.12931265995420257 0.07538415055248619
0 0.6672446204876078 0.5050678208011666 0.1297571221713362 0.07569809381474447
0 0.6670718699488147 0.8050348993917104 0.12919812432650862 0.07569886458230564
0 0.404811106714709 0.8048811071767709 0.12909074454471983 0.07537037308233031
0 0.6670968312230603 0.06411916436223225 0.13261802936422415 0.058413562006901454
0 0.5359464027141703 0.8048811553497436 0.12918848498114224 0.07547124728689819
0 0.7983766332165948 0.8050152448189004 0.12983667834051724 0.07537957412009175
0 0.2750798718682651 0.5053956860524985 0.13103246228448276 0.0755450964538526
0 0.6672135977909482 0.5801295255617354 0.12941658809267242 0.07552597178374112
0 0.6670566322063578 0.8799983794612026 0.1293163220635776 0.0756607597610004
0 0.27503431649043647 0.8052151385685922 0.13096576559132544 0.07518153502984412
0 0.7983357607085128 0.5050587642823229 0.12950304754849137 0.07543506938449586
0 0.798394817483836 0.5801274541239149 0.12946070177801725 0.07529136940731057
0 0.2740507770406789 0.205151600826417 0.12964275491648708 0.07594399275324339
0 0.6667947071996229 0.3552282705209155 0.12860801959859913 0.07555111807542424
0 0.27517311885439116 0.7302877400555571 0.13029522073679956 0.0753677235688388
0 0.798449075633082 0.8799225070294002 0.12954732960668103 0.07536353252022494
0 0.6666264816810344 0.9545757290690362 0.1292601697198276 0.07468304110965865
0 0.5356512661637932 0.5799806469899985 0.12916167160560346 0.07545510934108622
0 0.9287001195447198 0.35501369605783223 0.12941751414331898 0.07561636836677436
0 0.11026288525811558 0.9544767336103984 0.19621962448646282 0.07433263090716259
0 0.5360800276131465 0.7299810227391846 0.12951710668103447 0.07534970687709648
0 0.5355436759159482 0.5049746301857242 0.12896821120689655 0.07557250687524665
0 0.6675108390018858 0.2801371561605909 0.12983874090786637 0.07597874955295482
0 0.798445245150862 0.7300457913008092 0.12974289466594827 0.07539214726593331
0 0.6671087015086207 0.730219478953421 0.12916099811422413 0.07573701757658347
0 0.2752661027579472 0.6553649179749163 0.13061500286233838 0.07533597757991319
0 0.10925548915205331 0.049268802697016854 0.20036260736399683 0.08868291910558397
0 0.7985739661907327 0.43019798899035616 0.13003131734913792 0.0759614554558011
0 0.27415385279162174 0.8800311852555249 0.12824986951104525 0.07566316840962904
0 0.4046975392308728 0.6550135924859413 0.1285246750404095 0.07536006406619969
0 0.6669714986866918 0.20526905255517153 0.1290931017645474 0.07567830676626011
0 0.797718926791487 0.9547315686353097 0.1298101596174569 0.07479798182221783
0 0.2742586227943157 0.2803710359424329 0.12957054401266163 0.07569313199856946
0 0.7983177448141164 0.20520803546378627 0.12955238079202586 0.07547859366521557
0 0.40468361690126614 0.7299769521230022 0.12874101309940733 0.07536507405534727
0 0.27528386609307653 0.35545172085419546 0.13056373333108837 0.07564476633410616
0 0.27398377517174033 0.1301553300166563 0.12716314907731682 0.07516257294351507
0 0.27464876372238683 0.43017621480675317 0.12942658523033404 0.0759011428941397
0 0.40419721932246766 0.9546087275552486 0.12959367423221982 0.07487987587559194
0 0.404566282075027 0.5049262886077471 0.12857318746632543 0.07540038484424329
0 0.5355834119073275 0.4300243615539599 0.1288318292025862 0.07547339098417769
0 0.5357829337284483 0.8798797776027278 0.12893251616379311 0.07552414121078335
0 0.40460211392106676 0.5799834169359215 0.12845985149515085 0.07519646865134175
0 0.9291151586072197 0.8048592607337091 0.1295496868265086 0.07551272421628355
0 0.7979920275457973 0.2800951372852642 0.12981302195581895 0.07533903656367157
0 0.9290467992322199 0.6548795511897567 0.12977092874461207 0.07543372054126381
0 0.4051712877997037 0.1302044604270592 0.13005032243399783 0.07625093286961387
0 0.7983009496228448 0.6550278035128503 0.12980249865301724 0.07554032732956788
0 0.53550833866514 0.9545941793175315 0.12954030004040948 0.07479855989788871
0 0.5358581963900862 0.2801019658041264 0.12927035627693967 0.07544287340605269
0 0.40456305142106685 0.280102772701417 0.12869953023976294 0.07528065092091309
0 0.404521168675916 0.20515385291288474 0.128978271484375 0.07573985978196528
0 0.536599605165679 0.35509687873822265 0.13053790914601293 0.07618030527020028
0 0.9290933964170258 0.5049328642185034 0.1298193359375 0.07550525740553472
0 0.5358205019194504 0.20513849777787713 0.1289173205145474 0.07552146761080554
0 0.40470294820851294 0.35510020267333026 0.1286181640625 0.07536820529856453
0 0.9290397275727371 0.20506099348662876 0.12969482421875 0.07546605664910344
0 0.9290409061826509 0.4300932609479824 0.13003645272090517 0.07519858826213496
0 0.40558723186624457 0.8799546865750788 0.12989857640759697 0.07612177510852407
0 0.6675848809603987 0.43012303184503253 0.1299913708917026 0.07610433649245264
0 0.9290117776804956 0.7299319103936465 0.12956585061961207 0.07543637005475533
0 0.9289725468076508 0.5799553320929114 0.1297754748114224 0.07535727003379045
0 0.9291717318830819 0.9547076748409137 0.13091148639547415 0.07493132461029992
0 0.2747608789904364 0.5800747769784063 0.13008391281654094 0.07578846631129144
0 0.2745072884395205 0.9547658677917817 0.13030768032731682 0.0758240661380229
0 0.667593404835668 0.13055800789439406 0.1302117288523707 0.07559933319934824
0 0.7960698831492458 0.06368743065500598 0.12461080616918103 0.05879113273349632
0 0.5356878872575431 0.1303674446473276 0.12855603448275862 0.07521251025120856
0 0.4045030370251886 0.4299895324947896 0.1286511861866918 0.07537261312555495
0 0.9287606495824353 0.28006152459365136 0.12961131128771552 0.07538371699573303
0 0.798587646484375 0.13045667002496517 0.1294195346174569 0.07560551138308073
0 0.1087586708726554 0.8798253903166929 0.20223961205318056 0.07465558251529203
0 0.9289836173221983 0.8798440814300512 0.12955431707974138 0.0756232811883386
0 0.9287654061153018 0.13030323609650935 0.12940850619612068 0.0753604855797097
0 0.11300900188259978 0.5055567237136185 0.19995983222435249 0.6734091416183068
0 0.11063399808160192 0.13011152573053347 0.1933509760889514 0.07475204889286947
0 0.9269380135371768 0.06382809272410837 0.1333746127424569 0.058681725891161454
0 0.6008674989897629 0.019167089612820813 0.2595343648976293 0.030387342117297527
0 0.8631214220770473 0.019529189852719807 0.2586273403825431 0.030224435049055497
