0 0.6771168443023181 0.957292525720855 0.2069781694255891 0.07429463005410827
0 0.6782943725585937 0.05605474647949659 0.20987843998142927 0.04991902149607432
0 0.8855282892946338 0.9568054309589737 0.2063321973456711 0.07563061567585895
0 0.8830577412589651 0.8053022388092649 0.20249903944672132 0.07495233077037183
0 0.8829285918689165 0.7296968429041167 0.20114040687435963 0.076033745708776
0 0.4745542057224961 0.9566351009320609 0.2003484757220159 0.07527262737694959
0 0.8829584840868339 0.8813115925297385 0.2017424036244877 0.07685777550364489
0 0.18776363701116833 0.652548180221991 0.36108671563570593 0.6863968541169545
0 0.18966736285412897 0.056241049257799255 0.3604031633158199 0.047197128075156455
0 0.6777655929815575 0.4977885103139481 0.21096001296746927 0.0770522767768846
0 0.6784549150310579 0.11928477295915213 0.2097079417744621 0.07669143952685283
0 0.6783043282930968 0.7300705866615337 0.208007562355917 0.07561019704311708
0 0.4773609348985015 0.1955832607276185 0.1966396144179047 0.07686695009200525
0 0.6778325565525744 0.4216674749502006 0.20788158979572235 0.07607734224895457
0 0.6791719780593622 0.5740280013403453 0.2082357938172387 0.075469970703125
0 0.682281994428791 0.8050136462689308 0.20618816438268442 0.07570059088212025
0 0.8838330128153816 0.27038616987507774 0.20480071521196208 0.07561828171797298
0 0.4762157252577485 0.2709383421306369 0.19398108310386783 0.07584760503786166
0 0.6796722412109375 0.6526141865128419 0.20813308465676228 0.07953261639282888
0 0.6785015418881276 0.8811945992826768 0.20885825235335553 0.07776756355602961
0 0.6810381529761141 0.27082743308427754 0.20745264272220798 0.07454784869285432
0 0.8816390991210937 0.5740834903544587 0.20038627249295593 0.0764804722818716
0 0.8834592475265753 0.6520018482725617 0.201832305407915 0.07839899597719824
0 0.679259503474001 0.3465318731545971 0.2100632964587602 0.07665701067684788
0 0.47245029386926873 0.056851169731043566 0.1972352825227331 0.048904036095948594
0 0.8829863501376793 0.49738554583751265 0.20167366403048156 0.07760313837696373
0 0.6803266181320441 0.19559415986266315 0.20204427750384218 0.07526745373689675
0 0.1933341338986256 0.19575516354110747 0.3671573857792088 0.07644593995906561
0 0.8850889612416752 0.04165935850488342 0.20612022524974385 0.07866789785905945
0 0.47785064196977456 0.11949603337706965 0.1971314477138832 0.07681680027442643
0 0.8837638980052509 0.11910534422393303 0.20461755971439546 0.07625126623115747
0 0.19104701104711314 0.27142557485625285 0.36324634395661903 0.07643312312810804
0 0.8835334152471824 0.19493367917714455 0.20538149974385245 0.0770695774292213
0 0.8849340720254867 0.42301659471949876 0.20515707047259218 0.07542742268733046
0 0.39699711370618906 0.015399082311198352 0.7585654469600597 0.03069226505406617
0 0.47424183829886 0.8815611965186342 0.20050313980852968 0.07746448482354769
0 0.47240889502353356 0.6522706844060805 0.1996309124055456 0.07884704700214738
0 0.4752186009141265 0.3470436496286237 0.19527092605340676 0.07726446500091828
0 0.1937691180432429 0.11941249288658984 0.36887185612662887 0.07684765586370154
0 0.47385495295290087 0.8053035632611183 0.19944975806064297 0.07543145122838495
0 0.47285517708199926 0.7294878830314759 0.1994994867043417 0.07650298796338155
0 0.4742227523053279 0.4991817232928699 0.19434334176485657 0.07760236578004916
0 0.8839186871638064 0.3466578754335372 0.20574400854892422 0.07781929995655798
0 0.47392554361312106 0.5754249393401051 0.19798441402247693 0.07701279155600135
0 0.4743978906850346 0.42312564125543906 0.1958345256867956 0.07557438165757799
