0 0.8748975747951309 0.5059348232774848 0.20177728028836964 0.06346930691516064
0 0.8755916163826573 0.6418276131871236 0.20247839131486525 0.06434517366340362
0 0.6799801701070336 0.7060287046623996 0.1960814123124522 0.06398161003388554
0 0.8759619569924263 0.7065293645284261 0.20304371311759364 0.06348455344816767
0 0.8757974933775923 0.4417435121344754 0.2044768727153813 0.06451827819088855
0 0.6794339801193378 0.5059550702811245 0.19443112994552753 0.06395513695406627
0 0.48876558822958477 0.7060017413403615 0.1922015268868263 0.0635632373242972
0 0.6790284556350942 0.44139794039439 0.19370248777057053 0.06556778873305723
0 0.8772442552292383 0.7709316759224397 0.20636723602948204 0.06392385950050201
0 0.6782198798036722 0.5732090471260041 0.1940644057154291 0.06976460529618474
0 0.8764515214739226 0.30661673794788524 0.2040206955842651 0.06307449034418926
0 0.874931778747372 0.17593799269342994 0.20073753613579892 0.0647691106221762
0 0.6798708621150493 0.30601665695987074 0.1949676140368167 0.0638579464341742
0 0.4876750514412509 0.9650386703062249 0.19055670408663036 0.06326615053965863
0 0.4894965402212347 0.9006466785109187 0.1891066058330944 0.06465304577685743
0 0.8773388410562404 0.07452678067617147 0.19709483855361237 0.13564137071969518
0 0.6798568165630375 0.6412336847389558 0.19532906535204034 0.06581648861069277
0 0.6793903969114345 0.7707069243771962 0.19266101708835057 0.06482497372301707
0 0.4894250058981986 0.5061912934942897 0.19151469472715982 0.0636588835811998
0 0.6780510298702694 0.24158277396696165 0.19278140753416476 0.06530671023939508
0 0.8742999155587013 0.965844236320281 0.20234152884293766 0.06307358339608433
0 0.48882548014322913 0.641419363979355 0.19198029777690176 0.06546621054530623
0 0.6792308329077672 0.07498298055196861 0.18599675263104454 0.13537214424715463
0 0.6786598882179377 0.9007191363108684 0.19485818938742355 0.06477501804091365
0 0.488719741867952 0.17584448511820722 0.1902801793649656 0.06421184003592495
0 0.67900689734596 0.9646887354103916 0.19357276473205753 0.06180346385542169
0 0.6787435782429639 0.17578009180275792 0.1922154324499474 0.06444715630098519
0 0.4887568155924479 0.30603015087694524 0.1896944191842269 0.06351882137926707
0 0.4889127632164445 0.44122683360394704 0.19300217001445433 0.06576528281093122
0 0.4894001812016198 0.08736710912252527 0.1849562152080944 0.11120026676530341
0 0.8761048623181265 0.5732441484688756 0.20470673447355217 0.07117728727409639
0 0.20016324656818987 0.2733589999647026 0.3943962243354284 0.12939386942300451
0 0.48820427944171685 0.8361262187421561 0.18815407475929377 0.06437532355986446
0 0.8748535482890745 0.9009514130741717 0.20410496889633506 0.06458245089733936
0 0.6791324207177584 0.8361232527767319 0.19489967276196965 0.06426124419553213
0 0.4888080048634007 0.5737367928746234 0.18924738799395546 0.06921680864081325
0 0.8759521577700927 0.8364197267585969 0.2038466893933964 0.06518706662587852
0 0.19797693188401896 0.6016626002497681 0.39595386376803793 0.530284050364603
0 0.6798007043494363 0.3732965308499623 0.19494983544772557 0.06979274519954819
0 0.8759829553259988 0.24161445587035643 0.20477210928540715 0.06515618136608936
0 0.19644407217108875 0.1760886379992627 0.39058357267569327 0.06582461437547063
0 0.48840224706433966 0.3731168938449108 0.19037761163274083 0.06980478064602158
0 0.19821001047023576 0.08821857253231677 0.38973696297461835 0.11104569645770582
0 0.4891409684394113 0.2414818943743725 0.1902687002759461 0.06553038325175703
0 0.48994912430416193 0.7710195028159513 0.19127923341336964 0.06494125917733434
0 0.19794224353011597 0.9010443629988706 0.39160612435151315 0.0646736359500502
0 0.8762301290436258 0.37415857276763304 0.204490731615539 0.07073200026669177
0 0.19756717118648215 0.9652525629863203 0.3906873214864585 0.06376158932605422
0 0.2923533979211169 0.019221704808056267 0.5773311848236202 0.025755273544263366
