0 0.1524060983498346 0.23999055658170718 0.3024290854280645 0.13499908677413272
0 0.1528391211355939 0.7833064382791878 0.3002509933802112 0.1377569460401348
0 0.5573198635827616 0.5130127091213589 0.1697934185047706 0.13484668300162614
0 0.15221048592498743 0.6470848532284008 0.30211741141144244 0.13642503557162047
0 0.7284836155677128 0.5126844495310143 0.1715991901901533 0.13396646030707957
0 0.7292483871224406 0.782058071406898 0.1727460857934445 0.13519632330847003
0 0.15261982358340334 0.3756229636536105 0.3009510555561779 0.13547871447256787
0 0.9001598325438198 0.5128338153545673 0.17074673948729632 0.13431923062193626
0 0.151944048459902 0.08805737398328825 0.3033255466466089 0.16450068709717258
0 0.5575330155177959 0.782066840032287 0.17165786978719982 0.13600400346436653
0 0.38629361082309316 0.5122551551231971 0.17118045028241585 0.1344586540670956
0 0.15145896019902894 0.9190029414710595 0.3014983134040702 0.13583756068533182
0 0.729115219508804 0.6476256081421451 0.17214232979671423 0.1340506483167185
0 0.9007496907412493 0.6477564240652691 0.17119707006124035 0.13380549504206732
0 0.7285194985862457 0.37499028776925436 0.1722926144738958 0.13374680739182693
0 0.15226918765652037 0.5099439894272012 0.3000971348780506 0.13848435069640838
0 0.7289737027464354 0.917569029564951 0.17157233681523368 0.13764155000942685
0 0.7291360531213149 0.11602894824734282 0.1735702174400997 0.11491759977729073
0 0.5578492362544221 0.6479564914156768 0.17030881485849053 0.13398192622902527
0 0.5571900199248901 0.9178337453896823 0.1710432782181336 0.13805240959063914
0 0.9007294067592195 0.7822123163605887 0.1712313565340909 0.13590342894218985
0 0.7292347772248204 0.23912010940850947 0.17286983117026694 0.13551808122775852
0 0.9002322267300066 0.917888704648025 0.17084755742120497 0.13820264997525453
0 0.38653514724652926 0.11537068282137448 0.17233517157683856 0.11437492888437677
0 0.5578473256341794 0.2392438828136047 0.17149585965976094 0.13584300367720706
0 0.9002706223450231 0.3749998734187936 0.17126428201717947 0.1344431191008555
0 0.9013673183644002 0.11515549764733868 0.17108075778234885 0.1148994756500106
0 0.3865883828845278 0.7822403023145857 0.1713313892815984 0.13660307779211445
0 0.5571460756593053 0.3745556884581507 0.17067711962639365 0.13317095496176234
0 0.38619323782814513 0.9202017345399698 0.17034338923302156 0.13625495645974736
0 0.9009796718381486 0.23986469458670637 0.17202439479926027 0.13399015400744133
0 0.38697435434645683 0.647380086631257 0.17086252830858706 0.13444235961361709
0 0.38626602460753245 0.37476481211850726 0.1717412827558828 0.1330249262791054
0 0.5578529004576276 0.11598545897240733 0.1717579548804674 0.11440228193234175
0 0.38568539235031624 0.23926769734148168 0.17363308469795244 0.13318250837369203
0 0.6458977105134331 0.03237599282433242 0.6864867152235595 0.049704018498411634
