0 0.8180398229776088 0.45287914262005 0.1141628224737205 0.06453968559169133
0 0.8177469331924229 0.7712021946995281 0.11422278928248668 0.06469961486861583
0 0.818012626566662 0.3891977215589725 0.11448439506635275 0.06469966004637769
0 0.7043658391525756 0.4526832744335793 0.1139410706959903 0.06438639744575778
0 0.8180248661128353 0.2618258890622108 0.1134447071650257 0.06370638177449574
0 0.47356764330348644 0.32542067047051376 0.1140403341122051 0.0639910694407499
0 0.7045183109184743 0.3252656429807492 0.11369112383466515 0.06415199262843496
0 0.4731119002018527 0.5164501040534211 0.11241128999892978 0.06358123937419041
0 0.7045155007000927 0.7073843593865655 0.1136782572149686 0.06427241395262769
0 0.7042890342584666 0.8350451940258374 0.11439614027421043 0.06474181089817728
0 0.8180733830235684 0.6436338389387491 0.11336959769192352 0.06346300917144708
0 0.8179514288357949 0.19811034749650142 0.11342770650506565 0.06370789522951749
0 0.7043299101621956 0.26182805759477934 0.1135755565068493 0.06417555283123612
0 0.8179983896751927 0.5166444136071082 0.11375406343642978 0.0644540737329987
0 0.7042386825770547 0.38908029326150184 0.11417476009560502 0.06440449113937592
0 0.7042121364645763 0.643601898261126 0.11406852919580004 0.06352255346155626
0 0.8179515681854665 0.83522468527364 0.11467302807208428 0.06500700436019616
0 0.8176971389096985 0.9623749660263232 0.11382146222769216 0.0652430129880644
0 0.7043209221083643 0.7710700949238989 0.11416421597043853 0.06466708688008882
0 0.4739947268226194 0.13455894238678812 0.11446632605890887 0.06375676627339123
0 0.47406098759156196 0.8989718625670798 0.11382963740843798 0.06366703194393042
0 0.8179628555088826 0.8989448462654979 0.11427179391707097 0.06554967963545522
0 0.8179195642108423 0.3251350566601418 0.11465398361693778 0.06368648097040387
0 0.8181124938314543 0.5802100892423436 0.11354592147664574 0.06391993705472798
0 0.7045616951162956 0.8987808509900074 0.11352260363156393 0.06493471994124722
0 0.5880136010853668 0.3251748356794446 0.1171798357680508 0.06441845106778543
0 0.5880048220560431 0.3891177569205103 0.1180072941192209 0.06431122165005089
0 0.7044566022388103 0.1981138713619252 0.11369888096639555 0.06346773024755968
0 0.15912262163205773 0.45320765805198676 0.2894842693613362 0.5696797735298965
0 0.8179272981176274 0.1346889413964916 0.1137005996123478 0.06387443175411153
0 0.7041872625481592 0.9622039681977469 0.113853512652207 0.06529840092408401
0 0.7040853979380708 0.5168284678088569 0.1136361271641933 0.06571281653347058
0 0.9327596493144739 0.13442269190428965 0.1151393385238299 0.06336558332803248
0 0.7044466619622217 0.13461041679918812 0.11366199975325818 0.06465947442721827
0 0.4726817509899401 0.83484401745235 0.11337480007967086 0.06267763895956699
0 0.7042983010116416 0.5801901884382518 0.11347666468975932 0.06405388911859271
0 0.47442136906779153 0.1975812481386762 0.11537014803022735 0.06318058039328507
0 0.5886371444167975 0.2618192931089818 0.1172177388787814 0.06425131593784697
0 0.15902626318373356 0.05403757237296018 0.2881937905876366 0.0976583754257983
0 0.817673379790656 0.7073106744569995 0.11359083852085712 0.06448339410043487
0 0.5881274033173397 0.7072599624193304 0.11711211182755422 0.06434691208190692
0 0.9328683420584808 0.6435551166887374 0.11502600079076294 0.06349684731506754
0 0.933454307428415 0.4522453437991534 0.11618901315163623 0.0629569278832809
0 0.5883067231200058 0.7710835804858092 0.11786511100409056 0.06466125894881107
0 0.588298640839041 0.4527755048343819 0.11784588074938165 0.064057548517302
0 0.9337344467186312 0.580298660244437 0.11781856821370815 0.06350398540143874
0 0.361051109464927 0.9621464569069209 0.1146923744515197 0.06416561372363064
0 0.3610783174883467 0.7707766201829663 0.11462151514340753 0.06482791971225019
0 0.36086261580886725 0.8349629253215212 0.11432309782124 0.06424024738619541
0 0.5885049015782557 0.19793123461245432 0.11680637864761699 0.06382685957089078
0 0.9331315271386273 0.8987529311331884 0.11515253029276065 0.06330398344975943
0 0.4746872250166476 0.2614896535696938 0.11452666446679985 0.06355381647275167
0 0.5883898916491271 0.13419042173621393 0.11683424858197775 0.06427961980564166
0 0.9328088397486206 0.5165409791213684 0.11467437511891171 0.06419425642463916
0 0.3607915242513021 0.8986981305080728 0.11389311118394455 0.0641828716286547
0 0.5888398981892717 0.9623526482119726 0.11720008792035293 0.06533029642394522
0 0.9329548317547801 0.7707256822564882 0.11473039368697681 0.06394582391226407
0 0.9331285543456288 0.7073404691909349 0.1162762460461853 0.06398440572087806
0 0.36103157728592916 0.45280238560267855 0.1143344780444373 0.06374780978210584
0 0.5882590423073036 0.8352247304514018 0.11789451378484113 0.06468868185024981
0 0.5886986905218441 0.6434968825537218 0.1169429413259846 0.06363771157649427
0 0.47373620995647836 0.643641586924905 0.11384134278086949 0.06325577877787288
0 0.47361655503828964 0.580101730380563 0.11362627978738585 0.06401756619807088
0 0.588369476922208 0.8988520059649102 0.11756848200271118 0.06514262800124908
0 0.3613051323041524 0.7073891934070826 0.11569692301060693 0.06445872704246854
0 0.5884840920272665 0.5168991032394985 0.11755663728060788 0.0654525474474926
0 0.47447292844635897 0.7711083830770611 0.11500319389447775 0.06388103900178109
0 0.7043084735376831 0.06677612739523457 0.11483708908568778 0.07170097921443462
0 0.4748253205414051 0.7072894634978141 0.11611775901945394 0.06436082683255459
0 0.36116210147851857 0.1344237027567109 0.11514317063980449 0.06415884835379464
0 0.36153390962783605 0.38895099450710696 0.11669696593030585 0.06440864749346549
0 0.47402169098411334 0.38898956502128057 0.11271493293378995 0.0642011234444393
0 0.5883612785165169 0.5799667392281759 0.11681473962792524 0.06415617157140543
0 0.9329865105801702 0.19791653489819463 0.11562613337733067 0.06283420249323418
0 0.3610628612872491 0.5800615673502845 0.11480877787736635 0.06378580427981588
0 0.4748088540551869 0.45286624436904377 0.11626588772058125 0.06417225485462158
0 0.9329917594178082 0.9617633494864914 0.11804347858399926 0.06440270661778312
0 0.3611318393747919 0.6434399585737995 0.11508264643235112 0.06360138865597242
0 0.9323005850456622 0.8349182445150582 0.11454747401778921 0.06440333910644892
0 0.47340806470432606 0.9617880617222199 0.11359501901101123 0.06409179326077906
0 0.933357645206074 0.3891477323654932 0.11593103045923706 0.06385768209890821
0 0.5881410131352854 0.05433516677229282 0.11774429483863681 0.09692006209695286
0 0.15728370457479401 0.96181331609109 0.2910263375060199 0.06432463944531829
0 0.36176317467537106 0.51653390880164 0.1162146534912481 0.06495455297869633
0 0.15746488817932036 0.13607989126977701 0.2875525708249352 0.06198314381563425
0 0.15736335670204105 0.7709467596340673 0.2854087995067579 0.06642341754950037
0 0.15675805983115187 0.8982815915438794 0.2895349135319029 0.06381801602401
0 0.15706776919430251 0.8349261958011427 0.28660396244972264 0.06372946761079756
0 0.35918259294065713 0.05400843076755346 0.11148115416458569 0.09759034023383739
0 0.9326500740225456 0.06732445977335944 0.11687628573297185 0.0721077400167989
0 0.8163696010363156 0.06761144303463724 0.11342793875451865 0.07159837769367887
0 0.4703467201505158 0.055121527777777776 0.11245481354642316 0.09635416666666666
0 0.8157436474716725 0.01736111111111111 0.3427194317605276 0.024305555555555552
0 0.3587844051243024 0.2621527777777778 0.11066981650600372 0.1909722222222223
0 0.9317684550989344 0.29470486111111116 0.11066981650600369 0.12586805555555558
