0 0.8479055032417153 0.07852838026614356 0.08758987663941062 0.14203090706076124
0 0.9374760181380885 0.07655007813635205 0.09665365004992443 0.1410618064870144
0 0.7486543013024206 0.27810660763656164 0.1084221031175788 0.05712481542183311
0 0.4484707662684518 0.5310874713969295 0.1062952282103438 0.0449091116161193
0 0.44820773004456094 0.2778563000881001 0.10800879812817088 0.05816975611464268
0 0.7480412880167853 0.7736001513279156 0.1075563842562608 0.05568713477086126
0 0.5496399242025582 0.5753711567487538 0.09094702106271589 0.04363166870444454
0 0.44818436749446783 0.575549537310971 0.10720651260929405 0.043767443291303616
0 0.5493044680264328 0.9712573504000502 0.09031690422940955 0.04487916675393767
0 0.44834276637470993 0.7731921730348316 0.1073686141836005 0.05652141826721682
0 0.8487662149010956 0.7200175021992291 0.0921144897250108 0.04838566102546917
0 0.4494500695526703 0.6195817799095173 0.10577047344728249 0.04503306370957607
0 0.3417925529941171 0.5754460189042078 0.10779915448915156 0.044241120284747824
0 0.7482047072758123 0.6191678903697323 0.10468356802879426 0.04269380543890332
0 0.7490578817785919 0.7231390495402564 0.10531721625715135 0.0441974711482071
0 0.4485560336467103 0.4874794272251487 0.1072976436845585 0.04192522064290802
0 0.44819286656091456 0.9711981561164754 0.10758524155163807 0.04481444985233747
0 0.4491397416241634 0.4442290237058584 0.10581788374352331 0.04405826026568784
0 0.5490793020614071 0.2778524035742711 0.0922378777222312 0.05810285061997319
0 0.44826316504074915 0.33639840338249305 0.10883443302029361 0.059106842122832196
0 0.3429409679353546 0.971672160376173 0.10717926288927568 0.04459379058101542
0 0.6444616762467616 0.2782946016449711 0.09857588852007773 0.05805854695092577
0 0.7481041942853384 0.8324142333329841 0.10584471180443114 0.062114316720425604
0 0.3402205551226522 0.0871517345029611 0.10921271394983269 0.1229746207475023
0 0.6455700862798872 0.5747322921139306 0.0960310176658301 0.04222180568500754
0 0.7489953971691494 0.9728469644091403 0.10895513294068436 0.0467516206224866
0 0.6443056360221691 0.9734664794267341 0.09763722263263709 0.04980321480185992
0 0.5504549649095288 0.619646824077371 0.09061301433978303 0.04450305601227379
0 0.8488960859071405 0.575135034146961 0.0922051464337759 0.04369221296131451
0 0.4485409593335088 0.8296653604379608 0.10831721541383312 0.05462646484375
0 0.6443402120692331 0.7736443322721179 0.09721851513587543 0.055042420251759386
0 0.447863326789184 0.7205574097006954 0.10838483899368523 0.04865958287952413
0 0.8476164559214432 0.8305040211204548 0.09203795859644862 0.055869994789921246
0 0.3423605278160082 0.7728497298089811 0.10747342282626296 0.05736306525427279
0 0.4477003818966564 0.39373928612103093 0.1073091338953206 0.05734829736459032
0 0.6453921461352412 0.8827092884053493 0.09652889166059478 0.04551398146887567
0 0.7477442818808021 0.22187409388156104 0.10302439213622624 0.055386356629890665
0 0.748180488230651 0.5311264978976415 0.10582041369818652 0.044930465739150466
0 0.8493321604885175 0.881614296429918 0.09339090455999029 0.04728064652102882
0 0.15039516360030888 0.5307888818490282 0.2697442817358567 0.04513042541994806
0 0.8475016065212112 0.2780297307482354 0.0907941696351468 0.05750736921785984
0 0.4489918578679904 0.22197997474159056 0.1069062649688984 0.054252276791324563
0 0.5503364786994684 0.4441822041774883 0.09008267259350712 0.043531402506074054
0 0.6446998082294365 0.39426724840424976 0.09741748552865932 0.05769708137409937
0 0.4485260299656264 0.8813203704261268 0.1065346778777391 0.04814029315201909
0 0.7481337894841592 0.5753862723588304 0.10478924634337221 0.04302266711523961
0 0.8479293269814605 0.33634244085317 0.09125198601441062 0.05901218035905034
0 0.3416399387497976 0.719994307203523 0.1060841087644376 0.04908641989045744
0 0.5493678223077909 0.7207014886687333 0.09171702330594236 0.04804284962508378
0 0.6447324341031142 0.335963752889761 0.099030120796902 0.05700661094195082
0 0.5494536562904792 0.7729600185363608 0.09142792327828152 0.05665977007582104
0 0.34117824837745575 0.8302346809939469 0.10664106774206607 0.05592235739045744
0 0.8476607301280495 0.4431345430839477 0.08989361118982081 0.04653889755780831
0 0.6455870317053919 0.6202343897269814 0.09579831454420336 0.048794171126214814
0 0.5499286552784974 0.5309990890543838 0.08999617976845854 0.04586755174733998
0 0.4485582737107351 0.6696658096108936 0.10736958927029361 0.05555995092315265
0 0.3432531933298588 0.6193494208696381 0.10898177652573132 0.0447565237254943
0 0.6455948851063255 0.22223497651537363 0.09653569091375216 0.0539763913397495
0 0.5493842143057129 0.48730914650270185 0.08965236947120574 0.04216375683331937
0 0.6438570697896426 0.48735565921895946 0.09757086403011658 0.04237574354892761
0 0.15090769519048242 0.17129569782328669 0.2695532602761488 0.04572273643023207
0 0.6449496148987344 0.5316006657904658 0.09538166263560557 0.04393328546518935
0 0.5491200975803514 0.8303437833811579 0.09127491372854597 0.05667269709282843
0 0.448997181314261 0.08900647718578016 0.10107598444752536 0.12173149568368208
0 0.8487787329059396 0.6696480758707901 0.09287521546780547 0.05655692665570543
0 0.34246706262565446 0.9272007673739108 0.10724069335094182 0.04356961084115282
0 0.8475376056677731 0.4873559864852128 0.0896528438377051 0.04150562439783009
0 0.44880661774999325 0.927118459911193 0.10693477966624838 0.04300769468414879
0 0.8477202894774125 0.5299911499023436 0.08915275613261012 0.043880472873554795
0 0.34197759545940604 0.48728742420513577 0.10772465259505883 0.04215123889912869
0 0.8477891253272075 0.39328608372256196 0.09149359668474741 0.05580904145023458
0 0.848112854109321 0.7725659490590441 0.09127327979949267 0.05675639543712299
0 0.6448142886779469 0.8303562194987851 0.09924664275016191 0.05689851080764075
0 0.7487391601984159 0.17134459344695144 0.10627554200062068 0.046756222804174345
0 0.6450891313569328 0.17257459809249592 0.09533517471866905 0.048831428343744765
0 0.8470976043859294 0.6188647190942842 0.08848801054485103 0.0437456391771741
0 0.6454241395202531 0.7209831830963053 0.09894278465363233 0.05061548964267761
0 0.7491668279512764 0.33587956364608645 0.10690044080243416 0.05701258355107448
0 0.6446302608298926 0.44514416242093247 0.09632132996343373 0.041966251649421915
0 0.7485351826036944 0.9276721944118631 0.10797546070474418 0.044660552896699054
0 0.3421669467537308 0.6696276830923782 0.10757559609948457 0.05641247951313254
0 0.3414447632890085 0.2779621604939888 0.10767297300032382 0.057806961018662034
0 0.5488359520472393 0.670069390263698 0.09108411298102871 0.05633315835497655
0 0.9408540873947538 0.6690160633731463 0.08918195602601468 0.05376415917445124
0 0.64620789839196 0.08715121772290195 0.09460886690077175 0.12458958829016296
0 0.5492680999281493 0.3357728441662827 0.09137484693774288 0.057744984971933644
0 0.34236017204113367 0.22135009970166408 0.10782753741802947 0.056115955833455515
0 0.5496213712016946 0.22180449866737184 0.0922309730542962 0.05425759486794153
0 0.15463716131417862 0.408427803509996 0.2727713164887898 0.2009154414363585
0 0.7481842568089513 0.885424411967996 0.10426201433303647 0.03949170969127011
0 0.748583541632934 0.6717027147717515 0.10515514103653929 0.05841387628550185
0 0.5501029059059264 0.087946350493534 0.0943294650326533 0.12323315448691793
0 0.7479785135167036 0.08817676912945883 0.10649274914993515 0.12208777848376191
0 0.3417064159439429 0.3361889836615596 0.10753400996970801 0.05930330414554708
0 0.9400460831241904 0.39313263675802196 0.09238656526608377 0.05673397769876843
0 0.1506464361938582 0.8822007984642048 0.2707445296187063 0.04651476167162366
0 0.44861609371626726 0.1719677390745434 0.10611072599579016 0.049008694155286525
0 0.15035594353815848 0.9272441710607616 0.27116496822376945 0.043434204428828754
0 0.3421175731072566 0.4438893622431614 0.10828580181009823 0.04355181573862685
0 0.5500363101201561 0.8819249948291932 0.09144663440131152 0.047123313269730224
0 0.3416960062346516 0.881263876089142 0.10669580436535243 0.047886252722855224
0 0.8478837350901338 0.22093287613692297 0.09276669095423143 0.05614819155941061
0 0.940326591847474 0.8300868793722772 0.09053906587327289 0.05232578308269102
0 0.15172050818672222 0.08662678969479845 0.272708299864141 0.1183776129788155
0 0.9380755646858809 0.44345043683499497 0.08909509424924439 0.04519694228594169
0 0.1512117567045907 0.8296349246763991 0.27255638399272386 0.05494407674262734
0 0.6451626318106379 0.6708212844807724 0.09967399425868956 0.051395528757540214
0 0.3416697447781736 0.3938000553734501 0.10630194840241797 0.05808010561536528
0 0.3424765499556414 0.5306216078852839 0.108465085993159 0.0450647267195878
0 0.1500596703643008 0.9708745716084743 0.2701478309170158 0.04405093768326909
0 0.1508658018754554 0.7731639872287617 0.27077679148198 0.05691258325653485
0 0.7475198011118307 0.48841622687536657 0.10535300457415803 0.039998031493486096
0 0.1507893456902117 0.2780812751831382 0.27103944063598423 0.05830659431682515
0 0.9424892814254102 0.7199237404176441 0.09346938586193869 0.049000921581769434
0 0.1505535303619859 0.6199369660651076 0.27106569385693274 0.04440213528139662
0 0.8506546942887117 0.9719133965131745 0.0929749378474471 0.04338527812395274
0 0.5494476212944598 0.9271880858065935 0.09019599347946353 0.04310260189762064
0 0.15146570749233423 0.7206840208324605 0.2715002201587631 0.047496396798550604
0 0.7483615644649315 0.4442763545877493 0.10525723524867768 0.04799404604505278
0 0.9388130464702072 0.33692446343061433 0.08964177528605352 0.05566240571459241
0 0.5485590010727008 0.3935931208306279 0.09270997780386442 0.058870330892363446
0 0.15009511361262137 0.5754721592961942 0.27053038608636676 0.04401514293680881
0 0.9387356193160352 0.4868117222517489 0.09069033607917748 0.04044090455083362
0 0.15121636530690036 0.668659527244261 0.26987748483713836 0.05477357102463136
0 0.7480890936184424 0.39315689536905163 0.10651119673602116 0.05629290460581435
0 0.15136718502934116 0.2216627105631074 0.27033535886510873 0.05521664862338724
0 0.9407593722170499 0.27893170722368255 0.09518543302704016 0.05871217947543147
0 0.8487228105805557 0.9274914616234472 0.08905045151921769 0.04376695239192354
0 0.6448394564561071 0.9272162307043817 0.09725119371694194 0.04321043612809987
0 0.9392080883493901 0.6204642124533972 0.09315725270536486 0.0423021086419236
0 0.5494982467414185 0.17248760663152699 0.0917766353626943 0.04747531880642071
0 0.34196104533931754 0.17115790850355544 0.10739871010261498 0.04782086083460749
0 0.9421364581646698 0.7738285013561912 0.09535673204069518 0.05742508220928284
0 0.8476179580820244 0.16991822904939627 0.08973859875931023 0.045268255647961005
0 0.9416475971333926 0.22016071186628164 0.09120602517136227 0.05739012608259677
0 0.9416181337030441 0.5743470997337363 0.08877716327990068 0.04720009811442275
0 0.9430638973782923 0.9734540842173885 0.08976827301921415 0.043462022060363606
0 0.942276554404145 0.8812583943793986 0.09091476414075993 0.047557677404490614
0 0.9406631285250701 0.5285289038282297 0.09208455192816277 0.041695602457900466
0 0.9390228218776986 0.16972840439538214 0.08679894956282382 0.042145746962314636
0 0.40710756092880446 0.01605902777777778 0.7873728650930724 0.02170138888888889
0 0.9394789867587795 0.9279513888888888 0.08947418921512196 0.04340277777777786
