0 0.5511042920848991 0.1919518885591105 0.17661275742929192 0.2193410214821854
0 0.1519380299853876 0.8974667878428916 0.2668487492492933 0.16878950863141115
0 0.9059224510997659 0.19188862531174458 0.18030165016399657 0.21931352315996794
0 0.7287068105448147 0.8958208913760335 0.17197910743423656 0.1687106829587654
0 0.15239684491217892 0.5557511333927446 0.2670825463307055 0.17098307930300588
0 0.5519142955667359 0.8973496441349321 0.1755464449210509 0.16762381925711187
0 0.7289363684030525 0.7263847316861687 0.1727552454179852 0.16756777913046522
0 0.1518768036918801 0.7276651014661575 0.2681218561743885 0.16938254865295688
0 0.37370786385194166 0.8965619690215106 0.17585767271146494 0.16702817908316983
0 0.7283711493769779 0.19138512376178007 0.17887833349815402 0.22047585115304438
0 0.5512201011432374 0.7256427303023402 0.17479113486245715 0.16792495795964124
0 0.15265961940781478 0.3847472357643025 0.2684522419539182 0.17102786350677904
0 0.15192372587662709 0.15568054256952396 0.26818890511235105 0.2861555093072455
0 0.3730453298061709 0.19125376474696956 0.1799807649121506 0.2212463515756376
0 0.5514748488800435 0.5544871000965614 0.17325601698477058 0.16928083479671735
0 0.7269471244972969 0.5550330123559242 0.1768849046924446 0.17198359057507706
0 0.9068296730266845 0.8977430540349985 0.17941226234918908 0.17004476641325675
0 0.37217887846226433 0.5558931667173924 0.17887315066051884 0.1705466984633373
0 0.9064301116557061 0.5550562084523016 0.17816348820296019 0.16943434642569366
0 0.5520092927956882 0.3852874687434312 0.17326412925237342 0.17023389328755606
0 0.37414903278592265 0.7269709634139399 0.17575849058255869 0.1682248650110356
0 0.9064972310126583 0.7256616840448079 0.17855281266482068 0.16792618961077635
0 0.7297217453582376 0.386088007768708 0.17354400248467164 0.16848364859953055
0 0.9074702846350047 0.38518267575935394 0.17841986161244067 0.16967260249527047
0 0.37348484087593947 0.3861112551838828 0.18039713026602058 0.1689367251545859
0 0.6383070055433879 0.04520358632438043 0.7058981289860747 0.07492729795473703
