0 0.23082976517853915 0.9446464617227771 0.43320944750750506 0.0895819010896079
0 0.2323936191605933 0.5910202723012933 0.4311566364617995 0.08664484262817564
0 0.7181830700532891 0.23826284506886275 0.1824233443648727 0.0879484241244017
0 0.2337579091389974 0.3675401263454702 0.440167679021388 0.35625315063656343
0 0.23145580527223186 0.8552777342311764 0.4326028329354745 0.08642973640003682
0 0.23292804765112604 0.09666123762397598 0.4401904541769145 0.19332247524795196
0 0.2297696196002725 0.677958402788165 0.430400358600381 0.08694287217242729
0 0.8987433539496528 0.23761907698304033 0.1826738522376543 0.08453387118579712
0 0.537703921471113 0.9447559474669781 0.1835310947747878 0.08871482433380891
0 0.2299121179698426 0.7679983147465254 0.42789963498527617 0.08824991442493557
0 0.5359533992814428 0.09677374121542356 0.17842324339313267 0.1917046260236816
0 0.8997143403983411 0.13754616289321384 0.18353150921103395 0.1102472004728921
0 0.8984950689621912 0.6794706184488333 0.18406138478973766 0.08799772866520157
0 0.7182047526041667 0.9448911866313052 0.17991099416473766 0.08888588457290131
0 0.8976979950327933 0.5913498981009527 0.18330922067901234 0.08576167560290869
0 0.8978380744839892 0.9449218839889774 0.18268410011574074 0.08909451873734352
0 0.7178579448181905 0.13824289290999803 0.1829509217062114 0.10927806511543285
0 0.7176683213975694 0.591077262417733 0.1817654079861111 0.08691100624769882
0 0.5382520887586806 0.5031074220547795 0.18108347198109567 0.089999843591794
0 0.8985897111304013 0.3258281814507778 0.18435721691743828 0.08757906704482696
0 0.718349673424238 0.6795160802018132 0.17986815652729551 0.08763695605900221
0 0.717901121539834 0.5030588366321682 0.1785634735484182 0.08957097948211984
0 0.5375159557954765 0.4136473553170161 0.17697418589650848 0.08751450371496457
0 0.8114642484688465 0.04244263920060664 0.36499468014564035 0.08488527840121328
0 0.7181731612594039 0.3268960382520538 0.18150894730179398 0.08692545602879925
0 0.537369414906443 0.280518757928278 0.17699991861979167 0.17861248572550395
0 0.8980435218340085 0.5033434501277154 0.1784505961853781 0.09028492900865243
0 0.5368405565803434 0.5905968914678066 0.17782419463734567 0.08827076885240243
0 0.7183548915533372 0.8568567379936027 0.1778892234519676 0.08871581312131811
0 0.8984178331163194 0.8567089142609767 0.1757175021701389 0.08872489198844809
0 0.5385917757764275 0.6808578199069174 0.18151893144772377 0.0889202224664028
0 0.7177704045801987 0.414287673882778 0.18068851423852236 0.08640133123159059
0 0.5380379194094811 0.8570650575438375 0.18152040081259646 0.08866214892650037
0 0.7185904420452353 0.768324682041893 0.180182487581983 0.0885474945203194
0 0.8992027000144676 0.41436730498593405 0.18421992549189814 0.08657178471471143
0 0.89851454746576 0.7686023964973191 0.1779891402633102 0.08883684970142212
0 0.5372805371696567 0.7681597792522897 0.17873052903163578 0.08878633164867912
