0 0.9249298389141376 0.2309719608196437 0.12658530015211839 0.41741934438590744
0 0.7815726353571965 0.22971787696957321 0.15086232698880708 0.41779461204341894
0 0.6391110236828144 0.23051126284694884 0.13091259736281174 0.4207111881145656
0 0.3767678004044753 0.2654623825990809 0.13236695069533128 0.3546337730900482
0 0.5084628508641169 0.8979551659395009 0.13596061559823844 0.17239801283668568
0 0.16221456516247532 0.7156944699701594 0.307370567551026 0.19532194753532156
0 0.160789987215629 0.26483121162533496 0.30904303605739886 0.35729163154992866
0 0.7830555989192084 0.8979585983174416 0.15318826528695914 0.17227138867622493
0 0.7837957602280836 0.7145550224457127 0.15436385228083685 0.19073268830908965
0 0.7830866666940541 0.529669118086851 0.15505372560941255 0.17230282382073012
0 0.5103713732499342 0.5292345314620598 0.13389877172616813 0.17018358532198288
0 0.16231571367153752 0.8986894909151413 0.3098285817182981 0.17093167379332544
0 0.37797137407156134 0.5316660313935482 0.13027040775005633 0.17126954212486079
0 0.5090482234954833 0.2659619330965423 0.1342200132516714 0.35563415118929265
0 0.16045373735519558 0.530573005931149 0.30892508648909056 0.17694112187239003
0 0.5091427839719332 0.7146701600344515 0.13487614118135893 0.18987574927790923
0 0.6401720413794884 0.5307471396397376 0.1324013196505033 0.17075414169073636
0 0.9264472814706656 0.7136767754841488 0.12917181161733773 0.18934458029562223
0 0.3789775738349328 0.8993610815375312 0.12968807954054612 0.1724462700314936
0 0.9266735223623422 0.5297314276408511 0.12906720088078424 0.17028910545570017
0 0.3784894393040584 0.7146033815923406 0.1315006476182204 0.18992434631211721
0 0.6394700453831599 0.8992364964134708 0.132961970109206 0.17355577770479538
0 0.9253022854144757 0.8984666242365847 0.1307681157038762 0.17249208038262112
0 0.6399084054506743 0.7143880933324054 0.13181176552405724 0.19202788423058184
0 0.28510889640221226 0.05359871615811287 0.5702177928044245 0.0620812796271989
