0 0.9028206165774623 0.7859256786734096 0.1648505438875723 0.05512188684217549
0 0.5735455196743452 0.3649355190417179 0.16388229723148298 0.055736642734908734
0 0.5715392831052177 0.7861558505350661 0.16267618605900547 0.05554334736603331
0 0.9024880612723932 0.5100156554393948 0.16711731741544827 0.0558810995543339
0 0.9020407316310853 0.30883412479234496 0.16639242687078246 0.055817275857640375
0 0.7396696429019721 0.6323589582304787 0.16455446846380944 0.07577819563607494
0 0.9023565375712966 0.632133138576804 0.1665870646891067 0.07544935635274339
0 0.9029542584652154 0.5665335585987538 0.16652414670027313 0.05599279753882899
0 0.6572791249096241 0.02719441883386861 0.3321776402333708 0.04876680500379085
0 0.9023116241690432 0.4603699929280529 0.16608348542436535 0.043208929333902656
0 0.9027043516654283 0.36449942519581285 0.16507444406229915 0.05550237927652647
0 0.5727745781827401 0.3085572383629777 0.1633960557167818 0.056049819281730355
0 0.9025935391227506 0.9247370328178373 0.1654725847023618 0.044781144921541415
0 0.7382383959458848 0.30860498234515105 0.16734353190522577 0.05801305599847886
0 0.9044084720562541 0.9697748798269373 0.17080923830635444 0.04437031733694492
0 0.5749830623518839 0.6907380427385781 0.16667610698003696 0.04402047278634714
0 0.5721940773618251 0.5664808108804574 0.16384299310130138 0.056300214576884076
0 0.7396825677631448 0.36548989130634213 0.16421434260272735 0.05535860004636795
0 0.5729374039755383 0.9249410914316024 0.16298348002691196 0.044998911687393256
0 0.901801337313223 0.7359808344397151 0.16488545474172558 0.04486162167751921
0 0.5721924887218328 0.46027067397823707 0.16214762003685335 0.04300601740966589
0 0.5718201585784363 0.5099483395518654 0.1642006920664966 0.055762938410679974
0 0.902625547276671 0.8365354725278208 0.16535553527675126 0.042925644898190646
0 0.7396571691361062 0.5663473518560526 0.16431534872569892 0.05577185131564902
0 0.9023602640107847 0.19868359130025418 0.16630487515564749 0.07483226798926532
0 0.24371805457652077 0.9695631592422341 0.4794330979987098 0.04558643370383219
0 0.7379537548074993 0.0852689506863041 0.16984569873172398 0.06616873541619409
0 0.9019585146082705 0.25846929248839134 0.1631776471370903 0.04310994917872011
0 0.5718150788530286 0.8362630295203752 0.16100077886507871 0.042764274408224806
0 0.5720101285409804 0.9691976258940008 0.16264437403347926 0.043526458088706234
0 0.9026575554305913 0.4151339640890198 0.16577336720758354 0.04521837242641172
0 0.739809600124016 0.7857595911197027 0.1653451012461841 0.0568866941482974
0 0.7391984248222606 0.9247046127775406 0.16117093985981681 0.04407728604024338
0 0.7388592207646308 0.4158342004738539 0.1631888264555551 0.04478977115412842
0 0.7390664892515365 0.2581398668297329 0.1630168610795911 0.041936390630003734
0 0.24746869592556306 0.37928880126327663 0.49388925198724154 0.205680501858054
0 0.5722635068133435 0.19841415183753872 0.16309778365500482 0.0743026407634367
0 0.7385067388147192 0.19832484035996878 0.16631056287907697 0.07661035343890105
0 0.9034728611649462 0.8802034685898805 0.16579588274722848 0.043340694385140904
0 0.5724000514013295 0.6318367453948949 0.1644924918912677 0.0749889605071787
0 0.5721513017590677 0.736280433140078 0.16245475710204452 0.04447310241647096
0 0.7395013255141388 0.9701121629149765 0.16178803823907453 0.043580039763023055
0 0.24273458766753386 0.8797619149381538 0.4818546574342527 0.04459282722766332
0 0.7387334828511608 0.46005624303646725 0.16139837034563786 0.04257642581460824
0 0.5725354192189509 0.41556356871464023 0.16140605857868734 0.04498014767693212
0 0.7381108144255102 0.5097213210864112 0.16481288723590132 0.05665991023297395
0 0.5725911785213991 0.8802214247054466 0.16267497006296192 0.043213255480758966
0 0.24393554840112405 0.5104819410993542 0.4820049155340709 0.05534726345671435
0 0.24576908717731583 0.7860917922882419 0.4837062643855274 0.05503223656997225
0 0.7377760428695875 0.836540085347059 0.16486799931464893 0.04265330613524765
0 0.2463164282220495 0.05828394261717695 0.4916431379425495 0.11550344156465604
0 0.9024134148055913 0.13975999866358546 0.1630573812058162 0.043155569179153766
0 0.5734626946535086 0.08541935432883636 0.16354883973580095 0.06442812912287008
0 0.247149369097614 0.5664426573925199 0.4822683119835155 0.056262895044966905
0 0.2458519042304365 0.9241539411927573 0.4855849942082305 0.04399941539682963
0 0.24727014327723446 0.8357164755934431 0.4855085133280423 0.04203800295887596
0 0.902781233995923 0.6909083521946386 0.16629153842484737 0.04353714315021883
0 0.245550276840867 0.19956561055171193 0.48204531124134603 0.07404442713059084
0 0.24626300589284433 0.6313213605742288 0.48388115452616876 0.07460044124613044
0 0.7389087627969855 0.8814074144110936 0.1634785473193485 0.04202048988244556
0 0.5735456569642211 0.25855563299763823 0.16337820803291694 0.04352098525232173
0 0.24596755072512785 0.25830513345798195 0.4835444560087738 0.04319808790563621
0 0.2457754849468221 0.7355054273857813 0.481436893995133 0.044305789989859096
0 0.24577974307812883 0.1406179113738258 0.48254874157108807 0.043625125510381085
0 0.24695505948789936 0.6912827723867154 0.48326673360594136 0.0437641355545474
0 0.7390950651585597 0.7356871255537467 0.16088467085575997 0.04337863938407344
0 0.572490584268055 0.14013385202617956 0.16255576322501603 0.04335187460804067
0 0.9032009487593388 0.06243273664192702 0.16299375715476383 0.11445423438954211
0 0.7391280147287718 0.13964196131027834 0.1634613272463448 0.04235011099954633
0 0.7398926016604073 0.6913742469377135 0.16004900699409544 0.043664894788108456
