0 0.4506564897059483 0.603845410678476 0.15340077854251313 0.0875887784090909
0 0.7600088611843481 0.9544717880493817 0.1537171577176446 0.08701400348846926
0 0.914686213943744 0.9548750117500836 0.15349338159506454 0.0880935750543115
0 0.45089937578423755 0.25298559015447447 0.15210917894060708 0.08917688379950701
0 0.45025656647253676 0.954477140865224 0.1524579137506722 0.08727759702957888
0 0.7603699664084906 0.6037309779202874 0.15388328304254303 0.08823777469084225
0 0.9151124972458323 0.7794813186727105 0.15508688932167183 0.08829306536179812
0 0.11097200559612443 0.2517600034009964 0.21226820116061326 0.2575293801047585
0 0.4502785648032311 0.42908379049862133 0.15428663439778023 0.088897705078125
0 0.7594028275965734 0.7794390836501504 0.154358785421397 0.08884127203793449
0 0.7602242931125268 0.25264095367594835 0.15437477359808197 0.08937023795224766
0 0.6042461504671816 0.9547524518507687 0.15361200919798637 0.08750091389538768
0 0.9154180523086461 0.6035657913289605 0.1553270037269957 0.0873712060285762
0 0.4510927802062172 0.7788320939171123 0.15471355956097635 0.08813176282586899
0 0.9153384907067847 0.2532237986192346 0.15637726355237214 0.08954333953041443
0 0.604730230444476 0.4293403176700367 0.15435901882543618 0.08942453313001338
0 0.6043921738692041 0.2531637263170538 0.15418437425310708 0.08915836109834557
0 0.29523267435981937 0.4290884252538018 0.15305908961688128 0.08868692163477605
0 0.6042895344429673 0.6044939500125335 0.15375094295231836 0.08862017463235293
0 0.9153792488871295 0.4294465906479779 0.15593327071880975 0.08955593823111631
0 0.29525783823279533 0.7792675977084726 0.1535240596384665 0.08880354121407086
0 0.6045601956019211 0.7795437246720421 0.15326797164421008 0.08934260893633023
0 0.7596025047521063 0.42930493686288435 0.15427522677536448 0.0895791772852607
0 0.2951075333254287 0.9549728311956884 0.1533196998143971 0.08786777761530748
0 0.29520707285427 0.2532102615438043 0.15276135358938067 0.08906489897539271
0 0.11330239540304327 0.9528280492772393 0.2078793956034498 0.08660085749498662
0 0.11366220186135052 0.7775281936727104 0.2031447664045695 0.08721375490892382
0 0.2954916580229371 0.6043690727356283 0.15374356154957874 0.0884195093165107
0 0.11375315285093698 0.42742467870049294 0.201453148748861 0.08789653268089906
0 0.7601335572922892 0.6917589809805313 0.1548303782825944 0.08788168188084892
0 0.6047891357888683 0.08065584968118106 0.1564402242919455 0.07893974589791528
0 0.11334703301380515 0.5153204443620488 0.20493182534241539 0.08625364252590241
0 0.7590379003812889 0.08061648078143278 0.15469768808631096 0.07977293697907963
0 0.7599094602391552 0.5168494239847928 0.15415706598052104 0.08784009964070856
0 0.4508458095572419 0.08092767032072505 0.15466822082636233 0.08028840661686372
0 0.7610585083241216 0.3411629906312667 0.16396715444998805 0.08717367406834892
0 0.11279923555727897 0.6905326965658422 0.21332415567985227 0.0869403043532754
0 0.45011814328954053 0.8670551157252675 0.15531679230028084 0.08817367145721926
0 0.9155299695454409 0.691366952498329 0.15543623681733987 0.08789623892881016
0 0.9154205030510576 0.8668378044577207 0.15475563063904157 0.08839170078542781
0 0.4500415867646839 0.5168403666287182 0.15536265619398304 0.08755140661555816
0 0.11282339606640672 0.8657998804102606 0.20656791927709633 0.0875024805731952
0 0.2954765669930277 0.3406134131120488 0.1537214611046173 0.08811700994318182
0 0.6049599291945507 0.16493465811173547 0.15451919234733508 0.08790993104006517
0 0.11287105835646562 0.6041629566865809 0.21081192589170847 0.0887194628384024
0 0.9171536155686095 0.06067886212292839 0.15408768662986974 0.11844522685290658
0 0.29442374701709634 0.06139485153922423 0.15083692269844945 0.1212815148307678
0 0.29510902857005483 0.516360228839405 0.1533560962567594 0.08822106346089573
0 0.29546951381471825 0.6911401758856951 0.15306126319199628 0.08806217621991978
0 0.9160960910425132 0.16453828862644135 0.15631383600472037 0.0886440827884776
0 0.6046086269400544 0.5165641743869067 0.15488662865604086 0.087286376953125
0 0.29539430665696326 0.16489993008700285 0.15434812177435617 0.08768517805293281
0 0.4501293904466794 0.6918023257332051 0.15578888114506154 0.08785687614889706
0 0.11505608987170014 0.06047121343765667 0.2059122107452918 0.12094242687531334
0 0.6022323987680002 0.340740934157754 0.15673402162628466 0.08628034132687165
0 0.6021208899882737 0.6912803282712232 0.15667158604579948 0.08636024189505348
0 0.4505230847097947 0.16537914174125792 0.154198349319954 0.08781843542415191
0 0.45084636389183497 0.34181929807611966 0.15209756708965702 0.0883691797919452
0 0.9161061274161985 0.34097247608205217 0.1565850514982672 0.08860757593165108
0 0.7596712714171545 0.16518614253895805 0.15499918775394358 0.08913259251232454
0 0.9155923467749163 0.5167550479664522 0.155975050041826 0.08828670073320521
0 0.6043472144161538 0.8667318252318684 0.15435540106282863 0.08799213266627674
0 0.7599630848171607 0.866824324500752 0.15445337240828155 0.08861501765123662
0 0.29482523843389624 0.8668439732515876 0.1532857832899513 0.0888656861004345
0 0.6021310600830022 0.02067051603194864 0.4630082849487185 0.03828562045479841
