0 0.5286751855364193 0.914972320804751 0.18268469212141997 0.14970402084391937
0 0.3403557852963564 0.9153625157467394 0.18616343463513785 0.14761890111576897
0 0.340774789356828 0.40170236396272657 0.18722849484429369 0.29355466268896085
0 0.7131652505290584 0.9155772552903751 0.1863196166730795 0.14854642046176322
0 0.33939285605060976 0.76864590942052 0.186931520253739 0.1470728928480691
0 0.7132667688537205 0.7658943031538469 0.18433832662774358 0.15000584713488738
0 0.7127978306510974 0.4752195198038406 0.18327106091909798 0.146557815675813
0 0.7129584563620851 0.6221613483377265 0.18356917910198076 0.1454545928210747
0 0.8997469132155881 0.9158776342707274 0.1894832504893268 0.14871281983083504
0 0.7131645316995952 0.3260819246452353 0.184077652925087 0.15109254997274094
0 0.527717704691264 0.47516826433217946 0.18361838624615232 0.14645150037315802
0 0.8998202664949143 0.6210647004083566 0.1879749502308619 0.1442681289300686
0 0.8989683228846025 0.32828501052649683 0.18950880160934155 0.14811168970454353
0 0.3405656344885489 0.17995896895080402 0.1848035726608505 0.146726168914216
0 0.5250389213480327 0.6215729338689872 0.186503833060091 0.1462380840849424
0 0.8990106684748059 0.7674141033555111 0.18912390110579497 0.14821341496496018
0 0.901442174482652 0.17999816522365664 0.19159582493391997 0.14801498867954987
0 0.12680833574536016 0.6180334944065993 0.23993683320807185 0.7370598438955581
0 0.5269752518778439 0.18102049375291115 0.181477123971159 0.1440096392541074
0 0.34029692296552966 0.6191966979484248 0.18523983679695866 0.14670428351012027
0 0.899614550572136 0.4760033832332952 0.1864774324143469 0.1464107689172595
0 0.5245208250123378 0.7680290656361154 0.1845685154263417 0.14944259519499492
0 0.7126953321044398 0.18046552249732703 0.18449588097647884 0.14501487918016387
0 0.1284585726592985 0.18026058331414613 0.24200082029469264 0.1478721184459159
0 0.5276229989094703 0.32802001829069805 0.18161523725031783 0.14624898026629193
0 0.5007268441705446 0.06528560385148366 0.9829797772599016 0.08345853345503955
