0 0.9021933850624579 0.9771954002648383 0.157761553208605 0.040071295351836934
0 0.5844736716730132 0.8956278816598361 0.15868311820270345 0.04108580828271371
0 0.7430946020771273 0.6084773043558803 0.15804664008051372 0.039864318990595726
0 0.9013341999740052 0.5272661338645345 0.15760056749522258 0.04051876738144028
0 0.9015178543200595 0.19847148922064825 0.15758234476871627 0.04196036559915654
0 0.4262863406174474 0.32258111029095615 0.16064395492883038 0.042253659536464434
0 0.7429484086070985 0.52704321975172 0.15642805579754945 0.04137154429522834
0 0.9015213396909425 0.32301559269567837 0.15815147564565535 0.04353436150651346
0 0.7428030384530265 0.690853788925278 0.15751082605595212 0.0419585967231411
0 0.5864006426694582 0.1995995318303343 0.15711195691883992 0.039979474605944455
0 0.7421543203669485 0.3219178711223379 0.1600959283842457 0.04177581286821209
0 0.9014180684261186 0.7322355891279091 0.15595986345689072 0.039423064828198184
0 0.742857130311376 0.3628906678818429 0.15766654254721224 0.04023910629665545
0 0.5847045569111118 0.7726926066557194 0.1578439396919964 0.04049897026401493
0 0.9016066077801821 0.6496268993797572 0.15675057610161872 0.04169687454259367
0 0.5851835895785326 0.0759361633372251 0.1604899125133487 0.04150586273407768
0 0.90159387382672 0.4861419641999506 0.15675211295807104 0.04111214488116584
0 0.9020049829277204 0.7726603023341445 0.15632201270233814 0.041288567929413066
0 0.9017250006147425 0.6912010246473399 0.15714346247611286 0.04190578058676083
0 0.7426107392894279 0.649596203127287 0.1587184110133768 0.04141749933676083
0 0.42634537237153636 0.9763279005850226 0.15998612547949922 0.038393757661555915
0 0.7426874448927187 0.03866443142678754 0.15963959179336218 0.03499332579851709
0 0.584986103524407 0.5278182197231319 0.15734034476520345 0.040808469964413785
0 0.4271353440319034 0.4869768736792392 0.15904935658406869 0.04362430617178352
0 0.5848041781418616 0.9767683328454332 0.15696178408835432 0.03838725391539813
0 0.7426728447564215 0.9767343489850152 0.15783455389009104 0.038848876953125
0 0.42566038721756966 0.15852122787011033 0.15911996964928057 0.038506661980157716
0 0.743826118304575 0.7726273547849276 0.15803549787123428 0.04073181867041129
0 0.17679689899622963 0.40362645312271295 0.3410686666159321 0.04023303136892564
0 0.902367159617033 0.44466778936095763 0.15509335085642423 0.04008398123033153
0 0.9021714299702817 0.07640148046703472 0.1592667943282093 0.03970247576890003
0 0.5857751420933566 0.4865223976153122 0.15738101657346 0.04214059441095214
0 0.9012309561530464 0.3640790488178334 0.1579666686572617 0.038559031430675496
0 0.901330330389009 0.6084135354821519 0.15624840825581723 0.039410807768131585
0 0.5850105834521835 0.36212052785261456 0.15645785983517874 0.04156390509504904
0 0.9000105000228333 0.8540302428484522 0.1559193014240951 0.04050826132995462
0 0.9018773140667155 0.5681407133365961 0.1576450265568795 0.04169615984521371
0 0.42586890570551367 0.19892843992425352 0.15900053394784172 0.041010264769650175
0 0.17601749172313608 0.28025102280342046 0.33790104380614466 0.041019144884596376
0 0.7426795959472656 0.1994120667075664 0.15573224403875338 0.04002299967638503
0 0.9017342766411871 0.1166078982922735 0.15753678795245055 0.041615559848186844
0 0.4264134331572827 0.895939096633947 0.15774483989468582 0.04090420367846165
0 0.7434328202721027 0.8135750120640918 0.15744199684197954 0.040277842894650175
0 0.7437585789522678 0.07623926426264385 0.15713978499817333 0.03974964132911986
0 0.5849031407198461 0.7325288651977825 0.15749617103192445 0.039090087318867095
0 0.5843251180305756 0.8134342166802365 0.15838052214478418 0.04007115241236095
0 0.7415746236018996 0.854217171948185 0.1576655545680643 0.04064083769394028
0 0.5852829638144952 0.6909575987197196 0.15577324517339253 0.04208931487393883
0 0.17565501100725406 0.038756133800926476 0.33800670697534685 0.031724107907583336
0 0.9014420818081862 0.4035973649393479 0.1547238466550978 0.04038583366876464
0 0.5850434063149872 0.1169372308449667 0.15713780903987748 0.04099856160005306
0 0.7427305866488451 0.11742848255595223 0.15617826173631408 0.04196777165075655
0 0.7432888223112916 0.48585578150157355 0.157398580647201 0.041172429605166865
0 0.901204884481087 0.28060388676734943 0.15552888499747078 0.0411010849392107
0 0.5845917077373258 0.8540977460159909 0.15500317031531025 0.042210027261416865
0 0.5844935684752979 0.15866657051604582 0.15680974507503373 0.04157333910046472
0 0.5837980037112888 0.321135831381733 0.1546926704242075 0.04064112357289227
0 0.7429073800285942 0.1585387156216266 0.15701134770894223 0.03970168066806481
0 0.4273411044113927 0.3633994609466481 0.16022584764219874 0.039787703431462235
0 0.902388840270557 0.03893284049469637 0.15828046181219088 0.034661670479338956
0 0.5848365893466867 0.23971391450046656 0.15656653754145122 0.04008101523620462
0 0.9007751684394671 0.1568525390267651 0.15495025854316546 0.03935514177594866
0 0.5842540658635201 0.2805881544912727 0.15825246906966614 0.04113712355459602
0 0.7431243786708914 0.28050383806786994 0.15559486004946044 0.04172392583842579
0 0.5844032781587231 0.6495172648016687 0.15626163619885342 0.04188169528505562
0 0.9000880563859458 0.8957721790608534 0.1551281496775236 0.040010045786372954
0 0.9009787744755368 0.9368433360472775 0.15746592789245167 0.040675714926083135
0 0.58483014003836 0.40352207157036746 0.15637525380086556 0.041804579437756145
0 0.743488778313287 0.7315110646589578 0.156603257433116 0.041050073413714874
0 0.7454864172626743 0.4447878942556627 0.15610652347262816 0.039590911507885684
0 0.42466281643874354 0.039188593835406335 0.1628742629675556 0.03283368229028492
0 0.5856415453574642 0.4446842810030005 0.15905399459729092 0.04046202040947014
0 0.4263443843923884 0.608794236909031 0.15735480768217458 0.03900532420960187
0 0.5834187020500787 0.0392714685801879 0.155637782254665 0.03075375880793051
0 0.5846065274245447 0.6084163764042373 0.15743217193823067 0.039530197965456676
0 0.7426062110516665 0.9369173072261051 0.15685667408456047 0.04035152819452576
0 0.9003438057659342 0.8135901636485472 0.15474969877613534 0.039078580691049476
0 0.4258784150048126 0.9368654559311878 0.15856546635250393 0.039978813510867975
0 0.7429976154574388 0.5681034061333614 0.15580052437542155 0.04038104519631879
0 0.42673168594031025 0.527967805884761 0.15968783810841952 0.03973570919706894
0 0.5836542253013995 0.5685032971848928 0.1579877455457509 0.040140513793087675
0 0.42718254748008233 0.6498897293412434 0.1593645219322589 0.04219251717560744
0 0.4256168338034651 0.7728222884953161 0.15965111821675473 0.0396608446465164
0 0.585242319450104 0.9370226178850446 0.15709982673041253 0.04031329188469702
0 0.7428798263879132 0.23970137156144794 0.15546812427987297 0.04043922156304889
0 0.9008684775812164 0.23986375973989593 0.15681095260510342 0.04050449130127525
0 0.7420940261950597 0.8955267162457002 0.15674969789793167 0.041450089537287765
0 0.427872705802643 0.7329484640295668 0.1573444339011213 0.03837724815207846
0 0.176231857898424 0.11691975202716763 0.3399823822563501 0.04135718781160805
0 0.4273376053185771 0.6913898476951296 0.15964390048020177 0.041578878005159546
0 0.42588915927804627 0.8134886051508526 0.15872082607351617 0.04072452875713553
0 0.17619513929319042 0.9364466075316525 0.3383086332314306 0.04205093562463408
0 0.17592018092278955 0.23896703787095652 0.3386874100287184 0.03874006427702357
0 0.1770263700176486 0.4444430349023895 0.34272751276441615 0.04027862906176815
0 0.17684826576452464 0.15662213845889517 0.33455746122401403 0.03841292048505653
0 0.42621299688764613 0.2802503438409095 0.16056318763348695 0.041101620962245684
0 0.7433027363509583 0.4038852807788714 0.15820724157978305 0.042143131586651054
0 0.1774312180580853 0.3220367431640625 0.3411668427556539 0.04228821515478629
0 0.42727047762424825 0.8545788088224532 0.15974368637414288 0.04022717085040984
0 0.4256761399962061 0.4041506836509259 0.15990244913444246 0.04169673160311768
0 0.1776031165671863 0.6087506403688524 0.3404357579114626 0.04073846535604508
0 0.4250925599242287 0.07593498631997746 0.16328718336366063 0.03967578628861653
0 0.17688739642822482 0.19778333391462052 0.3403294635333603 0.0433229540215164
0 0.4262209693304927 0.5681834343724843 0.15985247385587623 0.04089966535009879
0 0.17895642373201656 0.6501856855262916 0.3426978004922112 0.042846894096713994
0 0.17621953195805173 0.8937519439768735 0.33800703501529833 0.043212890625
0 0.17545725030007123 0.07607585540700015 0.33798793580034653 0.04037931205517235
0 0.42519341612891326 0.4448773922350703 0.15578704943759836 0.0393556688652664
0 0.1764887206846004 0.7727846596782604 0.336642322780417 0.2051888316241584
0 0.17663520596010224 0.5679290914423851 0.3401752465920483 0.041107249204112996
0 0.4253187934271724 0.2395731012491767 0.16157229855763827 0.03982486769522102
0 0.1762995387581613 0.4852509688437683 0.34018930042390344 0.04146424054541129
0 0.42638203737547076 0.11752507837371469 0.1615327519478558 0.042153423228922716
0 0.17612611475608334 0.9785821275912069 0.3374149576365519 0.04197196156414666
0 0.1761148842118627 0.5271390070680713 0.33753934524042145 0.04002859218338335
0 0.1779679771807554 0.3629484868998829 0.33782042359276643 0.0404417944736168
0 0.4940965304474038 0.011793976121819831 0.9797813532568287 0.02246770974623795
