0 0.8040303601090092 0.050415335672503565 0.12030267405416938 0.05188705731635313
0 0.6818487913927889 0.975983942901739 0.12439683137851512 0.037525554747428524
0 0.8042129496759184 0.9766282596348718 0.12055197369757803 0.03734900396073047
0 0.5638744418735776 0.050498816092476514 0.11624800306302827 0.05177254457354047
0 0.3187335427312764 0.050312707281179175 0.1224056090118051 0.05223593186467594
0 0.31798685418613865 0.8586200198036525 0.12285011797484557 0.03930476785869944
0 0.6819763382017535 0.050616048868729974 0.12231481028781291 0.05148863160626825
0 0.5644909644157896 0.46088921242345493 0.11602763360746506 0.03927918757354864
0 0.4418927255935569 0.0503196862618461 0.13123149896629144 0.05213528397691799
0 0.5626446112544702 0.9759278450384632 0.11807985144566807 0.03782196257736228
0 0.8040611554804332 0.096636757524775 0.12003980222387028 0.03864901235412853
0 0.5635441059563963 0.1366643120886724 0.11762569908667912 0.040172007625904366
0 0.8039747617644669 0.8981819099628444 0.12051784480656696 0.03861295096212517
0 0.9275859143241019 0.050408872766641064 0.12333585940039825 0.05219101739561541
0 0.5634924562451744 0.3358031396586526 0.11803115824884185 0.038748322171646185
0 0.31740351802195926 0.8191007350777981 0.12182071522091392 0.037854054981694564
0 0.5639348222313374 0.09678461827659873 0.11684180608186362 0.038939126199591945
0 0.3169119230947507 0.41781475753464953 0.11947467144195993 0.0468060481498431
0 0.8039692852680023 0.46085173581600847 0.11965874918725618 0.03905637094665272
0 0.3192594848156595 0.978949340650061 0.12024112299607852 0.04057961095493376
0 0.92729974754145 0.978481830080849 0.1252319177198472 0.038120328299337515
0 0.6820710061895522 0.8581796217829281 0.12159750830522595 0.03984029389491806
0 0.5639696059208388 0.6988579445470493 0.117095907580868 0.0407947237022751
0 0.5633935816731348 0.8583250591113145 0.11826414745712777 0.039619222345711295
0 0.8036951826514751 0.25621658389039614 0.11940563980717651 0.03825674229918497
0 0.8036775626193717 0.8584201445639382 0.12053205194956923 0.03949851404506625
0 0.682243317404401 0.21628585453645285 0.1213374937774301 0.04041576518507018
0 0.8039953581533443 0.13670864663862287 0.11975819918827209 0.040201152551456815
0 0.5642391051055552 0.9379390360088693 0.11628570358216841 0.03928067727401499
0 0.5638756522586659 0.6590219282206132 0.11773320509336395 0.03853723161556398
0 0.6821295808908688 0.8981853149924817 0.12183434693493986 0.038906464516867155
0 0.8037942358049213 0.6989125952727292 0.1196834331061037 0.04063621957265516
0 0.6819089733267637 0.6590472956914116 0.12182299709444083 0.03821400917723588
0 0.6819106004018003 0.09665253238864191 0.12263788389446521 0.03890827343886201
0 0.564653195702363 0.7788154889350156 0.11619288093556973 0.04059527409126569
0 0.927382807737829 0.8981131283641691 0.12189308037528444 0.03997938935560495
0 0.6819222280355981 0.9379813860649843 0.12299544355494146 0.0397237567555788
0 0.31766133004574226 0.25715981966282037 0.11974135300893002 0.0378034902915795
0 0.8042516026292263 0.938027353965089 0.12019560457981145 0.039693792494769876
0 0.8036307346061241 0.8187421428941118 0.11971279982627601 0.03841324597389296
0 0.5641210231111325 0.8981562871148231 0.11585190950351512 0.038665388418540794
0 0.6819743341215255 0.6192108962991414 0.12335951151556404 0.04040220891082636
0 0.6813884878964666 0.46076624829067514 0.12218869213009997 0.03910970222334815
0 0.44100460057450824 0.6990988503938937 0.13004956784887028 0.040522491582766745
0 0.68136392303189 0.13668262476369095 0.12269991116963995 0.04033732181479908
0 0.3172573491407774 0.09681143820535189 0.12080075743914581 0.03885456441669118
0 0.6816190960193331 0.7787758629026107 0.12209987764395723 0.04033146942010983
0 0.5636239516874594 0.2964287176624335 0.11815120463873537 0.0403336614079389
0 0.8041851306612687 0.6197368031266344 0.11978058139121424 0.038432399265603205
0 0.6818745666424536 0.8184526302491938 0.12195117885951723 0.038727189706459206
0 0.6818145632898853 0.33509968181700556 0.12386747640503089 0.040802959617710514
0 0.5638671398782916 0.3750690901794859 0.11619276188129875 0.03890448534339043
0 0.8038900744930509 0.6589766413264361 0.11939460744473342 0.03798408455097193
0 0.6819439157552929 0.2560314460445814 0.120819091796875 0.038902229511255666
0 0.5634102889558273 0.2560253808355398 0.1168473222630852 0.038553043721942556
0 0.681917485707138 0.5007609815610835 0.1220180476750447 0.040132615689286964
0 0.8042164022497765 0.33557620507403896 0.12050189153425714 0.0387368089151848
0 0.5636399843292832 0.6191040634942686 0.11714162442092002 0.039727502288179915
0 0.44054937672708067 0.9756770646056703 0.13153869867014792 0.03746256169913703
0 0.3176353464511033 0.7787979955952536 0.12077456549953267 0.040934840671853205
0 0.6813216389233177 0.6989039975728949 0.12217682638776008 0.040860781277240237
0 0.6815373851046915 0.17647660493518186 0.12281904481012272 0.0385548420032198
0 0.13244969451070915 0.7782608521699573 0.24158144927303873 0.04022727551320607
0 0.8041406837334404 0.7788077850554612 0.11936547883310306 0.040346792053478034
0 0.9274534069205137 0.21695005877081155 0.12248160532144019 0.03956269885373082
0 0.8038070142966718 0.3750336459491043 0.11933881067640603 0.03909140018904725
0 0.681678603312439 0.4176040500444016 0.12133130295533973 0.04663575410510373
0 0.4418243884420209 0.8982312828925864 0.1302902559000122 0.038659259365193516
0 0.8041517160958835 0.41761181776826184 0.11974994475881827 0.0463336002876569
0 0.5647711983272716 0.7388987521247385 0.11643007672809653 0.03868658472803347
0 0.6821550783472347 0.2952052479508532 0.12279229728391174 0.038327205131243464
0 0.4407476417730007 0.3751242516596115 0.12788476435508778 0.03871107965998736
0 0.44179192631080333 0.6590549357266606 0.1281207696049049 0.03822699085272838
0 0.3184571582412224 0.6206153433359485 0.11866678900154422 0.03716172733067469
0 0.44173116894785236 0.7786332772865455 0.1282916521685021 0.040331980174555436
0 0.8040744895587817 0.216387207371753 0.11899736302726756 0.04032278659453452
0 0.44139537637658494 0.0969922692207113 0.12970502478868662 0.03871346318073352
0 0.5639155354394404 0.8185441829835688 0.11691681027257396 0.038746853752615065
0 0.31767145957996384 0.374820863518921 0.1205601090727609 0.039189656575520836
0 0.3175414523160659 0.3373963743074169 0.12177311335490491 0.03450335684846801
0 0.44075549935488456 0.17626053452325496 0.1302745804210013 0.03879851443664466
0 0.4411935397025357 0.7388619352417842 0.12990979813475292 0.03860648140581416
0 0.9279721660638817 0.6991651420646465 0.12387152425024382 0.04168892704792102
0 0.317508771918685 0.29868079362387767 0.11915800692356145 0.044042057904572
0 0.9280095094202089 0.8192445975799774 0.12349285229904909 0.03766422457941074
0 0.9270789812383168 0.4180454057297115 0.12212928404888654 0.045077484854428175
0 0.9269232979366465 0.857773146369966 0.12199887993741873 0.03816910534889296
0 0.6812390946287793 0.5402125700414596 0.12188442909826072 0.03841677869214174
0 0.6811873258632863 0.37507364440662594 0.12096171881349563 0.038888737081317556
0 0.4412259819913748 0.4606321114043977 0.12823537918309086 0.039015170088040445
0 0.9272785955659745 0.13630868866520116 0.12185418931343465 0.040555711903166404
0 0.9280493529162264 0.6186140158851443 0.12408113913666288 0.041784948883695085
0 0.1330884002120039 0.25674270353224155 0.24111467840147577 0.03932494265930091
0 0.44197727396832326 0.8582896893659563 0.12956763615998862 0.03920968240607566
0 0.8038601521862809 0.5007033939973414 0.11911062332371586 0.04036083780073221
0 0.5630462606799618 0.579629107998006 0.11772141872053804 0.03912264133597019
0 0.3174825402943149 0.7003795458848174 0.11971383162995773 0.038495349751024234
0 0.8040273837522349 0.2960518234444463 0.12008464599926853 0.039837250649679655
0 0.5636397462207412 0.5401873728221431 0.11742314808700423 0.03844555119257758
0 0.3173757386920666 0.6606776877260938 0.11994410243238987 0.04042374572328278
0 0.31742964051324774 0.540788424397446 0.11962477903527308 0.03951817809122211
0 0.925796846109497 0.29829081132322177 0.12348920130140603 0.04348810214544107
0 0.3182479402023733 0.9386703086863668 0.11966501937886054 0.040615023263162485
0 0.5638738862869798 0.17647508863292147 0.11637388311219929 0.03883857673847193
0 0.9264733521618986 0.5404768641856259 0.12339244986386541 0.03804618377898361
0 0.3179341429076672 0.8982423492389079 0.12126830340361874 0.03863865893588738
0 0.9260602338416368 0.501430410387792 0.12396724388410271 0.04046401019874477
0 0.4410721043461476 0.9379289060456982 0.1295558894719197 0.039212065926821825
0 0.4409493395504003 0.3358015435510101 0.13011413494849236 0.039268866077460336
0 0.44227409610822704 0.8182575646138424 0.12712452346543807 0.03899422915577057
0 0.4408121890302442 0.6194106864131146 0.12811648365115003 0.03883742754096932
0 0.44072914867624347 0.25601554881246186 0.12885672342327698 0.03874338487867198
0 0.5640777270412569 0.5009665176625697 0.1151649663600252 0.04021586866392085
0 0.3173755501894709 0.17622791540340066 0.11985804603685793 0.03878854408423771
0 0.564167077271619 0.21630261366669934 0.11544700592795026 0.04040127252767608
0 0.6822161333458631 0.579432510099318 0.1225189089930104 0.03895451799762465
0 0.4396944281648753 0.13687011420809905 0.12849340947303722 0.04012948731830762
0 0.9266029625782265 0.3756329098838476 0.12428694428641092 0.040080774113057875
0 0.6815818121901414 0.7388830038626658 0.12173664306323147 0.0389458777349198
0 0.9271341827352892 0.09629810604590251 0.12293417029014954 0.03811340119216897
0 0.9261002360766823 0.9388587770767957 0.1226238354904909 0.041171234854428175
0 0.8041280242959609 0.5403218076485138 0.11955826738255854 0.03827466126765167
0 0.8046710308258495 0.5797360684914902 0.12006012081944896 0.039157968518457986
0 0.13278267256460202 0.5805641716993005 0.2445136307119858 0.041728595643196476
0 0.5637975328145319 0.417597899709619 0.11691724680490084 0.0464709932335251
0 0.3180634457671286 0.4611048572066771 0.12156282382761702 0.038803887999041144
0 0.8042210056815874 0.7389048386152152 0.11944532456416612 0.03879648205957985
0 0.31761565289044724 0.7387242017929525 0.12139715980956396 0.03776356631908124
0 0.13322454373145134 0.8586525803995599 0.2414983803956189 0.04120843480321654
0 0.44116776445287104 0.5007632373932183 0.12857190592236264 0.04013806373670677
0 0.44106877082656043 0.21628829126078714 0.1298098719166531 0.04037628812271182
0 0.3171733960373659 0.1367609670471447 0.11914348230250325 0.040003767239665054
0 0.804081077228442 0.17649206057752026 0.11904514347468304 0.038867413083213474
0 0.13364079187688344 0.9370921625751832 0.24774139848270094 0.03958925808490237
0 0.9269919128814815 0.4608606314559362 0.12164719362097692 0.040073197922114716
0 0.9260749965712369 0.5783017848824855 0.12156250634956113 0.03652026230986315
0 0.13343044158231143 0.09609655755334319 0.24747706079669055 0.04057981844892728
0 0.4412635832986224 0.4175190094292081 0.1288512469268124 0.0463023165778635
0 0.13267990671611732 0.038309772006616595 0.24808220745528162 0.07652356861629413
0 0.31821056708247825 0.5813600335327319 0.11928172415347651 0.039736014862273364
0 0.31742279489266706 0.5007187166307095 0.1203998620240369 0.03982880191989191
0 0.9264735109009266 0.17700244791836917 0.12335466997521131 0.04068409216121317
0 0.13290196494411274 0.4607573313693123 0.2429514799378473 0.03965403877375349
0 0.13295985663355714 0.8186063247744508 0.2484002931840398 0.03946718777240237
0 0.9273796726420269 0.6591703023870621 0.12308528984476591 0.03781357769188023
0 0.13242072649832975 0.5399730900507759 0.2468369376054821 0.03911723585142085
0 0.9275350384656413 0.7791982993919979 0.1222091297799496 0.041103304513162485
0 0.31675260863781596 0.2169379283527284 0.11679448200915353 0.040867889276608255
0 0.9267626937251099 0.7393748178309144 0.12314695995712777 0.03762957840285042
0 0.13314761855047297 0.13638298215560168 0.24295924822902804 0.041090705903504186
0 0.1328746060246144 0.7383691423275148 0.2434420554628608 0.03817540465372211
0 0.1319457935883878 0.1763295023344883 0.2420330692484723 0.039330220455238846
0 0.13433406008855575 0.2967009497819419 0.24811226183788362 0.040892597022914486
0 0.1327295963723886 0.5006439975116044 0.24794750870901835 0.04162167771258281
0 0.13273142838199056 0.2164785792139285 0.2485916983476696 0.04155972745461776
0 0.9272664917150927 0.3374284560710317 0.12381866415393368 0.035298452550231
0 0.44047881722915316 0.2961593478959641 0.1299786115033729 0.040499507632714433
0 0.13313352891155586 0.41753084190719797 0.24865445048973375 0.046573442062739716
0 0.1329587243778343 0.6990060633362754 0.24708549998051482 0.041884162934754186
0 0.13342896921581968 0.8991175269814549 0.24763981604607113 0.03796531432509589
0 0.13331962623893825 0.3747215537014035 0.24858520926982744 0.039628160548509414
0 0.44041720664392675 0.5798820165743223 0.12704039178062013 0.03946305917396705
0 0.13418266243060326 0.33535335652499015 0.24807110936495977 0.03909520956595406
0 0.4422241329991771 0.5400507672893785 0.12977197297372806 0.038318841527196654
0 0.13269600477578272 0.9783769126051474 0.24382723571420184 0.042189594093226986
0 0.13412900956926482 0.6406799061029028 0.24300907864217178 0.07389705982500872
0 0.927044018967409 0.256453510108852 0.12163647873658973 0.03898048134860966
0 0.6251288916639259 0.010964208291622717 0.7231828578716999 0.02174512932864193
