0 0.7315565662035433 0.7469235947767323 0.16281068169417023 0.045204518089157715
0 0.568172663994931 0.7015948916563994 0.16206662648651682 0.046183414071833934
0 0.8989068970045284 0.9723722943268369 0.16706979617126305 0.04412922010341995
0 0.24456286181357761 0.9276816893364509 0.48372717750290356 0.044923406348006276
0 0.7312919278057686 0.8827840606798836 0.16408385433665143 0.04483189007429809
0 0.7315571040459775 0.24691742380887371 0.1644303045447128 0.04538592813690076
0 0.893649108727358 0.7470466859879032 0.161714638493391 0.04472177886051374
0 0.731804292444772 0.7015609832362606 0.1633198391986578 0.04644811851291816
0 0.5679576863819252 0.6551242039907221 0.1593111999352358 0.04757438851086469
0 0.8937281914852929 0.6558122896948738 0.16349445870899967 0.04719709353065263
0 0.7314303724323801 0.11095833180198532 0.16434401071414 0.04567063125373357
0 0.7312367690761158 0.2922115166412317 0.16460325076748122 0.04482601990694071
0 0.247074518129035 0.1558037943595057 0.48630027173393386 0.04530959773092145
0 0.5686368817760179 0.7920512902409087 0.16296781136535166 0.045264824032071396
0 0.7319367411242453 0.7922541209304061 0.16541252435031822 0.045029215203106335
0 0.8944061119936154 0.7018517205934515 0.16124699445679666 0.04590397952135603
0 0.7316652701355458 0.9721360656665361 0.16443883034330123 0.04358632077452957
0 0.7327060948464017 0.15637588045218226 0.1657351501305483 0.04498724897560111
0 0.731669015112496 0.3831094174402162 0.1626098473451779 0.04519536646178689
0 0.569381036584122 0.383049002115302 0.15914359229663022 0.04504033570648522
0 0.8942300183966018 0.38312079316826275 0.16256235785023662 0.044977039988892624
0 0.8971562398009137 0.8375210232204862 0.16065903307563642 0.04518125618372909
0 0.7311463517868799 0.8375116163684475 0.16552080996042753 0.04550356847838262
0 0.24576754918608906 0.8832005144162559 0.48307140813483895 0.044687068305704895
0 0.8981206908860966 0.2468286876610103 0.16293884755425914 0.04521268527852449
0 0.8976228878330003 0.33721612089423725 0.16051170408881366 0.04588162913259782
0 0.7300833958558564 0.6555950935026509 0.16390317911890093 0.046668632625821396
0 0.5685891731600848 0.292014729307259 0.16073361389319518 0.04499434057529681
0 0.5707374951235619 0.4729583083942373 0.1522851450947495 0.04452893839372386
0 0.7317610260089445 0.4281514121070415 0.1642925770413471 0.044596572930667565
0 0.8924094018363455 0.4728332847677252 0.16014676803708391 0.04522526420857602
0 0.5683120847059603 0.3372893156828704 0.16104715611231232 0.0454531798368429
0 0.7319568205751266 0.20151294630773034 0.1648485467577105 0.04545412781418011
0 0.5682847344221709 0.7469935263356855 0.1651591009633037 0.04466942134296595
0 0.24662476451216417 0.11049418295583417 0.4846363024051756 0.04489597881139393
0 0.7298499523192722 0.609805910390765 0.16463970453247392 0.046345846342499254
0 0.8932529778144378 0.6099698922397699 0.16187089168060542 0.04623431316270908
0 0.8979816884969607 0.11105815655014421 0.16421429108701863 0.044761803557511005
0 0.7312911509222524 0.33716529472469575 0.16600968881313236 0.045872295201892926
0 0.8971687496175343 0.882649411437332 0.1643538113984987 0.044943970164090505
0 0.8937574341776476 0.5193429671165621 0.16236443183440763 0.050427071082549284
0 0.5683262080498838 0.247024581708646 0.16152217058226584 0.044768758429706165
0 0.24431884351038125 0.9725720987809886 0.4849846076716331 0.04471929953517026
0 0.5677795808558054 0.8372810026508363 0.16234156357090407 0.045160327760976705
0 0.8942683048098892 0.29192355940988557 0.16345868222707247 0.04438686940547529
0 0.7319959037920202 0.9278047076262881 0.16594247842893275 0.04522777999458632
0 0.8956796431977196 0.42808760594011347 0.1646176330725767 0.04460123989602001
0 0.5694678881772194 0.5650922622589512 0.16009035434175098 0.04362084902600434
0 0.8987248273804669 0.15612265656356172 0.16173344305850196 0.044887501706359204
0 0.5667847317130384 0.9278793061505937 0.16442735637136913 0.045168276186342594
0 0.24827779771142466 0.6560361581891242 0.47814493390972246 0.04585782031716697
0 0.8978438016328737 0.7924385389831616 0.1622481781882343 0.04535969468712664
0 0.7300468225703227 0.47316762908242793 0.16470348866116594 0.04530839452891652
0 0.5699031222271235 0.428090176417124 0.1589987732411676 0.044822884289594536
0 0.8977787426184115 0.20154045588084304 0.16177400036206754 0.0454226622587179
0 0.5679020296500183 0.9725496025495634 0.16221443355550347 0.042892401363687285
0 0.2462830535736781 0.24676551044058484 0.48302700158510137 0.04534100859538344
0 0.5663154741491412 0.8827855555672229 0.164463093013116 0.04463770056283602
0 0.5676447417655127 0.60945555984333 0.1604616249821516 0.045193470507112456
0 0.2467213480030588 0.7468577103517958 0.48022174959705644 0.044984660268257176
0 0.2467255818003463 0.3830866112931227 0.48416319684011194 0.04505109160319594
0 0.2463617913094264 0.201206704051976 0.48299534140305483 0.04539059510225321
0 0.7308015947864821 0.5649408228793309 0.16243315614545936 0.04219665891950417
0 0.24727041354067328 0.045482712122416974 0.491307701827963 0.08799663609786129
0 0.8987565401640013 0.9281379216603196 0.16293406673262076 0.04511074125410693
0 0.5652113035515768 0.046280060760151676 0.14955410073382425 0.08335847581159257
0 0.5680915294677097 0.20125059357965575 0.16357493587324576 0.04521352387386126
0 0.5684398920044265 0.11064903596538513 0.16226044896377284 0.04478192073042675
0 0.5693841042780067 0.5189923066534592 0.1586400124173874 0.048876216619530316
0 0.2514156685174289 0.44836919823285354 0.4864279097116336 0.08640292041190638
0 0.7303801255188787 0.519511634161253 0.16377600926332 0.049564630469683395
0 0.24530383220851884 0.8369646699055405 0.48128166211180523 0.04467715100433094
0 0.24514240773477383 0.2921003298377763 0.4836213006674466 0.04453298552774044
0 0.2477652513015986 0.7015406381841771 0.4797720118540074 0.045718175963261644
0 0.24733742347896567 0.6098341674075474 0.47528151370215355 0.04494320449008737
0 0.7303203851684889 0.046330440856222614 0.16312466215527088 0.0827546495690568
0 0.8951360637774356 0.5654971761942764 0.16597873299302382 0.04216843836338859
0 0.24524395304000093 0.7919795721092817 0.48073600975713904 0.044844286701015534
0 0.569553285603735 0.1557798077983241 0.16070066606407069 0.04570398364870352
0 0.2448078493536608 0.33687519542917416 0.4827724268791258 0.04467613010566009
0 0.8980057519658737 0.0454986474277583 0.15894040737699902 0.08520668011554823
0 0.24750861144252612 0.5638949304213804 0.47525801857831274 0.04671592211068175
0 0.24707797768844325 0.515428714000196 0.47451085832660567 0.04971430150696311
