0 0.6167103961608329 0.9742217816804585 0.14250326881292744 0.04998973377963953
0 0.32502811513048535 0.9742089990983931 0.14883487782579788 0.05049862777977658
0 0.47260936052965896 0.9742999829744038 0.1472266292861892 0.04983828360574287
0 0.473383454203968 0.6242525870339912 0.14778350551802336 0.050548218844229706
0 0.12912530829577512 0.5000686214455624 0.24381286250059364 0.40163555479886237
0 0.32571406494882693 0.9241432056092378 0.14896826468702506 0.0504236054002193
0 0.3261405457841589 0.8239913739656147 0.1486599814928049 0.05023092972604852
0 0.4731930671854222 0.12561647933826112 0.1487138742371533 0.04985447097242924
0 0.32697216138288965 0.22550234041715925 0.1486979429482689 0.050332939415647274
0 0.32533067048139486 0.07587743014620062 0.14870654630805946 0.049084383144713285
0 0.3255457196916853 0.8739072565446819 0.148737458110218 0.04991016053316886
0 0.6170674935662638 0.2753689832854689 0.14559737092455832 0.05061405583431846
0 0.61862027246539 0.22555293534931384 0.1426359599846837 0.05045484241686369
0 0.32554712266545166 0.7238758823327851 0.14864356322129085 0.049248277095326205
0 0.4733434056800912 0.574302221599378 0.14821923902331877 0.04981937743069833
0 0.6185039068065517 0.8740382947419818 0.14061679086424297 0.05034102055064418
0 0.32686598757480056 0.7739904637922321 0.150203809187405 0.04996805023728756
0 0.473703471360598 0.1755687061109041 0.14876331456888772 0.05023676888984546
0 0.9135337760020897 0.0258936923520084 0.15269660369965807 0.04965115436597874
0 0.6168757615480742 0.5245827624672337 0.1408967363073471 0.04989861605460184
0 0.47381877029558084 0.6741279133579187 0.14935919579039228 0.049458486992016173
0 0.4734181227292696 0.8742842423288445 0.14751798403661665 0.04973240902549342
0 0.6164717978619515 0.5744620373374538 0.13947790082102487 0.050054148623817844
0 0.7610114193252518 0.5245313477097896 0.14657314497649127 0.04963262457596628
0 0.3262947221657425 0.37458848116690663 0.14719845386261635 0.051879414340905976
0 0.3266015560068983 0.5743167107565361 0.14828412366130794 0.05024240728010211
0 0.3268236664653187 0.624334034166838 0.1482474840158387 0.05023916144120066
0 0.3263042415166698 0.1255561343410559 0.14848406481525456 0.049642847295393026
0 0.47401803894970557 0.22569474839327625 0.14767947675246962 0.04984502625047115
0 0.47256465088632693 0.07603726261540462 0.1475833788468845 0.04896478903921027
0 0.9127281212154493 0.12576562479922646 0.15090923831093275 0.04933161484567743
0 0.4733800685152094 0.5245712179886668 0.14633136969569244 0.04999264499597382
0 0.6175433451643831 0.3756313156663325 0.14294595921293218 0.052315728706226014
0 0.6178423988782888 0.8241433929978755 0.14155291061633263 0.049585175095942985
0 0.32554177745135 0.4256272065012079 0.1473471922715022 0.05001908017877947
0 0.6186236349644996 0.17590741107338353 0.14083843752968275 0.049915029291521036
0 0.6185005211177931 0.4751419435467637 0.14113095176256174 0.04907303525690447
0 0.760956459857048 0.5743266490467808 0.14653631981382978 0.0500866739373458
0 0.9120747296643473 0.9243966822038618 0.14952843384902165 0.04976674130088404
0 0.9119322524607 0.574173040557326 0.15003174199159386 0.0495147705078125
0 0.4733220016340354 0.8241271303411116 0.1465264410233425 0.05014573482044957
0 0.6171258387232261 0.9244025715610438 0.13971211627623956 0.049958011560272755
0 0.47294426544096696 0.4752652017693771 0.14719583343227582 0.048563973945483827
0 0.4718482298691585 0.4258693059285481 0.14734823580570858 0.05015841701574493
0 0.6212673245229982 0.02625949079530281 0.14484509870998766 0.04978690753903305
0 0.326200189561467 0.4752289286830969 0.14668023477571712 0.04833850525973136
0 0.9122749954733805 0.9744294819078947 0.14992469857166604 0.05016514292934485
0 0.3250450435742781 0.2752406722620914 0.14748598232095364 0.05045146272893537
0 0.32611101376611773 0.1753178897656892 0.14807919673281963 0.050008422450015425
0 0.6180317423626283 0.7742485581782828 0.13983627365715234 0.04983948824698465
0 0.7622458739121272 0.22571457478038048 0.14422556404647133 0.049328134770978964
0 0.6159909372996415 0.6242932771381579 0.138170932201629 0.04969292356256853
0 0.7648639852877446 0.026003313267178703 0.1417125481602631 0.04982778776371689
0 0.4738697179545023 0.7742335001627605 0.1471576168906725 0.04966963383189418
0 0.47232269008833583 0.3760965246903269 0.1454143118351064 0.05010089539645011
0 0.762169811863305 0.47572425373813565 0.14566462090674867 0.047619434825161046
0 0.32634810473781223 0.6742085239343476 0.14655600782585723 0.04966949998286732
0 0.7629958503514439 0.32492458611203917 0.14301204971267098 0.05029500994765968
0 0.9129708704615074 0.17567091657404316 0.15226963588169642 0.04973423271848445
0 0.4723052282826154 0.2754248066952354 0.14468388426992307 0.05057154203716077
0 0.47178445833432275 0.32535542939838613 0.1433779823743826 0.05174509684244791
0 0.6160136631556921 0.42606572937547116 0.14281572614397323 0.04912423250967996
0 0.7614694612729151 0.8741273712693599 0.14612103957897987 0.05053403084738213
0 0.7613584292333538 0.9740642079135828 0.1475706709192154 0.05057298091419957
0 0.6182214105020539 0.3250971175076669 0.14607572700477298 0.05059068244800233
0 0.6173594048682679 0.12599104329159386 0.13943680876294168 0.049883942855031865
0 0.9124364418099354 0.6239574499297561 0.15023775883358662 0.04993037173622533
0 0.9130441961317439 0.07600324614006176 0.1504735511849354 0.04957979603817588
0 0.9121128534473547 0.6739431682385896 0.14897114020350494 0.04974659702234101
0 0.9124139478503751 0.5244139119198448 0.1496620062274411 0.04953956604003906
0 0.3255862320085427 0.32465902964274085 0.14795916710943435 0.04942358585826137
0 0.6167853914857998 0.6741489611173931 0.13799102690444529 0.05000198096559758
0 0.6172633069626828 0.7242377097146554 0.1421051025390625 0.04958497432240269
0 0.4733160187045854 0.9240460981402481 0.1484994163629132 0.0502948426363761
0 0.7614506312779018 0.1758349569220292 0.14520755292434462 0.04976764478181537
0 0.7614497500712386 0.27524220316033615 0.14458987343275076 0.05031528807522958
0 0.912241834275266 0.2258095239338122 0.15075961869538373 0.05008163786771005
0 0.761214769357606 0.8238820527729236 0.14679942957173728 0.05001335813288103
0 0.9122525015138203 0.7239259753310889 0.1493914294025456 0.04973622372275904
0 0.9121909561852916 0.2758258685731051 0.14976775102702317 0.05033024570398163
0 0.32668965348356765 0.036701529695276625 0.15011615231406725 0.02875305267802456
0 0.7621763977236299 0.3753016287820381 0.14477655010745155 0.05244224949886924
0 0.7616490187253633 0.7241562625818087 0.14671678166259022 0.04992615549187911
0 0.9122909963312121 0.8237455267655222 0.14908532603533434 0.04964808413856908
0 0.7606497767486108 0.6243023788719847 0.1486132311603581 0.04964179323430647
0 0.326801184100583 0.5243640698884664 0.1491347895567178 0.04960859867564418
0 0.7613571769923061 0.9242169898852967 0.14752215817344225 0.05019037347090872
0 0.7612212392696855 0.12591197197897394 0.14606816717918883 0.049541757817853964
0 0.7608704494487912 0.6740478381775974 0.14791346031119396 0.05016286749588816
0 0.12724896078776443 0.7247359961794134 0.2446923886388993 0.04978260241056744
0 0.9114122477708254 0.3250316987957871 0.14991505167766908 0.049395745260673654
0 0.9122466113429664 0.7740115784762199 0.14964345450821617 0.04965932745682566
0 0.13021252510395456 0.12590573545087846 0.23954679755816705 0.05006282371387147
0 0.473020257920842 0.7242112745318496 0.14710831569683225 0.05021727712530839
0 0.9120845620755366 0.4752140881722433 0.14988982133952317 0.04820729975114789
0 0.9123766588947331 0.8739439646402993 0.1507259473249905 0.05040399651778372
0 0.9117567068175342 0.37525257311369237 0.15014147541080927 0.053053203381990134
0 0.6156024411094225 0.07595736311193098 0.13921247209821427 0.04963918736106471
0 0.12845410365826454 0.7742334667005036 0.24376234457485585 0.05001155117101837
0 0.7614572171382267 0.7741467659933525 0.1470861000130604 0.049526281524122806
0 0.7606293002885164 0.42628897282115197 0.14554788421352582 0.050073456345942985
0 0.7598970407410597 0.07614776753542717 0.1466115006559888 0.04970061569883113
0 0.13031193659298324 0.8744125366210938 0.23823459315082585 0.050567626953125
0 0.12776697098665324 0.9744546455249451 0.24445395302989925 0.05029979505037006
0 0.12863094393605518 0.8242250409042626 0.24316888304829234 0.05040700812088816
0 0.12973513719158697 0.22560313709995203 0.24690752841056665 0.04905195403517338
0 0.12863850883437505 0.17604561855918482 0.247777119958292 0.049210832830060995
0 0.12836413307392852 0.07559500869951749 0.24511081215820776 0.050387169185437654
0 0.12759661602031858 0.02562136895823897 0.24738629175899238 0.050333707479008456
0 0.12940606411467206 0.9247304682146038 0.2447658490989708 0.05149038214432566
0 0.47144862583705355 0.035988371623189824 0.1471195858662614 0.03079943280470999
0 0.4013086595994679 0.010715059732917873 0.3000447986733142 0.021232607564246928
0 0.12918975034383293 0.27493044368007724 0.24329024680117342 0.04979299244127775
0 0.9118033643913849 0.4262745673196357 0.15026465882646275 0.049594511065566754
