0 0.13999570034892184 0.606113652514804 0.26219439832239205 0.19635498953979233
0 0.13976617100460284 0.2641799100645029 0.262821595525481 0.09410210222701865
0 0.1400228696442693 0.1662026504548998 0.2637503622659569 0.09482589041351512
0 0.33256160756929326 0.9489122783555599 0.12366087449704363 0.09890325914775742
0 0.13984165100452026 0.3622278914077014 0.262413779243094 0.09621839260093219
0 0.3323701639644435 0.8506482361228602 0.12253489259813653 0.09754124214188561
0 0.8122188380507173 0.07827157022593634 0.11946364439250341 0.07848904036665671
0 0.9316420007924564 0.9495752743601547 0.11987279673091701 0.09979863581890261
0 0.8125318516799009 0.9488087388866774 0.12112726930712091 0.09855078436007166
0 0.14013686955300836 0.9483431352425026 0.2635140243123789 0.09914545597797239
0 0.6919888981053087 0.9491674662142549 0.12205884756286288 0.09944953027551089
0 0.4507013331345522 0.9491378233437832 0.11877320503276553 0.09879842381568471
0 0.13984880909893682 0.4591698940139413 0.2594614791088417 0.0959568226160264
0 0.8123898115314421 0.7535021026676121 0.11993283131083504 0.09861680858960326
0 0.8123128505352416 0.8512142691642615 0.12032572428385419 0.0981811393851181
0 0.6912048006318305 0.16694609526615994 0.1208617830537056 0.0988810836889182
0 0.5712194599089075 0.9482950587181529 0.11894155200061902 0.09880827237592887
0 0.9317249652466486 0.2646536047544702 0.11996901882150786 0.09768479138676021
0 0.9315157614119067 0.8508699583146729 0.11977674140304816 0.09767380894622481
0 0.33261837985346226 0.753467697499917 0.12280181718002903 0.09886185631883623
0 0.45064561354006577 0.7535578571813627 0.11805216471354169 0.09870097490379512
0 0.4507241587821252 0.5583095348058486 0.11847899390048668 0.09950849205065686
0 0.14030614478991982 0.8490019391296775 0.26220324716932786 0.09969477238422239
0 0.9316929051133452 0.7533662314121385 0.1193575833013149 0.09864557675242171
0 0.14029849813284118 0.05805877717943455 0.26487015114455925 0.1161175543588691
0 0.3328301685103953 0.05936813835378918 0.1235809326171875 0.11728981497940744
0 0.45043422094459745 0.8512689869874602 0.11770959239188439 0.09819066397956476
0 0.6920806801384265 0.059281352915328524 0.12215427753052426 0.11742246897610382
0 0.6921490320091039 0.8511057406220972 0.12106986124007428 0.09877645893461386
0 0.5715994704616526 0.4606449750831426 0.12032101323695782 0.09757224566870687
0 0.5716632988934961 0.36242057006576767 0.12024663706294826 0.09913223817343418
0 0.5721232096354166 0.1669250091423148 0.11917806323108777 0.09918385402412172
0 0.812421329685899 0.5580264534919884 0.11999920287418886 0.09945899007679804
0 0.9314656909046277 0.16693700397596742 0.11994392103184767 0.09898210432372528
0 0.4505632327554004 0.4606713620973494 0.1192533566000683 0.09706669704169985
0 0.5714289555784131 0.057045152565096596 0.11734046310674948 0.11383505418675215
0 0.4505507463965911 0.6557340844674728 0.11821830207532873 0.09602262006949973
0 0.8123619621568691 0.6555423291119294 0.11987096234097507 0.09608449753682324
0 0.6919610278853952 0.7533142996947982 0.12156260339288764 0.09900291102707007
0 0.5719288059922515 0.26449153276512327 0.11906649897007343 0.09713202474476679
0 0.331668468120971 0.16704803515391745 0.12095364846818434 0.09919043052981108
0 0.33212359485730447 0.55827819111494 0.1226866675204918 0.09985769478378784
0 0.4501149537133389 0.05806089915540821 0.12041773561571466 0.11612179831081643
0 0.6916425527770663 0.3626188047372611 0.12069802206070697 0.0994749939871948
0 0.9318844737902364 0.6553276369779226 0.11980142228590335 0.09563697118414942
0 0.8120695437238515 0.16689756518969365 0.1201691340879013 0.09863810934078922
0 0.1397554441227939 0.7515079959942277 0.26203825239275325 0.09843635964039278
0 0.9331249382977929 0.36215857892532505 0.12114219457073942 0.09922644742734872
0 0.45089311026484585 0.26470776373666816 0.1196533786794527 0.09652766654952064
0 0.33215882348232584 0.6555923818276439 0.12277246694095799 0.09669841272309582
0 0.9328151765416881 0.07805720813208579 0.12157377649526127 0.07742567528078764
0 0.45039636580670467 0.3625449243371401 0.11932177100676658 0.09874182699086054
0 0.450683343605917 0.16673639625500722 0.11977682478440915 0.0984503306654102
0 0.6919582346098019 0.5583630053607268 0.1218051597720287 0.10008071283879047
0 0.6913669773789702 0.26488929797130023 0.12062548027663934 0.09707144314063329
0 0.8121012703317111 0.2647754806874917 0.12014203514557717 0.09704495893668723
0 0.9318420326774889 0.5584056230613886 0.12002471757065403 0.10000532599771099
0 0.6917936398031932 0.46056173207147355 0.12104055269168375 0.09752834830314489
0 0.8121239500619023 0.3625360152777087 0.12021107491248292 0.09933539712504977
0 0.5717660664209252 0.8514256892437134 0.12085315308284239 0.09837746265840633
0 0.5714781505814016 0.5586700763418923 0.11950287532285263 0.09999904106123939
0 0.9332042339721014 0.460378578007854 0.12152474825499487 0.09726810657800888
0 0.33214839038953103 0.3625582879262872 0.12257379000304175 0.09937456458996814
0 0.33184807157255913 0.26478669800323035 0.12213024285321677 0.09709314884906614
0 0.5715716836231003 0.7537353904383957 0.11901788763661202 0.09874023955845276
0 0.8122954238307932 0.4604129993738389 0.12027069258559597 0.09737699148255043
0 0.6919658223136527 0.6555226967846005 0.12167224988259905 0.09655554380639597
0 0.5714512600924799 0.6559027086650744 0.11930042537835125 0.09635390749402867
0 0.3322179095992625 0.4604753141949891 0.12211998694581412 0.09757567970616045
0 0.8736063639322917 0.019731191566289105 0.2363921618852459 0.03946238313257821
