0 0.12223521600501815 0.5097333491243274 0.2444704320100363 0.4765732114678187
0 0.6789022343286714 0.9547295778792424 0.12545239166374064 0.08005557028663081
0 0.8034741881486034 0.95474853515625 0.12506187334191635 0.08092695829884106
0 0.42950820446609705 0.9546081542968752 0.12632532393590043 0.080614506803601
0 0.5541374406564549 0.9546820432145074 0.12545890665232912 0.08079138749482614
0 0.3042865234070205 0.954544653481995 0.12487926316469647 0.08115638581332782
0 0.9287743729152037 0.9548777195002071 0.1274759242597144 0.0811073960057947
0 0.12298949491721414 0.8742138591033735 0.2410379555769419 0.07777972695053806
0 0.12643068723761933 0.1459143379666158 0.24525606051812904 0.07828826904296875
0 0.4294117940647921 0.8736987789735099 0.12553708651539092 0.07985548815190398
0 0.6783989800347221 0.7928927187888039 0.12419854210557116 0.08029696230856788
0 0.9283210668670996 0.8734932804739237 0.12563557333118758 0.08064643910389073
0 0.30434374862842345 0.7124483020100372 0.12478668174791277 0.0800772357460679
0 0.8030459514717931 0.8736759413157078 0.12411975265293383 0.07983552035906456
0 0.6783626523059554 0.8735875413907286 0.12444706415564528 0.07977804221854305
0 0.3039195695322253 0.8732324461273799 0.12446676151880462 0.0793218549513659
0 0.12344641334257471 0.05238898649120963 0.24689282668514942 0.10218126765939575
0 0.3041186291031474 0.3888847300548427 0.12451029002443235 0.07882629798737582
0 0.42964585741212163 0.05608786384001473 0.1249378980619928 0.10296909540694282
0 0.3047768524970008 0.5499899756829469 0.12452419628662416 0.07919638930567054
0 0.9287040415179267 0.7125900571709438 0.12607463022296347 0.08017303264693709
0 0.3039186741975363 0.793173520928187 0.12439227729254448 0.0797491010451159
0 0.8036418633812227 0.055405259921850754 0.12388925159468635 0.10375424694541274
0 0.30444835991448677 0.055187953702661385 0.12416286206572838 0.10393924176298232
0 0.6791709871327832 0.05555577909709601 0.1242793889230259 0.10316798039619496
0 0.5538760219769233 0.8734863685456333 0.12380924296289794 0.08019219202711093
0 0.6786923831172947 0.14657461911637262 0.12433867150924625 0.07942778732602959
0 0.4293126024110487 0.7931862130070364 0.12521838546543385 0.07989510037251656
0 0.8030045374800054 0.7931284923427151 0.12414756517731741 0.07995039579884106
0 0.8033217907547207 0.7127123902175602 0.12407342384519351 0.07985771128673427
0 0.30466592624392846 0.47008610403300904 0.12440224027216955 0.08005904646109271
0 0.304101598694381 0.14678162328454833 0.1251183556260241 0.07883536231438845
0 0.429489173841536 0.71268557112738 0.12520821293939216 0.07985686245343543
0 0.5540925024749337 0.7126936552540356 0.12409933140215354 0.08014805269557118
0 0.3045756688874015 0.631625285369671 0.12348564614666238 0.08045149038959024
0 0.5538580962334679 0.7932134160932326 0.12385949600353074 0.0800028617808361
0 0.9290382109033629 0.6319343617420323 0.1255542693215512 0.08046777990480132
0 0.9283878169256202 0.7932598998215026 0.12541078717521068 0.07982808296254139
0 0.5543415007668636 0.055625324375582055 0.12322293208928292 0.10347616435676221
0 0.9285425002804112 0.2273042792516039 0.12615235289384363 0.07974247206125828
0 0.12269537385260121 0.9540087971466267 0.24415898200277975 0.07799686659250828
0 0.6788124722636742 0.7125109337813016 0.12408310107970505 0.07944073203383692
0 0.304192341817601 0.30837729750879556 0.12466933575462313 0.08022630704159768
0 0.12253726763969355 0.7927292981684603 0.2450745352793871 0.0776470664321192
0 0.9283322299762017 0.1466050255377561 0.12593404362710675 0.07963924786902421
0 0.678830093212342 0.22724128369463992 0.12397455603591215 0.08010876384002484
0 0.3044418258762241 0.22713966622257864 0.1253845938731371 0.07953980300600165
0 0.8036595033795646 0.6316454148450434 0.12397573711571473 0.08101050774782699
0 0.4305385822958119 0.5496323743403353 0.12736692202373986 0.07800050444950331
0 0.6791293254952305 0.5505453551841888 0.12418730279777232 0.08037327646419704
0 0.6786294620432954 0.3092640958874431 0.1240153985374727 0.08158611777602441
0 0.9288049285926772 0.5504507506920012 0.12555160236715823 0.07992949833143626
0 0.4302486272042759 0.14568908893509416 0.1274247949340668 0.08072782604899627
0 0.6791414982370669 0.3900352831707885 0.12432099341155586 0.08052149892642799
0 0.92937584732951 0.3894943540459437 0.12677802039442884 0.07971167153870033
0 0.5542568249648876 0.6315328838019971 0.12387332606702559 0.08080937467663492
0 0.4303320266780782 0.38903123464015943 0.1277583928292759 0.07777354259364652
0 0.8033575660429346 0.30888191879979826 0.12389809064353152 0.08082135939440191
0 0.5542532817254798 0.550678500750207 0.12376611450042915 0.07988135735720199
0 0.5542994390861521 0.3898530669559706 0.12447982959533005 0.08018827122568295
0 0.6792040383175817 0.6313284766595095 0.12437726614924703 0.08057525836868791
0 0.5540817203593165 0.4701670059305153 0.12400080648700844 0.08028366392021936
0 0.4296182544341546 0.6315731831733754 0.12467025013898643 0.08087817059447434
0 0.5542331652694874 0.3089371535951728 0.12440946009870474 0.08165390317803187
0 0.9291192101182116 0.05524250403145291 0.12615181950296506 0.10425348660803788
0 0.9291827979308089 0.4704352776735824 0.12623906701096285 0.08054114335420116
0 0.5541170956043715 0.22722509523101203 0.12435204438055945 0.07943531566897764
0 0.679009712590707 0.4700357803445778 0.12411975265293383 0.08041782000206954
0 0.8035113731127106 0.3897191533979201 0.12401810359121411 0.08020330770126241
0 0.42955308549859544 0.47022371607900454 0.12490261806530899 0.0800921509597475
0 0.8038874517814645 0.1456919992206902 0.12287458974621566 0.08129048126422807
0 0.8034119338132022 0.2272435775655784 0.12436236930399501 0.0798694130600683
0 0.8035191453797986 0.4702106197938224 0.1240717474738608 0.08060670562137831
0 0.5545174435581012 0.14589363249721907 0.12226503827003356 0.0813870158416546
0 0.1222809733225314 0.22622144080155734 0.2445619466450628 0.08097560453099131
0 0.9290468213561174 0.3092168542722993 0.12623655245396379 0.08089013510192465
0 0.4297541929094979 0.3089866183451469 0.12536792540818117 0.08154818301169288
0 0.42954018886913814 0.22713907001823777 0.1252485220500741 0.07972899178006002
0 0.8034372698799354 0.5505254278119827 0.1233810062860877 0.08022477105753312
