0 0.18542968902310958 0.4886387066902417 0.3404885277984862 0.46343060896070104
0 0.5073767521853023 0.881585332092095 0.09981967489862181 0.04691277461383696
0 0.5076712246598869 0.5583214051750713 0.09872815916196405 0.046875
0 0.6081378749840489 0.9746056989469756 0.09873976248794807 0.04096580814349689
0 0.7154434121022857 0.6971369314540337 0.11417717076905626 0.04514579733336579
0 0.8820063873124859 0.650685945156331 0.21475585272870348 0.04675717616254543
0 0.7147901642344174 0.9739975340022228 0.11297513266007826 0.04180337781103972
0 0.5082384583738019 0.697478107202833 0.09922059434728052 0.04631021881895769
0 0.6086843113284794 0.696979051314658 0.09722340994002382 0.04454634716948988
0 0.6066458644970791 0.5584646444825739 0.10083140738430126 0.04629836671696521
0 0.6068398809692604 0.512146677431164 0.10027555545315338 0.04611168026552766
0 0.7153971649557621 0.5584241762091932 0.11470721291543784 0.04635002159998053
0 0.7143776784574922 0.2347006872064228 0.1119836713787432 0.0462779107494889
0 0.6081193484325375 0.23526044550466882 0.09912042912034937 0.04641322752892166
0 0.5077722068274302 0.8353132364782094 0.10026818914119215 0.04674145786685488
0 0.5078277726355135 0.37351763161790946 0.09919234758712853 0.04669094382788162
0 0.5070100704684665 0.2348091228481146 0.10123827150209845 0.046302042769989615
0 0.6072769026574552 0.8823654475860755 0.09766915489238316 0.04502106505143432
0 0.6072706717544805 0.6509278674734715 0.10136322187641786 0.0474367389302635
0 0.7150234769346926 0.6508236703842971 0.11223523370150862 0.04709879557291666
0 0.7137472218480603 0.5123091051016517 0.11208137193738658 0.04628068363431334
0 0.7151712185674484 0.7887516199985397 0.11439555699509414 0.045699930636682234
0 0.714696949925916 0.8368231118777583 0.11515223785234233 0.048595773096767915
0 0.607243809639434 0.3742960041557146 0.09843796524075545 0.04795360466153946
0 0.7154529661535135 0.8830707744150765 0.11614896078507826 0.04444005853290498
0 0.40934392025596217 0.5585290387907257 0.09768385982340347 0.04629545122663552
0 0.5085752317563592 0.973923347449377 0.09773032851314371 0.04125254027940031
0 0.6074821070620888 0.4209725923627336 0.09803038110750341 0.04376087604653427
0 0.7141184175079401 0.18928090508481799 0.11213553925391334 0.044435907128196395
0 0.50759684152482 0.5119834575078692 0.09964878199970224 0.04593437408732477
0 0.6075575148345338 0.8356830917786217 0.09655230015029492 0.04916188526252596
0 0.9396251533079061 0.5121867654231973 0.11515173938010434 0.044844519435926135
0 0.7160868566828068 0.7427881543881425 0.11482091997150068 0.046325113171728965
0 0.6083473164027057 0.09714190839554555 0.09849124638441481 0.046037832778126085
0 0.6066580216811054 0.6047308457355757 0.10073553455719714 0.04565993771498572
0 0.6095402989326935 0.04714803705581871 0.09545693510024388 0.05310184760009512
0 0.5079271070753815 0.41993201583592943 0.09911441976059156 0.04551543080299195
0 0.7163650318845 0.09823766358083513 0.11402031817150632 0.045910188504907176
0 0.9395885986771212 0.18825678364881476 0.1141377360764519 0.045873481536580024
0 0.6081331394977881 0.18972809218171974 0.09948431385407214 0.042930864470770054
0 0.9386271011158689 0.41907712752202586 0.11747572772515881 0.04625751816223715
0 0.9421346010183898 0.9737179004514701 0.11573079796322026 0.04267270097108645
0 0.5074631678863359 0.46582604841032255 0.09909143465184041 0.04580767701843198
0 0.6079511140522205 0.7433332560094592 0.09782888755175251 0.047255725008923936
0 0.5069839493238362 0.3276122167521276 0.10022544477621524 0.045357371605103364
0 0.6072931583909936 0.4662470040167851 0.09997746905484346 0.046150405582733
0 0.7137903120037431 0.3742381697008048 0.11529452398338248 0.04627130336107866
0 0.8829689372040184 0.7433968263746916 0.2167671328231341 0.04488302292234554
0 0.7148655166210582 0.3276427715614453 0.11245013062188067 0.045116135388272326
0 0.8262327163059353 0.9735991576007593 0.10616035253729014 0.04228132808443666
0 0.714185738952969 0.4197857818128164 0.11404518639760095 0.04631177163445937
0 0.7150317017266192 0.6044263037565712 0.11511169544365359 0.045296895788713654
0 0.508533069312897 0.6510250293577201 0.09950181576820553 0.04687037324360722
0 0.6067440635279605 0.7884500568900896 0.0991134505090177 0.043286538445937175
0 0.7153163847603079 0.04765482632170585 0.11157497952940677 0.04879509598047686
0 0.6082850627587625 0.14458245329891534 0.09935338181289702 0.04819519423250098
0 0.7157183749273338 0.28167477426499216 0.11418287550689088 0.047320562978647465
0 0.5077402769112976 0.09979415212217273 0.09794669315732758 0.03889636458637558
0 0.7140051258454089 0.4661694741570937 0.11203146932778471 0.04651861299730659
0 0.8238334795402309 0.837141329404064 0.10049741737362337 0.045814331942010574
0 0.5075825242944292 0.1894840070144162 0.10007885276946744 0.04413963626849689
0 0.827101276487707 0.1884361338392596 0.109832763671875 0.04656204429618542
0 0.5079029588647417 0.6051486164857541 0.09802055012725443 0.046654310058086707
0 0.7150872813811536 0.14458242160880305 0.11442186525209845 0.04634528392819477
0 0.6072735241233977 0.3279429244598991 0.10140769667720621 0.04355891496097806
0 0.5075697717130077 0.7891983238212293 0.09752902880770757 0.045928733247339044
0 0.8807285537304332 0.6975410437658196 0.21527310075431033 0.04692982389424325
0 0.8262358732967757 0.5120805560118932 0.1068773771587171 0.045567149066231834
0 0.9400857139628943 0.14239459171473423 0.11687717333895757 0.04604554300120068
0 0.6070141524022374 0.9296084014797508 0.09949500331428653 0.04884891371365525
0 0.714519659966609 0.9291861624237409 0.11284996074254197 0.0476417739567108
0 0.9409527233421479 0.9288628598982672 0.11641060332421166 0.04673252125519211
0 0.6078801094512108 0.2825713033864307 0.09975952591523934 0.04767881969796535
0 0.9385722691696915 0.2344142798941702 0.11637731645587568 0.04488945601513824
0 0.1893132550746689 0.928193501346703 0.34486650858081186 0.046268704771871755
0 0.8218043375239396 0.5582361587730391 0.09854191078404118 0.046062845802505165
0 0.4084689076279988 0.6504133151203919 0.10115638359055978 0.04582567700220665
0 0.8255393414229101 0.4187083813755435 0.10798465015667537 0.047032278027242344
0 0.5076469795240897 0.9292832609277649 0.0974333221380161 0.047839773778232085
0 0.5076542766037957 0.1435142548779956 0.09905759392546223 0.048636391898181947
0 0.825421065037999 0.23462606491453303 0.10699695511002723 0.04585999739380517
0 0.19296848882131698 0.03615000834717558 0.35099463108014284 0.07230001669435115
0 0.8214470990867231 0.8813946209963969 0.09804188774354698 0.04676497193016606
0 0.8258480342027279 0.37323067765122014 0.10603036205478675 0.0452365578149338
0 0.40818731235289535 0.6969059422256295 0.09986381738458486 0.04524384654075805
0 0.1887980502659959 0.8819035008193795 0.3400194320401782 0.046498901747468846
0 0.8252198872212779 0.7905216797743556 0.10130335723346012 0.045825233340634666
0 0.5076678599722805 0.28085358838549784 0.09949965572184097 0.04604281765154465
0 0.4072165792087894 0.5122213076455818 0.10047020886208316 0.04638618001809124
0 0.508239233775061 0.7434318756388727 0.09807222508259131 0.046007007824669
0 0.9367156262406421 0.09614577644958178 0.12243231411637931 0.04565134177202995
0 0.192011887711319 0.09592568465853776 0.3495338962644934 0.04723344685999156
0 0.40896185513200434 0.4205081103870554 0.09410280757287887 0.04379199573679258
0 0.19158636463532214 0.14249618625343774 0.3457645478568796 0.045021960297106214
0 0.9331087290333682 0.6050326940550363 0.12447218824394905 0.047133464555750265
0 0.8276821351094601 0.0968055804322937 0.10628834913084165 0.044743404210170847
0 0.8260453738231623 0.3284667620158765 0.10538533897884526 0.04392252730927116
0 0.8256481468352994 0.28156085623387606 0.1040389100782668 0.0481328914717598
0 0.9337109186688266 0.03812747296266962 0.13257816266234687 0.07045075281881964
0 0.8271600685188862 0.9289304865978713 0.11005026372504537 0.046867394373052956
0 0.1900624616908645 0.7895653903917605 0.3426183421635426 0.04680268316377854
0 0.4091167692264065 0.6049224124643043 0.10096588411694646 0.047119267385449116
0 0.7166734754281987 0.01095394083025052 0.10916519857361613 0.02190788166050104
0 0.5087965118906675 0.04865407795178185 0.09716215324055694 0.06086803250099887
0 0.9379672069514945 0.4661576379001574 0.11885909895715177 0.0463905532535858
0 0.1877674958777913 0.8357559473467512 0.3384016000862279 0.045602008189739085
0 0.9386735974985113 0.37399835477613097 0.11707213136981057 0.04495816017855984
0 0.18796301234222798 0.9742264316832165 0.345063611080772 0.04455756546923676
0 0.8280294594877212 0.14240591696861007 0.10952121852313974 0.04558572739455559
0 0.18672527721702728 0.7424536969431464 0.33926266983503006 0.0460117613415109
0 0.4114819702360302 0.9743064577711763 0.09228808044516403 0.0431918021191314
0 0.18971587203769427 0.18866299543053913 0.3404167374025069 0.046940661912642706
0 0.8288834532029832 0.4660442506784219 0.11359982914587113 0.046622081213898624
0 0.8231478040928095 0.6047681133076159 0.09744543963554066 0.046211345668646146
0 0.40600163620742824 0.46628648989668514 0.09991014760981454 0.046741299416293486
0 0.8230775255040552 0.03824860724085711 0.10611266535985708 0.07262476025340713
0 0.23368917489441252 0.2352398944668557 0.4289629636788758 0.04590932305356796
0 0.9394440971139129 0.30441592205703155 0.11962502924370368 0.09260984167195095
0 0.41016169091412413 0.09684781384961756 0.09434764200271256 0.04431996408952707
0 0.4088819749558686 0.3735332548432633 0.09673737181509472 0.04563952928267783
0 0.40274630787151916 0.7431745836172768 0.10501428178347606 0.04532928308346314
0 0.4017021608439202 0.8818301698995651 0.11293027015866039 0.046715535355010385
0 0.5099886082477881 0.009330917865440234 0.09498875889717558 0.01866183573088047
0 0.40416108871595197 0.30416786517545896 0.0986654205216642 0.09031414208783328
0 0.40809798141805925 0.7892029188875095 0.09888308821452783 0.04615975416585539
0 0.40339430793443737 0.9288112683954763 0.10675846383705762 0.04679298598942108
0 0.40942143194782693 0.8354555250823436 0.09481426740326253 0.045999528958171075
0 0.9359373247059268 0.7890587922568636 0.12275359220849542 0.04548285336756882
0 0.40809886048241617 0.14243421623887548 0.09553995990304989 0.04590735034407856
0 0.4113753330902267 0.036686872634231336 0.09564355756756178 0.0682211021342593
0 0.9254480490018149 0.5581597222222222 0.1153017241379311 0.046875
0 0.9375850725952813 0.8359375 0.1153017241379311 0.043402777777777714
0 0.9375850725952813 0.8819444444444445 0.1153017241379311 0.04340277777777786
0 0.4086488759491593 0.18839784426109815 0.09305605926533263 0.046581898151528425
0 0.6124188099495945 0.010151927468685101 0.09549902831145078 0.020303854937370202
