0 0.7390568224467465 0.2003184974780144 0.1603016023654099 0.07661541946723008
0 0.7392290454521689 0.4272118336679717 0.16128954331232073 0.07541898486291163
0 0.7389377572112512 0.3512593225310194 0.1607272729818953 0.07652087503992004
0 0.7389122869954738 0.2758354285194692 0.16051726769762786 0.07574301177493377
0 0.41817645041938034 0.2753525415575026 0.16560022416123923 0.07537040161779665
0 0.4182790752578648 0.35088369757907123 0.16472370446754003 0.0762378077539506
0 0.1705743694396593 0.9571182516648135 0.3330515488611808 0.07432825289198523
0 0.5788022801707396 0.3511685437094886 0.16105065427820267 0.07670095416292108
0 0.41909972385968125 0.42681371903978993 0.16413587639482255 0.07468078751892505
0 0.7390801920261711 0.12485976872527176 0.16084420840553298 0.07594508965930462
0 0.8987946373554763 0.95662036003442 0.16107160229072057 0.07545266739804125
0 0.7391313658617651 0.5033324456052469 0.16126596950436187 0.07701204402441332
0 0.7390222494734405 0.5789437073816592 0.16121998890864006 0.07507827839645628
0 0.578717029345423 0.27557069257206307 0.1608635809407863 0.07558109072642648
0 0.5787233020789765 0.20010330927904404 0.16120837705769003 0.07657608852343159
0 0.7393514075197181 0.6546128624591928 0.16129852936782982 0.07740098720784444
0 0.578740894908431 0.5030426094696253 0.16099732145524615 0.0773506251182816
0 0.4182457422435169 0.1998490500323796 0.16412668611077916 0.07629142720802186
0 0.418194597583428 0.12478569544778459 0.16322965603713552 0.075345751916162
0 0.5786200207916319 0.05866079597559777 0.16088476235734345 0.05635076865023686
0 0.5790682148978997 0.42695697377253267 0.1607113431562201 0.07548902975078066
0 0.41881240348742976 0.8053737643268594 0.16295952003726996 0.07624053377531226
0 0.57877024546636 0.654587450395652 0.1614989067354804 0.07760677871877365
0 0.7394149809448942 0.7302657538160604 0.16187661282191082 0.0749500167812027
0 0.5785825302678358 0.12468056169808768 0.1610179777127151 0.07569363729056763
0 0.7395568614252211 0.8052534728588071 0.16138197131184273 0.07614401413760882
0 0.7380161030114722 0.9567403973818367 0.1607810726129302 0.0749370335269209
0 0.17055680874884702 0.616602930131056 0.33951911051004385 0.29802685953468017
0 0.7392280826605073 0.05866591881658884 0.16107183569475977 0.057342104799904495
0 0.5801798308100801 0.9564890027677896 0.16041626209966536 0.0751182446418433
0 0.17497792526595224 0.8057718789550411 0.33089306796713946 0.0762094386502886
0 0.7391642466557871 0.8811010668261496 0.16024955326466897 0.07659685710990727
0 0.5786540394303448 0.5788388479667392 0.16123638554239364 0.07514799985806207
0 0.4185528873713477 0.8810916412607637 0.16273049232380796 0.07683637735971802
0 0.5789647293820208 0.8053065609697319 0.16129957968600622 0.07627698853555545
0 0.5790965443131573 0.8811463465030045 0.16124986462565727 0.07687666703136828
0 0.17487513403591645 0.8816486736935797 0.3313613466733273 0.07651221183644019
0 0.5790645096087775 0.7302462096290099 0.1607661347544216 0.07497598328976628
0 0.4191511894503241 0.9566762203704581 0.16414918042505675 0.07579559164458743
0 0.17458095514067729 0.12503855991868879 0.3313617013380587 0.07465989764760066
0 0.1693325589765326 0.2756786476383599 0.3386651179530652 0.07192965441811365
0 0.17321640446810604 0.3516212942742832 0.3306608719761923 0.07656964310004258
0 0.41827767483362954 0.502998092154677 0.16393876668372073 0.07712556664281321
0 0.17324262504140006 0.42743543672525547 0.33035530414909525 0.07443156448121688
0 0.17437189851618634 0.20042234041039284 0.329992231401841 0.07574142929643145
0 0.8945234601401918 0.2759737625526353 0.15567320026813455 0.0752920631564629
0 0.8972498235465465 0.8814895941758139 0.15819728989902007 0.0766836277559614
0 0.17479150427459075 0.05895984398425302 0.33279371443943584 0.056171012953499064
0 0.8947975931842287 0.20045499491204283 0.15313143028127987 0.07606335393774248
0 0.41690251658569105 0.05879261672361433 0.15880212729109405 0.05712381228635385
0 0.8955591322131184 0.42754071197394256 0.15469255319744862 0.07510831083518642
0 0.8956427783856655 0.6550103533367241 0.1537554943310827 0.07704355498320402
0 0.8946781194916648 0.351727978737403 0.1545341302058437 0.07645625909289837
0 0.4177764542472066 0.5789976271601178 0.16280264334742472 0.07491453229974925
0 0.894847162367053 0.5034738752897899 0.15387312996683794 0.07646933475468395
0 0.41908538409902313 0.7303526168696182 0.16232778282967852 0.07480650792782456
0 0.41849761437731536 0.6547564637200748 0.16210709931061784 0.07741327740584784
0 0.8974531768156967 0.8055839220923424 0.1590496814501673 0.07594016318425909
0 0.41324112366143695 0.016524884855846477 0.8161059213442265 0.024369128611591236
0 0.8951459195372253 0.5791809405457513 0.1539673084966539 0.07453958885314156
0 0.896148098130527 0.045301130465898065 0.1571717125507887 0.08474653350142797
0 0.8961883019762787 0.7305370622471731 0.1541815734046367 0.0745208763336251
0 0.8953778939766821 0.1250031418551287 0.15369148327333293 0.0756136181677588
