0 0.38230915859606135 0.9291116444598321 0.10919514492418639 0.11185085375471977
0 0.11389200786161706 0.4345080522740399 0.20389128013475408 0.2234422595777648
0 0.7121237850753513 0.9292160543614617 0.10905552248982989 0.11214370606245032
0 0.11295909960446514 0.9316281074560314 0.20686710583683485 0.1067707686431835
0 0.11321113823285713 0.8196371508323341 0.2071346718631501 0.1069029626096192
0 0.7120281151765901 0.7094554567564463 0.10918098765717456 0.10927160896822834
0 0.11377174501588361 0.1119961658987218 0.20405534936126168 0.21098712972692538
0 0.11266742970215805 0.710287756881741 0.2057919145879179 0.1078429203302042
0 0.3819529335879716 0.7096936297151356 0.10904450726932323 0.10920242285311506
0 0.6019997681386371 0.9292442430941971 0.11051715196237057 0.11253621354580684
0 0.2718635965381148 0.9295584916689437 0.11191700591138129 0.11272591740982713
0 0.9322073129507211 0.6007651130421552 0.1106739292483358 0.10991577730648848
0 0.11555731451722999 0.27079872410323924 0.2062760855319232 0.10772054942120429
0 0.602134514983589 0.6007900510948678 0.11026152661566196 0.1100888881471085
0 0.7118509687615568 0.27076682377316424 0.10879101273576182 0.10817186025064586
0 0.932463082759338 0.7099563525856394 0.10995537571653106 0.10941929658001291
0 0.8223945572531435 0.6010185690487133 0.11008820844119822 0.11000776669937401
0 0.9324809960359652 0.27104687956065554 0.10973203760632395 0.10822311910802117
0 0.8222978761210245 0.929337493945002 0.11057511730306953 0.11218106462390699
0 0.6020196497087648 0.7102845014563047 0.11057446722448225 0.11112774726127782
0 0.38172934266942493 0.600340753746336 0.1094313040287537 0.10953835880055146
0 0.38231504541882394 0.11120839869464333 0.11329425157174557 0.20609288905497006
0 0.9327556542390901 0.929378006151257 0.11022992557322485 0.11294521701733902
0 0.3814805792633599 0.37978035543226474 0.11134116268722263 0.10957486830379322
0 0.7119264501086354 0.3794792672598495 0.10892261753420858 0.1095252590452355
0 0.932257080078125 0.3794544747599737 0.1099578315689719 0.11004478563754472
0 0.602332554202108 0.2711070050116753 0.11045860877403847 0.10857048095314985
0 0.7118716268144415 0.8185745020928558 0.10875431941105768 0.10898258955186804
0 0.7120771238789756 0.6005897461325641 0.10926195855676775 0.1096019168726401
0 0.38193962503467077 0.2706414542630291 0.10874305138221153 0.1079380538770618
0 0.932113087671043 0.10989154219058815 0.11223635701738166 0.20862990646180365
0 0.6023051786704882 0.4903211730083714 0.11022270247781064 0.11213468178656598
0 0.27113361245781714 0.1107069049237832 0.10806063138521635 0.20923079708990877
0 0.8220933902898483 0.14070480540750135 0.11036203598835058 0.15137641797573653
0 0.4919357751248151 0.929261272776108 0.10986263117141272 0.11322623102767287
0 0.4922699877496302 0.139005024217081 0.11137521958210059 0.15177914448117982
0 0.8218820425180289 0.7105512512886277 0.11052585579234467 0.11118490100854532
0 0.6023807683639979 0.8188053003744783 0.11053784613073227 0.10938363613498608
0 0.27101455778765254 0.4353872641849973 0.10805264986478365 0.21636125961813146
0 0.4920303796170025 0.6006246545546005 0.11073673406296228 0.11053505610964826
0 0.6022748055542715 0.37966914093551274 0.10997848962185651 0.11013633837191972
0 0.2713006916836169 0.7105718712738474 0.11135968992696005 0.11160845976376192
0 0.932579049556213 0.8188674271770047 0.10960426104844673 0.10925880031858606
0 0.8216371795834874 0.2721206228380552 0.11057006113627958 0.10949403796173242
0 0.11447424126799995 0.5997079142705435 0.20360329983502448 0.10861919263588037
0 0.49172955575073973 0.3791244579612356 0.11060494868713018 0.10725327629732213
0 0.38220166087855956 0.8188076534786739 0.1086455757095969 0.10911480004533486
0 0.2717480902135725 0.6010731998801421 0.11097029285318047 0.10970909227816972
0 0.4923956334943603 0.7091371084434619 0.11086996405787723 0.10946174949075914
0 0.3820613161346616 0.4899857950134763 0.10941259621163094 0.11157221710738773
0 0.2715318758812177 0.27221845860322064 0.11133489665195082 0.10937114284982365
0 0.8219721867487979 0.3794827726573368 0.11022133008968195 0.11001031387401879
0 0.49228443394045857 0.4904622622248857 0.11054239668084319 0.11299121171378179
0 0.8221793090098002 0.8189870230912782 0.11037366517196745 0.10985120036454193
0 0.49229669514492413 0.27075394234710354 0.11048753727117233 0.10783941757129371
0 0.6006687683466623 0.13933661480586745 0.10968230659439719 0.15142026576783585
0 0.27162164992834686 0.8187766507244261 0.11129540437777367 0.10988671525673191
0 0.7117042315782175 0.1385679169186348 0.1095287074704142 0.1525318224593073
0 0.49207106370192305 0.8187651763091216 0.11004942041882398 0.10968376608455882
0 0.8217138166258322 0.48895612998683424 0.10836340548724112 0.11134073957919316
0 0.9323673406296229 0.4888033965433724 0.11224025748890533 0.10829480388016693
0 0.7103821884245562 0.489113327050626 0.11001048793454142 0.10900024996273848
0 0.6572407069619881 0.03732725537537539 0.4393869849151509 0.052084843890486315
