0 0.5717592849474563 0.046599388122558594 0.16900824858283353 0.0784726015839653
0 0.7370793249470619 0.7518885122946269 0.16172441167863527 0.07020278849356128
0 0.571406997012771 0.4017336017073366 0.16899920633746318 0.07136557326647147
0 0.737345814303517 0.40157034892595467 0.1626749777231955 0.07161418582787522
0 0.5714487403330176 0.7520874457079817 0.16832900127577863 0.07065009054451599
0 0.7371444188384497 0.8220243843580012 0.16261425082531042 0.07081373631424845
0 0.5715412949070786 0.3306688542476132 0.16763547133115003 0.07095250185598911
0 0.9008387042215777 0.4017638889129801 0.16737057464291355 0.07145460545487345
0 0.1659029728234416 0.2605846127227187 0.3212495729176685 0.06986991380925289
0 0.7370969470502553 0.4720488390744685 0.16224125820378263 0.07087469016256383
0 0.7375995109378288 0.6823967345866175 0.16249598236597748 0.06923099605905861
0 0.16516981331587643 0.9624437565913633 0.32373191150350605 0.0704898597080373
0 0.900305931014244 0.7521482911457178 0.16755943426780828 0.07073188632673734
0 0.9012413923989242 0.2607063239251742 0.17004831230600273 0.06931817171628692
0 0.5718426945233586 0.6822398373754579 0.16884882763178663 0.06938401759200155
0 0.5714741716481219 0.12014748148130482 0.1691451666732428 0.06903245563405445
0 0.737306382921007 0.2606280921407534 0.16288885765204125 0.07001305642814026
0 0.16401198817423296 0.12062462381735363 0.3199679361850726 0.06696812902832965
0 0.16683278220269815 0.045891807092019545 0.319778308322534 0.07958151730932096
0 0.5726898398864951 0.9622752865508437 0.1674056647201178 0.0704144059447158
0 0.7375254261774647 0.6125709438832149 0.1627590295040246 0.07019910253385879
0 0.40754776771622475 0.6821371454540409 0.16485102489741163 0.06883031055728242
0 0.7375167178786564 0.3305037720377026 0.1630945687342172 0.07096177096053508
0 0.4074506791753801 0.7518430069538883 0.16359340783321497 0.07080918306991008
0 0.9005019062697286 0.4723454775225841 0.16643177379261365 0.0704938980021231
0 0.9009660919908721 0.6823211182074267 0.16863099172059134 0.0690967837616563
0 0.7371248701204756 0.12014765087283524 0.1617121327204335 0.06871488039277586
0 0.5713368682347564 0.47264340334633104 0.16852613250013154 0.07119062569382771
0 0.5716916222363609 0.8226717039281055 0.16807967163496948 0.07110904673276532
0 0.4072177386043048 0.4015421079699989 0.16361878777192498 0.07077275711520316
0 0.40762837727864587 0.33117055130682455 0.1646393541535143 0.06880293688596248
0 0.16539630143329348 0.6123485937846914 0.32068858885203144 0.07017958862955151
0 0.16561587089641325 0.6820293040300983 0.3214811989755341 0.0693800064005606
0 0.4070902095499263 0.4721148746686973 0.16444895323679504 0.07049750265389099
0 0.16371728996636492 0.47142108761396123 0.3220624554438222 0.0669478421524617
0 0.9017549251466488 0.33072826324517096 0.16956727512757788 0.07078018323989786
0 0.40794931276880125 0.6123811440611818 0.16660226635659986 0.07064483263141097
0 0.7375516281384812 0.9619534155403531 0.16299042878327547 0.06955145773201599
0 0.16321403510642774 0.8217411617190971 0.32163001511634803 0.06644403108695049
0 0.5718013879024622 0.26069445296672056 0.16875285652751473 0.07010089610016791
0 0.9007153238110268 0.612542946851063 0.16908341224747475 0.06987153996794516
0 0.9002177177454886 0.8223203994452848 0.16608318495830704 0.07043473292836923
0 0.5717447197397149 0.8921288173533247 0.16842959625552395 0.06890110266568605
0 0.16552000956904606 0.3300841553384838 0.32150944194408376 0.07037898278786911
0 0.5712495540528988 0.19064532291825667 0.16888438009653833 0.06993809051242646
0 0.9005575725927898 0.19064524161032206 0.16745421541258942 0.0691349849396023
0 0.4071778319901489 0.8223272835170821 0.16261425082531042 0.07049349146245004
0 0.8999717018821023 0.12032223594760388 0.166260793152883 0.06779904814427107
0 0.9008066967280225 0.9623903643809669 0.1693710686783197 0.07028008523673401
0 0.5717288958103167 0.5421562669120504 0.1683950713186553 0.06880570135573934
0 0.40776696510186505 0.04617571364922803 0.1660712656348643 0.07995511456450603
0 0.7375378078884549 0.5423611087019872 0.16299875175912773 0.0692699154570937
0 0.40768910417653087 0.8921330724685695 0.16636128537984007 0.06881692185071603
0 0.4070127211034498 0.12015612383718814 0.16244971792304555 0.06931956072683657
0 0.16569871091682098 0.5420676683659663 0.3202606074336402 0.06823519068120004
0 0.4078378645257918 0.19081014087737982 0.16587017842816182 0.06941762487164187
0 0.1657728739459105 0.19088073649160817 0.32129249990187103 0.06922469469412605
0 0.4075837311921296 0.26083899814748 0.16713604140361954 0.07052184082898534
0 0.1647265485240153 0.7521493210462228 0.32030518729277335 0.07049273258839366
0 0.9010073729235717 0.8918733749254134 0.16735197638823127 0.0685069760039687
0 0.7378291120432844 0.8922235681997946 0.16389002944483902 0.06905287747696492
0 0.5719686180654198 0.6125165217723135 0.1686689074994739 0.07078267668322602
0 0.7375100389474168 0.061421277467988526 0.1600887414180871 0.050027979415432806
0 0.9004106104173243 0.5420155770825239 0.1674166592684659 0.0685823213567107
0 0.7377054490625659 0.1907627112488552 0.16426785144741685 0.06965978700356627
0 0.16513245996802745 0.8922930322785997 0.32036419428558865 0.06841894661342696
0 0.16494545210090147 0.4015642779335036 0.3198583892700247 0.0712890625
0 0.40696224379619766 0.5420718421732765 0.1637331516253025 0.0682893959709425
0 0.40792119703710283 0.9622324643719472 0.16770236339633315 0.07091526282193605
0 0.8238973649663955 0.02178632535477091 0.32806473548966225 0.031936923733401255
0 0.9010474753040026 0.06182460547763958 0.16432543817566395 0.04914752289414613
