0 0.9083836425243496 0.9739976589370163 0.14478527186725634 0.04128117778643594
0 0.9078822871136771 0.7253978463564059 0.14520021682268722 0.05593202940267627
0 0.9074481846477491 0.1541133890455382 0.1455125178534554 0.05563719233662941
0 0.9084366785797253 0.21012493996197873 0.1447266566070691 0.05694364906894884
0 0.907829419106639 0.7817024893526978 0.14585755470040612 0.05550693502122743
0 0.9085872498902979 0.9247987571709748 0.14523443146424148 0.05595743010398753
0 0.9067118976609823 0.3468334037275635 0.14282892033917263 0.04133738471020529
0 0.9075937481178586 0.05998632770515369 0.14552199577970126 0.046404562217863286
0 0.4670467124636478 0.9245527797184008 0.14637322782945003 0.05610679042616079
0 0.7624705310435022 0.1539923224281055 0.1431130564685435 0.056035534636480276
0 0.9081830600284795 0.43971341658745566 0.1464274402231897 0.054982678191167776
0 0.7651420626871385 0.9739147917730278 0.1426068276560779 0.041009012420733015
0 0.9079769991568007 0.2607641113491173 0.14409513095401982 0.04163586919100656
0 0.7619086110119252 0.21034893452454928 0.14395390313102285 0.05733183633635399
0 0.7636590361070003 0.3467800963673218 0.14273609043743116 0.041766651314286876
0 0.9084854798169915 0.5393037541816692 0.14652168173096777 0.055198662873495265
0 0.9079403310095161 0.10466985792716002 0.14474117598344577 0.042027224985977135
0 0.4660473794138904 0.15389884102477763 0.14563062222518586 0.05569220532247555
0 0.46824835890715344 0.7253350530937633 0.1464361451270822 0.05583236838658104
0 0.9081230667719232 0.8319218275573678 0.14479743856690527 0.0432238066288693
0 0.7626488303297941 0.9248642531941905 0.1438351937852767 0.05615790671351032
0 0.9077668715153497 0.8753085870324591 0.14416114034106553 0.04224472505105331
0 0.908507863855572 0.675609454141028 0.14608152952488299 0.04357548038813951
0 0.76168174575604 0.059391933582204216 0.145622018150296 0.046923446327268505
0 0.6169001877570467 0.9742246383443949 0.14921606794853043 0.0431132820896926
0 0.46645998849742737 0.973664930742154 0.14678360187009568 0.04114220866025366
0 0.7632570308735717 0.7254793227795169 0.14093656161808232 0.056096346749381985
0 0.6155215359994493 0.04545739182909296 0.14949109585799836 0.07620047128928292
0 0.908549741501325 0.6321366524142842 0.14597276864072825 0.041732932408104044
0 0.9089066761705844 0.30382842886376155 0.14554700137234994 0.0432313901027112
0 0.6143959986480847 0.8323299968847404 0.14542731734624517 0.042419223670598666
0 0.9077343709668397 0.4896175158198087 0.14465997502667263 0.04374137215848022
0 0.6143307454785586 0.15423113625314044 0.15126286309196035 0.05612727105361268
0 0.7637810055904977 0.2606863873023364 0.1412312511830603 0.04227314339766498
0 0.9069989242217613 0.39012683924169045 0.14356940853438188 0.04359513444318304
0 0.7625153663399986 0.8318553606395771 0.1437266345591272 0.04295925097740219
0 0.9077045928014007 0.5890034801060028 0.1451568603515625 0.043365294832867586
0 0.7630537932139662 0.7815836466086494 0.14178211363401708 0.0552730281498549
0 0.6158803528100909 0.9238232442867315 0.14960604092098018 0.057449773786812125
0 0.7626753819671496 0.8751254815637093 0.14436878086711866 0.04201202523780094
0 0.7627759757020925 0.4397624730038827 0.1423389586057957 0.05561121434665198
0 0.46617531461337586 0.21025933669952102 0.14414598238100565 0.05717846123391149
0 0.197843326608515 0.10445402412709753 0.3926291744089337 0.043456053795326605
0 0.7635448976760394 0.38984345610758814 0.143034140969163 0.04326668343252902
0 0.7625525722419638 0.30381864119683066 0.1433354852483136 0.04340945741582921
0 0.4690183563904615 0.4897585841775043 0.14568570847028153 0.043736753849150906
0 0.19393883927803204 0.5103405257903187 0.3878776785560641 0.19726914121278483
0 0.4689737731664716 0.5394584413038075 0.1442950412565391 0.054770052279261607
0 0.6151966817578555 0.7817422173090874 0.15060905422933302 0.05711011812795572
0 0.762531431761082 0.5393561300079267 0.14368388306201818 0.05542527491535899
0 0.6167823186529892 0.724515276947415 0.15038171843810227 0.05644886020125752
0 0.19992876604265053 0.3035943383096316 0.3892461061477661 0.0429497781951983
0 0.20061612943195561 0.6323130403421915 0.3867993654133465 0.04197329441638005
0 0.4671448526928604 0.8320097591173823 0.14570116891734924 0.043400614403079324
0 0.6163117833074494 0.3470766915397611 0.14868873226485063 0.04258834300939112
0 0.4662587674178741 0.046431645584434446 0.14839995800135944 0.07586944790001277
0 0.6166782799271234 0.2610769624455879 0.1500074075707255 0.042549376024424976
0 0.7614425121425008 0.10454293314178546 0.14605437291351184 0.04222510379650218
0 0.6143293002628545 0.8746502417894857 0.1449367842485201 0.04092247160159609
0 0.20004774557861463 0.26053330084422693 0.3910670080899142 0.04242082433462758
0 0.7627636745637735 0.6755257735248281 0.14332506625137664 0.04336749902595658
0 0.6153141811555703 0.10461877772035214 0.14617069597286275 0.04218220731254703
0 0.4675618646428449 0.6321799490642466 0.1435658459096228 0.04213787416702494
0 0.2001192485708497 0.34675086456849874 0.3852358347518854 0.04172697583868498
0 0.7621824289733616 0.632685732656989 0.14476046793261288 0.041284798960796426
0 0.46691114786963106 0.10461911884547305 0.14663555128458838 0.04209417079095685
0 0.1984983060328446 0.831502689745338 0.3878438414981187 0.04427263517371561
0 0.19937281067675955 0.04398702816622891 0.3937882195485321 0.07864755120445507
0 0.6149005133675058 0.21000937070707157 0.15036007381220745 0.057047731591419015
0 0.762759036429653 0.5892207243272383 0.14043409708838106 0.04394987832854149
0 0.20032963773752624 0.7247455101636392 0.3855694590161025 0.05472602089826957
0 0.46796902896024056 0.34711786271781625 0.14674353914638974 0.04197374050307663
0 0.6158054872756487 0.6326274789824942 0.14573928228033797 0.042193976129218616
0 0.19948755907067117 0.9234189847780523 0.38558892951662843 0.05637549205986672
0 0.4673364446026638 0.7816378067816935 0.14556286513542813 0.05580444860745378
0 0.20072169529708997 0.9748667932643217 0.3880019907384192 0.043403605807985815
0 0.19938939153360377 0.21084494357055766 0.3880180892440191 0.05607295343820534
0 0.19811147346370542 0.15360206872967944 0.39001405554195856 0.054681884555701846
0 0.6168366486805651 0.5395165112955449 0.15059181246988573 0.05495473217164661
0 0.46622077168872184 0.3039934940616939 0.14491305582323788 0.04280805382765477
0 0.46738648939762867 0.8750421158322361 0.14811834259705398 0.04168837621923367
0 0.4663433125365673 0.26070026847071825 0.14632876223929653 0.042226015650190775
0 0.6171820384290251 0.4899402464245889 0.14764407657841755 0.043952187483206145
0 0.19847801865985215 0.7809654754087625 0.38765210622207713 0.053602984519427126
0 0.7633552383221195 0.4898908620032379 0.1415329315588863 0.04417858960191853
0 0.2014223820312433 0.6755149100017465 0.3876484322652943 0.04520800025526655
0 0.4672713090669741 0.4397724968343589 0.1462099856742153 0.055703160686935725
0 0.2007136765030512 0.3902628300831632 0.38535123564598317 0.04439638487142627
0 0.6147150384171944 0.6748286712200398 0.14617852702539924 0.04112090146039337
0 0.46641747226799113 0.3898768338886501 0.14797835833175593 0.04324264723170142
0 0.19978069287564787 0.874937390420115 0.3853903830313998 0.0400861902474742
0 0.617652993895409 0.5893515326909124 0.1466906039200165 0.043576057676805675
0 0.6169939251198118 0.30423228164633487 0.14746534036644754 0.0425040326237371
0 0.46723869088462794 0.6755990891854311 0.1425852838591857 0.04380644833539337
0 0.6159993982525124 0.39031699025620703 0.1483248403944108 0.04347629169913478
0 0.6159062322540956 0.4395904541015625 0.14847931042641796 0.05501080789344637
0 0.4694621888551418 0.5887847139419202 0.14485645714310297 0.04296901240393916
0 0.8327482596588888 0.020941816725201963 0.29232918726932006 0.027886687530491304
