0 0.92920775780311 0.0980832620632429 0.13224868774414061 0.04294011186687043
0 0.1819352571780865 0.6677531826996814 0.3373288264641395 0.043868809727465784
0 0.18209703610493588 0.1411949434950983 0.337223586669335 0.044068902210561436
0 0.9294298905592698 0.5359247053721538 0.13058395385742189 0.043816214071348523
0 0.18134216482822707 0.09759120032043601 0.33771145985676687 0.043488549758601495
0 0.6701360262357271 0.18477656178566687 0.12600238506610578 0.04438713329363792
0 0.41380701798659103 0.09735749745605238 0.12874705974872297 0.0438511530258229
0 0.1830294269781846 0.7113179399923314 0.3370643267264733 0.042786249410099106
0 0.18064427513342637 0.623995440250413 0.33930302124757034 0.044096935464841905
0 0.542176994910607 0.4926518165260736 0.12483133169320913 0.04385602086037046
0 0.6692394843468299 0.09806713196060014 0.12633778498722956 0.04291355480501932
0 0.7966281010554387 0.9743749988478498 0.1244702852689303 0.04139635302987847
0 0.5421311305119442 0.27330523315832944 0.12524830744816706 0.044483769890720865
0 0.9293812091533954 0.18492916407816926 0.1311815701998197 0.04374881328530557
0 0.5413268602811373 0.5363098403765042 0.12429501460148738 0.043878603004070316
0 0.5425965822660006 0.66758868445648 0.12423653235802283 0.04355594334370576
0 0.41474757561316855 0.1847820128962475 0.12745111905611478 0.04382000176509408
0 0.6713087815504808 0.44917347049758144 0.12441511887770433 0.04370076862243393
0 0.541445203927847 0.18501082992373688 0.12539347135103665 0.04356448365698
0 0.9284209911639872 0.6238621076698178 0.13308017437274638 0.04360560101684166
0 0.5426467161912184 0.4486569615679566 0.1271840315598708 0.04487866936792119
0 0.669995616032527 0.6238370195994574 0.12755942711463342 0.044924409730415296
0 0.5406425476074219 0.09795747966685346 0.12592069185697116 0.0427347338947838
0 0.41484307509202223 0.7560407522434669 0.12912462674654446 0.046095167144732184
0 0.926480689415565 0.7111099480795039 0.12739422137920672 0.04349937276943724
0 0.1843489619401785 0.18513009187015175 0.3393430471420288 0.04321166646542443
0 0.6709427466759316 0.711101739009409 0.12685887263371395 0.04462911363703398
0 0.7962296999417817 0.0980890552184108 0.12459523127629207 0.04336788362914405
0 0.7975825676551233 0.27320796287864263 0.12541321974534256 0.04466246838499882
0 0.7974752279428335 0.6676470408635413 0.12366021963266226 0.043593503439859606
0 0.5422464517446665 0.5798474645322087 0.12480509831355169 0.04344044028728174
0 0.6696642362154447 0.5361478192562087 0.12818861741286058 0.04487918783550613
0 0.7969479487492488 0.44873043994624523 0.12437215951772837 0.04455186196687706
0 0.5416711073655349 0.1415355730979383 0.12437333327073316 0.04367484524318664
0 0.541857543358436 0.9745292429543712 0.12543854346642128 0.04115468952778433
0 0.7968536083514874 0.7111730859098485 0.12341208824744591 0.04422396002315361
0 0.4147299399742713 0.7114946798312883 0.12770206744854268 0.04461862907031619
0 0.6711558415339544 0.974491711661972 0.12526092529296876 0.04130095499424847
0 0.9300933837890625 0.9747381853911044 0.1330615703876202 0.04180761303975932
0 0.796605476966271 0.5363596708721685 0.12467680711012621 0.04423507827247523
0 0.6708588526799129 0.2731226029515323 0.12605115450345553 0.044817058136576805
0 0.7972236633300781 0.4925917750993614 0.12408400315504808 0.043627463066673554
0 0.7962402637188251 0.18515733302117746 0.12495216956505409 0.04348145683400188
0 0.541930785545936 0.6240757739223247 0.1242732414832482 0.04436025939048491
0 0.7965094346266528 0.6240586068845121 0.12475538987379808 0.04411865349590019
0 0.9289642920860878 0.667260840120266 0.13351663442758413 0.043304544172516515
0 0.9285978463979867 0.4489953768821525 0.13165130615234374 0.0434429174101876
0 0.6710125556358923 0.49250920913645885 0.12697806725135216 0.04324152155719089
0 0.5414805485652043 0.8000191314538845 0.12346684382512019 0.04389870802486432
0 0.9269603435809795 0.27316575097610163 0.12585531381460335 0.04425440559189181
0 0.41687043996957635 0.9743571693236786 0.12423876248873197 0.040758925937942427
0 0.7963567587045521 0.1415429900647785 0.12491038395808292 0.04349099087681394
0 0.7972827617938703 0.22910181021229056 0.12473473182091346 0.043900493857656916
0 0.6697914123535156 0.14138266476554204 0.12737332857572115 0.04322888390980784
0 0.7971145629882812 0.5800850090973779 0.1242334219125601 0.04364834578884498
0 0.6710712432861328 0.6673871445847098 0.1277034466083233 0.04305493083411987
0 0.4157372548029973 0.8003019555214723 0.12661740229679988 0.04192294327365502
0 0.9286211160513069 0.1412429665551539 0.1332144517164964 0.043067554079625564
0 0.6704233609713042 0.40473846536360014 0.12778637225811298 0.04516561237243393
0 0.41530540172870345 0.6236183414936292 0.12846530033991888 0.044733844089193016
0 0.41539249420166013 0.6673947487759557 0.12912735572228065 0.04332234489293299
0 0.798000717163086 0.7993152540998112 0.12492306049053487 0.044006606890042474
0 0.4147106023935171 0.04630704396397733 0.12772677494929388 0.058464903604202305
0 0.5419568281907301 0.4049418198719178 0.12432902409480168 0.045360844221920715
0 0.9302092332106371 0.4047762558897918 0.13519873985877404 0.046362696418564185
0 0.5418472290039062 0.36030717591397776 0.12408048189603366 0.044171133936998584
0 0.41438382955697867 0.141478761292224 0.12951287489670973 0.04349789657700787
0 0.5427468079787033 0.7120063497301203 0.12700333228478064 0.045396215232715906
0 0.6706511570857121 0.5798426831089252 0.12755907498873198 0.0432332836833412
0 0.5422528633704552 0.8876773965645647 0.12593527573805588 0.045523066968499296
0 0.9299651219294622 0.22899587720337203 0.13405028123121995 0.04409813082066275
0 0.6707400395320012 0.229041912804352 0.127362060546875 0.04369353887999941
0 0.5435126671424279 0.8433446447598365 0.12493955172025242 0.043134486804654315
0 0.9301449408897986 0.4922348533727584 0.1338345454289363 0.04322775336243511
0 0.927420894916241 0.36025194471430366 0.12753806480994592 0.04292015806578871
0 0.9263700631948619 0.7998005685630751 0.12436229999248799 0.04322251107907622
0 0.6707315885103665 0.36008736005983805 0.1278308574969952 0.04462603163527902
0 0.41661806840163007 0.27327854647958205 0.12452835669884314 0.044454764509718615
0 0.9267666743351863 0.8876709157197529 0.12986555833082933 0.04342955246799787
0 0.9295299236591046 0.9311318642803947 0.1320069533128005 0.04398823009453162
0 0.6710688957801232 0.7551551231971153 0.12780016385591947 0.04413011739027843
0 0.54263916015625 0.9316028056700536 0.1266168447641226 0.04388407571746696
0 0.5428157806396484 0.3168567695275631 0.12596629216120794 0.042891498329843084
0 0.4162722807664137 0.4495767374655276 0.12587013244628906 0.04240359152865444
0 0.7972796806922327 0.7556651512819283 0.1237191420335036 0.045217343915909626
0 0.5423626532921424 0.2291178323008531 0.12474347628079928 0.04418373557968824
0 0.5425060418935922 0.7559197764736463 0.12545039837176983 0.045316889692219205
0 0.7972013326791617 0.3600785173071393 0.12375869750976562 0.04502876573376298
0 0.9289757655217098 0.316634692578678 0.13057432908278246 0.04146588529377064
0 0.7974055950458233 0.9310945058105239 0.1252948467548077 0.04482060099840726
0 0.796480237520658 0.4049893172634498 0.12390811626727764 0.0453960424101876
0 0.6712053445669323 0.3167640358392446 0.12710764958308293 0.04269422141377124
0 0.9292672377366286 0.7555654902905998 0.1338201669546274 0.0451667645226227
0 0.7975558647742639 0.3167514053928002 0.12545406634990985 0.04295826543328221
0 0.6717891399676984 0.8440561839126651 0.12564720740685095 0.043602202173784806
0 0.7971436720628005 0.8882467603840992 0.1241455078125 0.043587512258878004
0 0.41573437910813554 0.579711193968632 0.12793523348294772 0.04306927510397003
0 0.7975488516000602 0.843815758972024 0.12409914456881008 0.045464134486343795
0 0.41568737030029296 0.40525624165843266 0.12738826458270733 0.044939618112907025
0 0.6719708662766678 0.8881404169216759 0.12525265033428484 0.04287755731255899
0 0.1800508769658896 0.5803262117393966 0.342082600410168 0.04262316255087895
0 0.415743035536546 0.36142703709370577 0.12678665748009316 0.04303782140381665
0 0.6717103224534254 0.9312172098056277 0.12588043212890626 0.043939206103999526
0 0.6702705970177284 0.7995108603981094 0.12894275371844952 0.04507055998186055
0 0.9301942091721754 0.5796657992511947 0.1350029578575721 0.04373855914862554
0 0.41568566835843596 0.8878807222691276 0.12700421259953426 0.044901654764187116
0 0.4160679303682768 0.5361464942834917 0.12634080740121695 0.044500936928533505
0 0.41622910132774943 0.49261082878310813 0.12633314866286058 0.043377705709503306
0 0.415472412109375 0.22885051185424285 0.12837864802433893 0.04366341015256312
0 0.6692283923809345 0.049402022803884 0.13068982637845553 0.053475241589170386
0 0.9315457270695614 0.04875343291354437 0.13690854586087703 0.053654490041687805
0 0.9273902012751652 0.8437375279742066 0.1289546673114483 0.04310418525468971
0 0.4169056965754583 0.3173835902013774 0.12575193551870492 0.043379376327277015
0 0.4167235301091121 0.9321630963068518 0.12379153325007514 0.04284345366697145
0 0.5412393276508038 0.04757450908464663 0.12253690866323617 0.057575618281236175
0 0.4164655245267428 0.8434185551944461 0.1273251460148738 0.04341180935509085
0 0.7970192542442913 0.04933394877674109 0.12234544020432699 0.053284942289346125
0 0.17776245039242966 0.03852181757548442 0.3461448215521299 0.07444009234062508
0 0.17776016822228066 0.3813785067315391 0.3555203364445613 0.34973973747338916
0 0.1747711915236253 0.8861492133579371 0.3495423830472506 0.2212456149163816
0 0.6746468550700014 0.010592771516737366 0.6170164256078926 0.020743067938920286
0 0.17993108079983638 0.7551968886414582 0.3300432691207299 0.04565349036986786
