0 0.7164971606474834 0.9695928065855025 0.10835386043304113 0.04865763625691266
0 0.9385336860924274 0.9697447659676536 0.11389676777886941 0.04939974181803013
0 0.2771852209605502 0.9694493669848875 0.11147646921289299 0.04912925039330664
0 0.49800953063595826 0.9695466228517116 0.1148585696606711 0.04890140443244661
0 0.2766945226593202 0.2153245415240185 0.11131103958443546 0.05132464213193054
0 0.2764427065128571 0.46758695670796385 0.11104689832177675 0.05223180100174008
0 0.9368949253585059 0.21610835560581143 0.11202622843768893 0.05157065664330664
0 0.7159960745611963 0.869659866111866 0.10746386895877419 0.04976846678942601
0 0.38776907868944605 0.9698567801445701 0.11077895619993199 0.049188935420242184
0 0.49732133526323496 0.9202418556475257 0.11294474480662409 0.05210651831259536
0 0.4976656635842559 0.8693848121811832 0.11407356308333963 0.05053329176797292
0 0.27697320313090423 0.920085240647049 0.11058452195671478 0.05202979372258772
0 0.8250199563558042 0.9698905333774313 0.11168828408403869 0.04888995161136536
0 0.27653647333996184 0.5679049168171363 0.11122587081743122 0.05027197191135107
0 0.9364343571691732 0.16463223711213115 0.11037178454693168 0.050172190371585386
0 0.9374932839187197 0.4661731385348136 0.11228667954579805 0.04853784719739226
0 0.27662958516463404 0.3161432773988725 0.11117271414114457 0.04965044686486937
0 0.7154914828280872 0.21551958283425104 0.10839009775071794 0.0510860998879672
0 0.38746360769583205 0.920020061990489 0.11066707071398882 0.05202793147525744
0 0.6085042895832545 0.9696151069972827 0.10862482848161653 0.04867560694364989
0 0.8255708595285104 0.9200572603809115 0.11272160116101118 0.05193938161470252
0 0.2767998581209379 0.06078448466541747 0.11207648834265417 0.056993907867361804
0 0.9375691165947135 0.5170152374663306 0.11262270501908253 0.05308219624511346
0 0.4979474437856617 0.46761977881716005 0.11464177308088347 0.052046600504743516
0 0.8255944396160823 0.8694004085025745 0.11246306893326784 0.050411780129672
0 0.4969953101087799 0.21538308010494137 0.11350852661870842 0.051483363799699665
0 0.9365682359762318 0.9202662510875524 0.108355041282497 0.052091247884487026
0 0.27685932496150434 0.26556928388768714 0.1105198704490062 0.05187348133730216
0 0.9370921641191806 0.7196885493763705 0.10844212892986699 0.05174500954960431
0 0.27710267220327617 0.7184506902978405 0.1101284557559326 0.052192088577421816
0 0.2765365379176664 0.6181584757580092 0.11091156190367102 0.05052621522811785
0 0.276509931903364 0.11457510452794267 0.11093931186588384 0.049396343216652365
0 0.27642654363592994 0.5180704333598517 0.11132336470063105 0.05008267447022788
0 0.2767565726080713 0.416312839673913 0.11087320274712816 0.050316433066361556
0 0.9365412609464745 0.8201067216700038 0.10947278909556378 0.04915811522692601
0 0.2768452746980568 0.36610071573613895 0.11097285537073949 0.05042076547304062
0 0.7164467900378816 0.31600116464948036 0.10788454657742594 0.0496750285296291
0 0.49745394096697404 0.16466440161523885 0.11398835741478991 0.04997096290850258
0 0.4968946426926674 0.8195399466950325 0.1131600284230464 0.05066132127192982
0 0.27646750435143025 0.16457724844018162 0.11100305928572779 0.04981537214405749
0 0.27666002893966807 0.6681594208485292 0.1108307844205808 0.050582315428942606
0 0.8256540725136035 0.5181295364344966 0.11230572074327388 0.0502104711932685
0 0.27708745954114555 0.8693470551165617 0.11061586981961344 0.05040135154462242
0 0.937278406219298 0.4168516809389302 0.11229870944962968 0.049245827076182296
0 0.4979074056087987 0.3161438244340258 0.11427408608156363 0.049537664510929155
0 0.825286865234375 0.7692809639588102 0.11149233687745616 0.05054325479118993
0 0.7161645301163846 0.16460769036450884 0.10889085172309552 0.04987250821995971
0 0.4972439342715576 0.668260075316731 0.11330368613966142 0.050401398100805676
0 0.4977648733893213 0.41637985729971155 0.11433493673008616 0.05050493905236937
0 0.7157711965429452 0.9203925580127287 0.10721574296686062 0.051523169336384435
0 0.8256016723189994 0.668263404083834 0.11268580666188029 0.05078953700061976
0 0.49754161903907196 0.7184610956047983 0.1130205036795269 0.052079469170122995
0 0.9368939290167775 0.31621634732849446 0.1113254680887243 0.04935188206164188
0 0.7163388530173066 0.5180405210121091 0.10842485900657498 0.04987852560664569
0 0.6069157887542983 0.9201095895308924 0.1071767380332716 0.05184328965245996
0 0.49783127772044106 0.36608516597093105 0.11417378768090615 0.05001265397060927
0 0.7158847056968902 0.6683048623650244 0.10714120184495918 0.05094452253468249
0 0.8251445728749432 0.21521497736624592 0.11213560461853839 0.05072680254368087
0 0.8253237298783254 0.16462855917365382 0.11170437315787485 0.04973742545423937
0 0.9370783998427109 0.6182394835168764 0.11084774068073608 0.050478355471729595
0 0.8251991502607315 0.4676614466011751 0.11195205633124244 0.05202918849220538
0 0.8257467322943434 0.6181233956739249 0.11187271800842655 0.05071621101198989
0 0.9370440814053999 0.7704545755044455 0.11020255405928808 0.05103726245173055
0 0.38766831901946985 0.869371729893688 0.11112697467550257 0.050566905332284515
0 0.49731657496386594 0.11458424990819122 0.11362144534792548 0.04948003377557983
0 0.6072837525152093 0.8694490597140779 0.10810787473076633 0.05041410793883486
0 0.7161896600688671 0.26540583676731744 0.10768409738229293 0.05087012575383772
0 0.936714661308759 0.8694419366180395 0.10868376024977328 0.05064158145022883
0 0.7162496250802977 0.7696281101392664 0.10663159150166264 0.05043165961992277
0 0.7163854227677223 0.41646659146911946 0.10785480393175635 0.049492248954161905
0 0.8248807637261941 0.71862806935605 0.11201449374622129 0.05195958699823608
0 0.7159903548216444 0.4675193571298746 0.10774247562726723 0.0521764922560307
0 0.825700642264019 0.3662341457573537 0.11079689035104293 0.050390690178656564
0 0.4978729211145329 0.518070293691302 0.11357838124433192 0.05010530077529081
0 0.8254455787815523 0.8193412449048914 0.11137388291641476 0.05035554026029748
0 0.8252685620678091 0.3161702916242074 0.11098324315579655 0.04969739877568411
0 0.2771903133738286 0.8193920842570079 0.11019886390473851 0.05009519808352403
0 0.9375086718631915 0.366401748017079 0.11063725426522825 0.05103065147370804
0 0.8251190370054603 0.4166352877991514 0.11127624142703295 0.0503134534706331
0 0.4977760545576066 0.5678726766602308 0.11410149755327993 0.05026568682661137
0 0.4975589258639095 0.6182191384647931 0.11369078335191203 0.05042379162495233
0 0.8251492962727667 0.11442905778106528 0.11086073002475061 0.049068610964614325
0 0.8255264669692789 0.26553781190780534 0.11237804777244559 0.052126979755136825
0 0.7157991310128855 0.11455273719164909 0.1084709121353537 0.0489926254540159
0 0.4974600481727536 0.2654442572575503 0.11348291694613437 0.05192385512758628
0 0.27696368253216636 0.7693555469643879 0.11048178805405456 0.050773801010678875
0 0.38714009184647064 0.21563295296000487 0.11037348201802448 0.05128693162349232
0 0.4971039667094921 0.769477989726354 0.11372266628722037 0.05084326283609839
0 0.937150837576519 0.5680463312237796 0.11012705349720375 0.0499261060259344
0 0.3875501971723379 0.8193976709989989 0.11101789370701708 0.05041140768020595
0 0.38736122435785403 0.4676696404894284 0.11094947824166793 0.0520722064055349
0 0.8259061100693396 0.5678408089527913 0.1119942716992896 0.050341806186236654
0 0.9356447378986549 0.668786090353261 0.10691041957942866 0.050717747366037375
0 0.38752759497572176 0.6681589552866966 0.11118812053638907 0.05053399011072177
0 0.9367019671771086 0.11457277962854126 0.10912879288845223 0.049045233941096375
0 0.7158959606682664 0.7187605915316909 0.10722644441505441 0.05157424146941743
0 0.7159078429659159 0.060548641225202315 0.10822455741762395 0.058001072328568964
0 0.9358386924217805 0.26613462726002335 0.1096401007028416 0.05075545787447559
0 0.6071438403054621 0.7185997864747212 0.10927348384834114 0.05210609930694603
0 0.607380453015181 0.76938988214954 0.1087550909372166 0.05067161018842963
0 0.6072448029339386 0.46775318556028317 0.10773867476808116 0.051987613820556826
0 0.3874730729422518 0.4165395915644665 0.11100660183409537 0.05060484862163902
0 0.7160882177202993 0.8200681265940837 0.10738659712250605 0.05044632481764874
0 0.7159242641536616 0.6181130834793336 0.1086941664856031 0.050407403848445845
0 0.38735775561257746 0.06096887333896849 0.11068260626464253 0.05685490856272496
0 0.7155722234096319 0.5679537309752812 0.10779716371769195 0.049658407972206324
0 0.38751464253325274 0.5181922708914355 0.11111682675049123 0.050223925930229785
0 0.3872013299612209 0.3161191147397621 0.11012177657619786 0.049598210827254956
0 0.3872440065985868 0.16467422496990608 0.11047961086287032 0.04975470943727355
0 0.3873766676546441 0.3661379606827446 0.11050824646217502 0.050423838181135584
0 0.8255210055405456 0.06057568891279393 0.11170762049387846 0.05716584567165302
0 0.38735775561257746 0.6180983018911494 0.11075567132472415 0.05079861545635488
0 0.38710108691288164 0.2661895170000834 0.11083777726345223 0.051797524924318265
0 0.607624741246363 0.3662706108878897 0.1080392009545987 0.05019550338035136
0 0.6066725706679357 0.21570606944581008 0.1084733845389019 0.05145239229878791
0 0.38755945946025727 0.5679070584015661 0.11103073544484961 0.05042486241716724
0 0.6072583458011356 0.8194695071897645 0.10815366954872657 0.050518393789330665
0 0.6068217267148296 0.6681485732578304 0.10904609652499624 0.05056778989976641
0 0.3871945216260769 0.7184733864371782 0.11074323550389208 0.05203170252610126
0 0.7163480784036804 0.3664818712084644 0.10797894073080411 0.05027625508021072
0 0.6074143655354917 0.5181712274966033 0.10806569626426465 0.05015288119457952
0 0.38756324186867064 0.769429850632866 0.1111224357854066 0.05078069132580092
0 0.6073958409596528 0.4166684358016304 0.10771631243151074 0.05054427902722159
0 0.38711355963525923 0.11459417801427078 0.1101221824931983 0.04915944789767175
0 0.6073525554467861 0.16462914112594454 0.10753040244530306 0.04972343532117062
0 0.6070050351420797 0.6181516785552535 0.1087552016418531 0.05053291931850686
0 0.6069863998616044 0.26588052361180636 0.1080008602488286 0.05124788262478547
0 0.11629097003314054 0.97115281117408 0.21357051291229362 0.05042118447868993
0 0.49743709541145514 0.06157109066332505 0.11441431195444755 0.05554280110118409
0 0.6072900442287164 0.31614501161669883 0.10838504223898504 0.049170382781214245
0 0.6069189991887565 0.060669570911212514 0.1078072378396123 0.05706677120392054
0 0.6070397594963913 0.11443322164970533 0.10726460061309703 0.04920276842619244
0 0.6070610516881425 0.5678858287820009 0.10794366285331015 0.050094406628408666
0 0.9377247673136148 0.047340303954961735 0.11080375403850513 0.0848478328899788
0 0.11572247520179241 0.061179700105086623 0.21201512891407312 0.0557022880362155
0 0.1157615118476471 0.8699400877788901 0.2114011713786742 0.04989202689979024
0 0.11550695604972425 0.9205832521393498 0.21271318680141685 0.05119094441266209
0 0.11537669157607092 0.11443092002839556 0.20991395030085092 0.049828454431552725
0 0.11516100953827457 0.7188668792980668 0.21265712239866244 0.051697894692148166
0 0.11760534830796819 0.7949117257520499 0.21190448078307736 0.10103436665713197
0 0.1149156511622732 0.5677176678480764 0.20971942726328988 0.04993285667250667
0 0.11450629309270229 0.6180014650299747 0.21101683025060283 0.04998723429455092
0 0.1149091962747447 0.5179961762475568 0.21002592573431123 0.049267755038496376
0 0.1152177168351419 0.668126738407883 0.21247887178949174 0.050401863662638255
0 0.11488313686458491 0.4674536430772073 0.21012324894786313 0.051495142514063695
0 0.11491034425876161 0.4164832818608171 0.21028817694593654 0.049939514206712436
0 0.11521399266198007 0.16474593895069067 0.20970401740852548 0.0492409270378945
0 0.11478677251462925 0.21540764431113238 0.20949126500748952 0.050376013341884775
0 0.11493785724386195 0.3159178989157251 0.20958575026155818 0.04901649131745804
0 0.11566429789726505 0.36579697155752405 0.21244843089739096 0.05006686864601211
0 0.11465163328915727 0.2660206693624559 0.20981815042922403 0.049711319074477976
0 0.445983818102718 0.018682012114244768 0.8725105652309222 0.027400363773721296
