0 0.19333032849581028 0.041612969426958094 0.38662231855371587 0.07972032135170479
0 0.1936630605347047 0.16547024159350543 0.3814373814564043 0.05726557464331754
0 0.19351489062643157 0.8540509772482081 0.38317225446325426 0.056765338145479814
0 0.19367850870220094 0.6823499399434061 0.3824295251583375 0.05689026557471474
0 0.19370855844255608 0.5101611749549718 0.3815372373656058 0.056254592815151404
0 0.1934926235962749 0.3381216407449989 0.381625667442639 0.056034809110316705
0 0.4674281948765727 0.2808879586672351 0.14598641092980716 0.05808055826346731
0 0.6138589136970903 0.5665640878426254 0.14498393853853256 0.058123575727307634
0 0.6140635217044755 0.22295440798826982 0.14553392272548552 0.058663106508740494
0 0.46735258540648084 0.39476760498189734 0.1453706837326484 0.058649535204249564
0 0.19387545089361705 0.9684826810154878 0.3856202208108923 0.05760868757771358
0 0.19414930609696804 0.7390404216304308 0.3828875987221949 0.05718283432837185
0 0.6137271605643976 0.39465926668670454 0.1446344221186064 0.058131218514573584
0 0.46652634034271573 0.107445147108655 0.14526891395351818 0.05567239278098029
0 0.19412216074618002 0.4522563829416416 0.3851241967610249 0.057986148412357365
0 0.6138126364943758 0.6819603363626389 0.1449568266419926 0.057854899612346404
0 0.19411352192025216 0.7959020088959187 0.3842573995402397 0.057679758356495026
0 0.4666305141323766 0.3373944152510606 0.14511231937867547 0.05593013149594061
0 0.19437079708737934 0.9110737058975461 0.3821264860144851 0.057691115395516385
0 0.4677457746843801 0.7388834944937647 0.14573395643505538 0.05752325978733909
0 0.6133724187604708 0.5096345190558257 0.14437108279839647 0.05680940917111615
0 0.19422126690198868 0.10776643434974308 0.38402074092848293 0.056405752147408936
0 0.6137848067335799 0.8537128374826287 0.1455289477592485 0.05781518568973084
0 0.6136775611526857 0.7386913176793812 0.1446789964805286 0.057269619249195436
0 0.1940989757784086 0.28016635812186863 0.38440662557238825 0.057225637508457064
0 0.46705834453424167 0.45280441364536095 0.14602307209039933 0.05826728869907475
0 0.1942495733695166 0.6240218839427754 0.38467778523067414 0.057413296507003365
0 0.4672148890255316 0.5667225685365161 0.14544934829945638 0.05833289524210064
0 0.1945258463759391 0.5668497102312207 0.381958691505165 0.05799675545823581
0 0.4669155229363974 0.6815664828207285 0.14474510677012103 0.05688219421993856
0 0.4672247554854178 0.9109817067386811 0.14560023334928884 0.058084683225753365
0 0.46694288525070093 0.22224162879082246 0.1460019034421157 0.057266976416215615
0 0.46645742537417084 0.1651351151932325 0.14492487333535625 0.05684065888540448
0 0.6130906987764121 0.16542171971570546 0.14357144879564415 0.057454224704231276
0 0.9060564103742137 0.7389861364124671 0.1457215023249453 0.057671544145882096
0 0.19449238430227703 0.3948328543853313 0.3819263166619599 0.058394680391493564
0 0.6135914842200749 0.9110567417669324 0.14485555769838962 0.05809018317546811
0 0.4666224840694235 0.5094346458832376 0.14467388795815098 0.05623366443506802
0 0.9058769443102948 0.39476355144752956 0.14577913179961022 0.05834335943214233
0 0.4668887282356913 0.6246975741936074 0.14530647661805934 0.058212753483396724
0 0.7596594812572656 0.2808943961083784 0.14488497343835477 0.058043755028525455
0 0.759206392050311 0.3948011939605124 0.14365104825543626 0.05837621627459406
0 0.9057788139359956 0.911119812618856 0.14569145219331237 0.058413323078189
0 0.6137740888532978 0.6245168437031433 0.14634157009667328 0.058178932364046955
0 0.4671852395623205 0.7964317183385751 0.14592220381521814 0.058502607976155654
0 0.7597658921122812 0.10831209007517646 0.14389084830586707 0.05677123094874561
0 0.905862520247111 0.5667765680428064 0.14582227043302107 0.058386109041288756
0 0.7598549072799851 0.7389528867164643 0.1447578947705826 0.057431903479739616
0 0.4669479937730785 0.8533970189415412 0.1444236037506838 0.05679612357829871
0 0.19449396819463183 0.2228535874814859 0.3820008117730038 0.05815014691294252
0 0.9061717361016137 0.28078627209694085 0.14652831497025437 0.05811021870657183
0 0.7596104327646335 0.9111239554381217 0.1449426029130197 0.058407323133045634
0 0.7594446895941602 0.6814814835978642 0.14264984464749728 0.05647419795019017
0 0.7590014167635393 0.33732429089219756 0.14276510359682712 0.055686883719920276
0 0.6135978281367529 0.9683722891676417 0.14565742876649684 0.05806789766493563
0 0.7587146717296911 0.1653366981716167 0.14296717403754103 0.05644195717353442
0 0.7594494308371513 0.22296595252557694 0.14405512235879375 0.058697338338620904
0 0.9059197824423894 0.2228754176390387 0.14603776326586435 0.05856962522056941
0 0.613681584531421 0.28073430828632423 0.14506974835886213 0.0583051454958126
0 0.4671721510605426 0.9684701097018541 0.1460154927794208 0.05810925442967378
0 0.7593341718878215 0.5667704966697447 0.14385198346895514 0.05824661031670567
0 0.6136609834967348 0.7964854321331919 0.14704016887906865 0.057946470203701
0 0.6137419352124504 0.10787999581146687 0.1459998667109717 0.057369939760550756
0 0.6134673437873958 0.33795742796065864 0.14338296769223538 0.05698644326680442
0 0.7594129032326997 0.051868657468703144 0.1442027018941466 0.05705778636452466
0 0.9058882298041746 0.6822792263042166 0.14543175227793353 0.05825382453646138
0 0.7597141391078022 0.6246931635196478 0.14457692620008206 0.05823157473988809
0 0.7592457243337151 0.8533654120876609 0.14247895956561132 0.056456769538107084
0 0.9057446569530394 0.3378990356373885 0.14509906393172184 0.056778802308093186
0 0.6137503659438253 0.4527231108172725 0.1459437397428884 0.057968684286315096
0 0.759152568925653 0.5094357887299316 0.14277104684508343 0.05595016702704433
0 0.9061706676524891 0.6246038607647016 0.14699843258513404 0.058110468704286135
0 0.9058734050725691 0.4527473070246215 0.14654734672028857 0.05809136173612127
0 0.9061176124756395 0.7963868258918777 0.14665499296960477 0.05819896789515067
0 0.9056678287831645 0.8537869439479411 0.14618734614332604 0.0576286873948581
0 0.9060687977062534 0.1655943208162097 0.14666821502752325 0.057760945114216096
0 0.7594426194739811 0.79649561061156 0.1452405666626778 0.05799182693186805
0 0.7594487964454834 0.45281630639377013 0.14556931510274207 0.058081290399630635
0 0.906102353686577 0.10834338889615866 0.14722427601887308 0.056302637018747256
0 0.4665795123811884 0.040659309340332454 0.1465655103554089 0.07511405822057483
0 0.906296811427277 0.9686492509211345 0.14705238926593273 0.058481251028562026
0 0.905708129348588 0.5098946238205823 0.14557505801678747 0.05705590691742247
0 0.905460382707792 0.05166280890431858 0.14748531149565783 0.057179611143555256
0 0.6134914506707723 0.04040922680537278 0.1459272121704903 0.0775566341027382
0 0.7596732375397464 0.9687562499428576 0.14470667599066603 0.0584526798612127
0 0.8326979956428644 0.012120395881380513 0.29959520469348333 0.024240791762761026
