0 0.6111875554566742 0.9546554524955446 0.10831500637915827 0.06539156076446452
0 0.9417669644919775 0.9536610003807816 0.10845750378024194 0.0658256065307941
0 0.3906823024954847 0.0689757591217203 0.1106494370327201 0.11837029520333289
0 0.9411221165810862 0.16172192520424922 0.10698978875273017 0.06602593378932153
0 0.5015282579647597 0.06887041890020396 0.11180172171643984 0.11853762773367076
0 0.6112421712567729 0.1620385450772961 0.10806335941437752 0.06670733788285395
0 0.7212122845393355 0.0683713228063811 0.1116107407436576 0.1183394013412435
0 0.8323957791892431 0.06849505446001453 0.11207211402154738 0.11840330637418309
0 0.28014046658751784 0.16170607953868432 0.11038370029900664 0.0657709055933459
0 0.6110117512364541 0.51365772925258 0.10864520329301076 0.06516599781633373
0 0.8315950619277135 0.31546946356087846 0.11036616499705981 0.0655144607989162
0 0.3903069239790722 0.9532822019541611 0.10981040872553344 0.06657138490550397
0 0.8314337371498026 0.1613493800479474 0.10991881996072748 0.06593725472609624
0 0.11934468887185538 0.23810162531602289 0.21226030139512914 0.08688544721122762
0 0.6111146865352507 0.8880029976842259 0.10735686107348369 0.06424832533778183
0 0.2806627212032195 0.8875177520023416 0.10977131833312331 0.064798694074312
0 0.9413185119628906 0.315193378640739 0.10672513900264617 0.06501397656509035
0 0.6110649724160472 0.31510854463046045 0.10774874943558889 0.06495925539052139
0 0.28066436193322625 0.9536710784669264 0.10985249345020581 0.06560437432650862
0 0.7214183192099294 0.9534703667031041 0.11132779685399866 0.06638755090040617
0 0.9414835694015667 0.06881897550679011 0.10817472396358367 0.1187075398644971
0 0.8318670949628276 0.8876810250927345 0.1103686260920699 0.0643839140469579
0 0.6110317066151608 0.38162980218781084 0.10770797729492188 0.06556284775468335
0 0.9413299970729377 0.8876482814313245 0.10708363850911456 0.0646436777291943
0 0.5006362750966062 0.8876527740721362 0.11108726583501344 0.063894823312127
0 0.5007305555446173 0.16169235877080054 0.11118000809864331 0.06612853599163834
0 0.5006166478639008 0.31534632068097745 0.11002608268491683 0.06519855934365675
0 0.2805138352096722 0.3151363200787208 0.10962277074013987 0.06481174701721029
0 0.8316640956427461 0.9537319517262103 0.10988534906859039 0.06570054112441977
0 0.941375732421875 0.5138527948597066 0.10691259240591398 0.06516020999979277
0 0.9413326222409484 0.4473883631374856 0.10732088806808635 0.06575336000963611
0 0.11760808767810944 0.4584589080405804 0.20995317095069474 0.3535978484216989
0 0.9413931241599462 0.38111045695742496 0.10701891171034945 0.06555487432909897
0 0.5010474215271652 0.7441995554956895 0.11171726513934392 0.08762721863602453
0 0.5007137380620484 0.3810824487822758 0.11109313144478747 0.06521788579399453
0 0.1191822277602329 0.7445988743627736 0.2110102048484228 0.08516330870772547
0 0.831864223685316 0.5139496294826031 0.11136192403813844 0.06533404686722895
0 0.8317008479948967 0.38135921164596115 0.1116952383390037 0.06493472800014506
0 0.6109911600748698 0.7441023363674983 0.10832206151818716 0.08810578606805369
0 0.9411924628801244 0.6678102731072302 0.10683777511760754 0.06589008199757543
0 0.28066578731741954 0.38128791626947944 0.10999464219616305 0.06574749124461207
0 0.11945009552022462 0.820681017969268 0.2107798502009402 0.06192874655483256
0 0.5004622141520183 0.9541788278271096 0.11089534144247731 0.06597099000642408
0 0.8318801387663811 0.7440263257418767 0.11078569965977822 0.08821992342921088
0 0.3903688000094506 0.38099136150167856 0.11014573292065694 0.06561497857779343
0 0.6118357668640794 0.06843049425028996 0.10947229528939852 0.11805209873209581
0 0.2802937825520833 0.6674938252497098 0.10932914159631216 0.06596184282783488
0 0.5004125410510647 0.5140046137397422 0.1098501964281964 0.0649868183490136
0 0.8315629036195815 0.2364787094156685 0.10896891932333669 0.08858864376968667
0 0.27902876946233934 0.2363911433940857 0.11328094236312375 0.08882035880253233
0 0.38979537512666435 0.16173095601939394 0.10885093032672839 0.06555933661422932
0 0.1193621088099736 0.15933183017396801 0.21133048431847684 0.06469350152053631
0 0.3902957567604639 0.3152945136517998 0.11009927975234164 0.06502638192012392
0 0.5004764269757014 0.590651433727153 0.1104413104313676 0.0879389107701633
0 0.27978135180729696 0.7441292922123673 0.11112789441180486 0.08752198560800731
0 0.9404048714586483 0.23789437696219123 0.10778111283497144 0.08839015808914953
0 0.2804786005327779 0.5136578709124254 0.10979151982133108 0.0655558861851376
0 0.7210184117799164 0.31530246684026336 0.11158600673880628 0.06511206588947488
0 0.8314032605899278 0.8213628065680951 0.1104166994812668 0.06589530317473474
0 0.390229614832068 0.8875579833984375 0.10989029176773563 0.06416017243969661
0 0.6109361135831444 0.6680112277165016 0.10786954818233367 0.06564747939375415
0 0.8321242793913811 0.5909419780700845 0.11188137915826613 0.08784723661306365
0 0.5005415639569682 0.6678025222899743 0.1098293181388609 0.06562631136542606
0 0.7211730300739247 0.38075258371368326 0.11132271059097781 0.06573077538285395
0 0.9408180482925907 0.8212929885014298 0.10719266501806116 0.06624491967320126
0 0.7211605605258736 0.8877673566499503 0.11201723160282258 0.06438982328622347
0 0.11796305256505166 0.9533187906685179 0.21189658872542844 0.06739236442100464
0 0.8313806595340851 0.6673502833520701 0.11006861861034106 0.0655291327114763
0 0.7206176019483997 0.16178148305068285 0.11106929984143984 0.06637615740141123
0 0.6109300839003696 0.821010397346962 0.10739726404989919 0.06536500966201095
0 0.11908688596499864 0.6670452492306655 0.2106262227540375 0.06177170649763761
0 0.5006637368150937 0.8213057783617582 0.11057187152165239 0.0658981363716429
0 0.9406162385017641 0.7441309111820291 0.10781187652259745 0.08755630776483753
0 0.3899253722160093 0.7442478412658531 0.10948136032268567 0.08786221208243533
0 0.8317115127399404 0.44738484187847105 0.11132410521148353 0.06474854648903763
0 0.27993504719067647 0.8211675588268816 0.10998163941085978 0.06611256890334881
0 0.6109464091639365 0.4475237494754538 0.10891986149613576 0.0647372946498881
0 0.39038476636332853 0.23730936227489846 0.10992880790464339 0.08807769694442141
0 0.5004655981576571 0.44731142160430826 0.11047338670299899 0.06564521283622762
0 0.6105823311754452 0.2385148572036379 0.10770243983114919 0.08666168536684557
0 0.7211657288253948 0.7443346180397257 0.11146036783854169 0.08769513441333722
0 0.2799400924354471 0.09201452017462854 0.110216304820071 0.07054972964825618
0 0.5008351725916708 0.2381811875563401 0.11100957726919523 0.08856644364819917
0 0.2791309766871955 0.4477152533493245 0.11152037753853747 0.06467694755574437
0 0.27913865735453947 0.589684585045124 0.11377406376664358 0.08757383311142655
0 0.7206464377782679 0.8212639279960006 0.11022670294648858 0.0656416915772132
0 0.3904428892238166 0.4474753422825659 0.11046778771185106 0.06487102154395308
0 0.9410668239798596 0.5906930210103406 0.10711497645224294 0.08730544841574105
0 0.11848163491857029 0.09091077495949335 0.21013880062970502 0.07135533401124988
0 0.7214171912080499 0.51373788848796 0.11128329205256636 0.06514053951840186
0 0.610676755187332 0.5910077284754746 0.10803550802251344 0.08735381513438742
0 0.7212021530315441 0.44726754752647335 0.1109566637264785 0.06515086044999585
0 0.39005531803254156 0.6675883326037176 0.1096727514779696 0.0656177308262185
0 0.720924295404906 0.5907999134822614 0.11103968466481855 0.08845961188764091
0 0.11795737281922372 0.8879424077446327 0.2093966058505479 0.06548157547766081
0 0.39041562234201743 0.8212703634004062 0.11034512263472361 0.06569714128812998
0 0.3902251335882372 0.5140966521650158 0.11047917027627269 0.06510484123735909
0 0.7208008714901504 0.6675069186668497 0.11106683874642977 0.06573814169481515
0 0.3899653137371104 0.5906473255916362 0.10922173530824723 0.0883541360141744
0 0.7206872919554351 0.23811700552781 0.11049463415658602 0.08912262043839109
0 0.17243617452600943 0.0322970076104935 0.3232629760619132 0.04362201499092965
