0 0.732808630940955 0.5609443915282057 0.16707976620085996 0.05186677314865757
0 0.56558624942414 0.15206617256845106 0.16661982805781633 0.050384234934345656
0 0.7325846604105881 0.3563917276445129 0.16890182307662777 0.05035006384334654
0 0.5651339406756276 0.866831425769788 0.16717338093375692 0.051216877682108274
0 0.564537760666606 0.7129841835845804 0.16695638370748234 0.05140377993874706
0 0.5650468493562365 0.30478125558772556 0.16771542410885673 0.05150912289328419
0 0.5652667146350008 0.5607110860761902 0.16565593747600585 0.05132207736163072
0 0.7327738768931397 0.15176018638789934 0.1684301127965679 0.05061989546941479
0 0.7322827838269732 0.7131175009857321 0.16977326114289004 0.05111837610952171
0 0.7325109158452665 0.7646488315062904 0.16811968829180743 0.05195975863317928
0 0.7328876617206695 0.8668126925616196 0.16573804250806204 0.05126380024941315
0 0.5648080324365115 0.2546197774824402 0.16614890508628302 0.05084131804990097
0 0.7321932556002381 0.3047782826311711 0.1695318198614097 0.05077290423039539
0 0.7322438308003493 0.25451077206034056 0.16736957072040076 0.050714716665061985
0 0.7322050652281366 0.5088036049139891 0.17033869862849355 0.05154311489051496
0 0.5647550953108204 0.10113601505476544 0.16770822585947098 0.05096372864056081
0 0.5643633155916481 0.5089472381161972 0.16610406599115093 0.0511687372771787
0 0.7317471141018504 0.611450087856239 0.16956286231188575 0.05109337461946156
0 0.7325987194914199 0.20291914962267088 0.16738381725564344 0.05144500732421875
0 0.7319086248224431 0.9178091416336561 0.16898160367398649 0.0512115048690581
0 0.7328961721509328 0.6629385791474105 0.1669652690465679 0.05152871575154049
0 0.5648282400220267 0.6628886478047975 0.1652303034901912 0.05101063329848885
0 0.5646886989584133 0.6113839306182145 0.1667924735704277 0.05149891454848885
0 0.7322560528279521 0.4587728652595914 0.16775482702606725 0.05065545453711855
0 0.7316222319731841 0.9684095785651408 0.16926316019943952 0.0509268174149061
0 0.7320184731073403 0.4066286758637764 0.1697351704065571 0.05149497448558539
0 0.7322277847027603 0.8155175867215009 0.16830684277583688 0.05018436628887911
0 0.9046080868132872 0.8664286080660395 0.1665449212751459 0.0506194208709287
0 0.2422362902826408 0.10096707142574686 0.4701636768969037 0.050926521910188344
0 0.9058335137894464 0.1516483423295715 0.16715722236352118 0.05069110315170646
0 0.5645204023881392 0.7648787520860842 0.1655024123133254 0.05165809308978873
0 0.56485399625811 0.9186718004969923 0.1661770982297105 0.05292765299479166
0 0.5652856475305206 0.4070437614906562 0.16793950711187042 0.05189173881996405
0 0.5644241070571637 0.458969062482807 0.164216812471207 0.05068385880877714
0 0.24228131917536402 0.8666629701712881 0.47025192574728325 0.05063482293500587
0 0.9059171184567912 0.7132398578482615 0.16649258400357034 0.051102902407937204
0 0.564791236521278 0.35688077899771675 0.16579304163227504 0.05146936407671288
0 0.5654620233859126 0.8158916419660541 0.1677835075509636 0.050989356958810156
0 0.564615366792796 0.20274523166423675 0.16554522690081772 0.051327772543463906
0 0.242270489289661 0.6625248009050396 0.47068238609838836 0.05024912659551056
0 0.7322507666135596 0.10161115082216934 0.16788162118972663 0.050295708884655586
0 0.9047253957837453 0.3048987410997561 0.16492598999923222 0.05074919221546728
0 0.9049639127764127 0.5607035104097894 0.16547365680666462 0.05131602399226086
0 0.564745029008945 0.9686386394948469 0.1659791838624846 0.05049921313361942
0 0.24201136695664988 0.3050992723921655 0.4691716242188025 0.0509483086671068
0 0.9053950954127956 0.9688341382523658 0.16740151295205005 0.05141474047736942
0 0.24235212012063667 0.45819186716572224 0.4713027588565461 0.04985501284890331
0 0.9042981121991132 0.20271469617673493 0.16561574725026873 0.05125043985429504
0 0.24212670004045642 0.2538568290746268 0.47087983651594684 0.05034829081503998
0 0.9046963403500269 0.7645415543390551 0.16689118706330622 0.05116809253961268
0 0.9046958529685581 0.4068888991091733 0.1654058732916155 0.05165186062665053
0 0.9052094030731727 0.35638053428399175 0.16613334637016275 0.05031872243388718
0 0.9052193756478424 0.6117130512362915 0.1663441950917537 0.05110429933933025
0 0.24241502074117452 0.5090503423986301 0.4693127609880902 0.0507893808570826
0 0.9053118281633907 0.8157066381033597 0.16687266656749078 0.05051447192268192
0 0.905175661279177 0.9179354743778425 0.166122698959613 0.05117633085295628
0 0.9059870014612446 0.5090555540272887 0.16772468435676444 0.05118643174149061
0 0.9045998013283169 0.10093443158646705 0.1660661627092291 0.050314522685019625
0 0.2423387587216914 0.7138256735644988 0.46888620086032584 0.05127690991325558
0 0.9055430344340256 0.4587097884343823 0.16536440837588298 0.05030572022630575
0 0.9049105632510174 0.6627205503938345 0.16634561974527795 0.05069163147832306
0 0.2423090310881706 0.9183273315429688 0.4703670854357595 0.05092889490261884
0 0.24286084561734586 0.04746861413051265 0.47004604105281594 0.05430261182113433
0 0.90488102043583 0.25454509538104275 0.16501409357244318 0.05071974919995232
0 0.7317969769751997 0.047743224202187406 0.172126038947328 0.05918233271495836
0 0.24257508542672426 0.1522259465965307 0.47007724283954144 0.05071443906972107
0 0.2420529244279979 0.8155892242288367 0.47153134017963083 0.05003249477332746
0 0.2417393211064819 0.6117768802553276 0.4707926790017168 0.05049452087688894
0 0.5652166830526816 0.04693112294998527 0.1692900411619894 0.05867956389843578
0 0.24238053586617736 0.3568523389073045 0.4696844321211081 0.05028999579344557
0 0.2417187069792127 0.5615073369702263 0.4701996365109006 0.0504334140831316
0 0.24095310625924526 0.9696212195454629 0.47112131118774414 0.04947150145338175
0 0.2414619825981759 0.2034999686227718 0.4701347509238878 0.0499054814728213
0 0.2412692697979601 0.7653988045705876 0.4698843311619114 0.0505433418381382
0 0.24203249746224217 0.4074827919543629 0.470522674354347 0.05082570107330179
0 0.9056819006617591 0.047348634737758015 0.17053635055954391 0.05954161496229575
0 0.5033527846027845 0.009548611111111112 0.9848996723996725 0.017361111111111112
