0 0.7982517508573309 0.09919688585715936 0.1310514110003331 0.04265928313888971
0 0.9288930966872577 0.712048496940911 0.13707597126332363 0.04603278466471043
0 0.935678526412609 0.6242152124046711 0.12864294717478197 0.04372863478610581
0 0.9199046645053598 0.9735115567653717 0.13665156401405038 0.0423115020257388
0 0.6723009153854016 0.27243004172500596 0.1195546822954518 0.044141742135367014
0 0.5512382891751075 0.36007819889384984 0.12421757306239402 0.043814194554709834
0 0.549619201541871 0.27256923271884687 0.12086679029834363 0.04443577565501371
0 0.6738363458204638 0.09914502197498361 0.11639782809471899 0.03973257757574178
0 0.791306961414426 0.9731386255604295 0.11613476183987403 0.04183898867597116
0 0.6738587904346082 0.3597825944025932 0.11497302388035974 0.04425668489148891
0 0.9221513141957365 0.8865089671059492 0.13488047991612162 0.04407616861668851
0 0.6723359278006147 0.9732277054691224 0.11880404450172602 0.04198572906115944
0 0.550305403480234 0.9731369382205523 0.12245435492936955 0.04290015090636916
0 0.7943334653396015 0.7985278366859808 0.12469517907430959 0.04614525459515014
0 0.9256241377009903 0.18368395722628322 0.13052054708318192 0.04856034707068488
0 0.6721573763115463 0.8861547420999909 0.11887868245442706 0.04475936671457936
0 0.5496821588324022 0.3164979918328095 0.12115901385166848 0.04322432380727181
0 0.7980073145193647 0.6231349075942862 0.1299390571061955 0.04574948611773118
0 0.6735587009163789 0.6235592735734181 0.11894149188847505 0.043807590655535036
0 0.552960432777109 0.7989927570063007 0.12296889549077944 0.042171685552460675
0 0.7926785964374393 0.8864313203795281 0.12114283835241038 0.04433863724380362
0 0.6718579965044361 0.5348010067717022 0.11763503200324006 0.043986099577722836
0 0.6727341348810714 0.4474203075194382 0.11668200825535974 0.0437526648333234
0 0.9304386700770653 0.09843772837272477 0.12556930660277374 0.04776511542335707
0 0.5520156594209893 0.4477956824579957 0.12192910955857862 0.043334379096163014
0 0.5543795001599215 0.09866805753898802 0.12208187487698341 0.04035186040276453
0 0.7905945593072462 0.5349506272715085 0.11736392235571098 0.04366090845448046
0 0.9254832896151284 0.22912821665164743 0.13495322530583817 0.04270686321422188
0 0.5514058401418287 0.886538524645868 0.12132869395174721 0.043660384797277164
0 0.5507137683010841 0.9296323996253872 0.1190044787503028 0.042517822963834606
0 0.9300656577413396 0.14154150920100617 0.1293926386870155 0.03524380257518321
0 0.9265712176182475 0.7989880149994042 0.13387931409732315 0.04501101309282649
0 0.7911645460498425 0.2726171182608809 0.11697908150133235 0.04340934935243387
0 0.796647685442784 0.7109626937298915 0.12630024991294211 0.04677445781696853
0 0.5510442571122517 0.5352504792045252 0.12269958969234496 0.042820787748004054
0 0.5530991665152616 0.6240736794994489 0.12340066599291424 0.04199562036388823
0 0.6726697581683019 0.7983172101219913 0.11902233981346899 0.04361983045608912
0 0.7967422248781189 0.14054496772409736 0.12853294195130813 0.041161347162848555
0 0.9262080820955971 0.8430171126519305 0.13305723205093264 0.04281316562648952
0 0.18638153325102125 0.3611319426472012 0.371554099138855 0.21767926647960856
0 0.9301005814426628 0.755750832498585 0.13979883711467417 0.0415136230003277
0 0.5533773584883342 0.7114458256840591 0.12160843841789305 0.044550485674600813
0 0.5497254512106725 0.22905787930702232 0.11913479945456334 0.04323748796752115
0 0.795118257980938 0.7547382831118923 0.12390674916348716 0.04272635489901097
0 0.9325017411579458 0.667765920109926 0.12884450513263082 0.043585036344137275
0 0.7985414608504421 0.6669648991412953 0.1301811277404312 0.042750559498629645
0 0.9220877359079759 0.9297540044648177 0.13461374682049418 0.0431985773281101
0 0.5518984092298405 0.4916247866969659 0.12066434520159582 0.04346648617172605
0 0.7935056168903675 0.2288603805381986 0.1222856506820797 0.04371929623264716
0 0.7948111304941103 0.8424245072502085 0.12440792349881905 0.04367999285033365
0 0.7967675083367399 0.18342134313883388 0.12711452513702157 0.04702160947088745
0 0.5527153754419134 0.6666936156179248 0.12414979565051175 0.043956658406071256
0 0.6735001497490463 0.8421986655352569 0.11883976662805837 0.04397108807122855
0 0.6735987108807231 0.7104240541121754 0.11978445127028828 0.04582041257670996
0 0.6725436661594598 0.9297476042101108 0.11872804626937984 0.04313504025411106
0 0.9159417559010113 0.5349654351335349 0.13339304369549418 0.04284545782069232
0 0.6722439314967903 0.229068228809804 0.11958786129027374 0.04337883177430887
0 0.5544138767922572 0.4038643923342171 0.12154435741808987 0.04331570198924571
0 0.7896122304044029 0.36007133316607337 0.11667733599049177 0.043323469571094494
0 0.7923470134882965 0.9300699152187352 0.12111616504284763 0.04370728120903837
0 0.19354075008584548 0.7763468399658633 0.36827486707258594 0.3531648910420639
0 0.927194314409596 0.5793200439220388 0.13707591212073036 0.04597035308925166
0 0.5527665485707365 0.14126897108225284 0.12219900678294573 0.045486981125532504
0 0.673454107240189 0.7547616149495056 0.11985116411549177 0.042975615727776445
0 0.9136425580165182 0.40360618569489537 0.12760268810183503 0.043330393483004645
0 0.6737774693688681 0.6666913755287774 0.12045932740204095 0.042359445751906574
0 0.9131421821061956 0.3601409068439436 0.13024914172268653 0.043389304918374644
0 0.6733430965926297 0.3161589674317803 0.12047890360041182 0.04327282028270971
0 0.9137839088144228 0.27269925971163017 0.13787551998168 0.04403543972309938
0 0.674272049305051 0.4039216164297098 0.11552381885144138 0.04326124164010367
0 0.5509711125100306 0.1859138641502882 0.11947274023248244 0.04251539377625268
0 0.6721545966096626 0.18497224122257436 0.12076379347217175 0.044220508906361713
0 0.5534374177917953 0.7555764546498897 0.12284848117089087 0.04426212510798975
0 0.5539081041202989 0.842359719217335 0.1212206995764444 0.04439315577707936
0 0.7897475190864977 0.44762105732673235 0.1182443189990613 0.04333190627048081
0 0.6733420615972474 0.4912564520385858 0.11711031891578852 0.043153397348293016
0 0.551070723422738 0.5793898648824773 0.121470429176508 0.04498448112785987
0 0.7919341094734134 0.579139818567907 0.12086096475290697 0.04434753941625953
0 0.6735183656677719 0.14044876389553482 0.11778761989386506 0.042367700625875096
0 0.790922948556353 0.49104375993785004 0.1177440318026284 0.043552947794402413
0 0.9159000603727593 0.44800034514828113 0.13293090347171754 0.044062611713536703
0 0.915349235830381 0.49147148605070307 0.13295450136643047 0.04306068093124404
0 0.9312002492505449 0.03873398306258414 0.134853392608406 0.06975041626747502
0 0.4320580829945645 0.2724302308234405 0.11230989204820735 0.04405141126779969
0 0.19406528251115668 0.49152937926373325 0.35524120626523514 0.04300936252532173
0 0.7919281656427901 0.31614661784940273 0.11769677687060925 0.0435486421685087
0 0.9166400820709939 0.31656388536422336 0.13189513923585877 0.043294668424913606
0 0.43152108303336206 0.35993400406451087 0.1128798196482104 0.04329196286269662
0 0.7906047022619913 0.40402326411128164 0.11762823060501454 0.04382155484762274
0 0.6729094335275103 0.5792294512258698 0.11812674352364945 0.04420202089787893
0 0.19412511910579 0.535163581200846 0.3546091216479161 0.04373759514269542
0 0.5542294701864543 0.04830973424584387 0.12017106640246472 0.06014787573309485
0 0.19319784410240115 0.9742892458963894 0.35739404378935347 0.04340629468541469
0 0.4325639887373577 0.18572874405590892 0.11791347533233405 0.04215760499210558
0 0.43231499841970994 0.22870794538092454 0.11608916290046632 0.043833264404529615
0 0.4331535664639732 0.09843648832337532 0.11652655194896136 0.04041860487713374
0 0.19473145359246305 0.22872420057327664 0.35340739405432414 0.04358960379863262
0 0.4341619772504466 0.9302286415354653 0.11480840047200519 0.043188860577782415
0 0.6732722437658976 0.04944591318456557 0.11556947693344238 0.06013453139253913
0 0.19483555749405265 0.18524098646311216 0.3516608874003093 0.04400457304017219
0 0.4331074795981711 0.8864899699862966 0.11541582447613856 0.04327503127979029
0 0.4334034291348716 0.1414564912721472 0.1163681385128997 0.045889978981563544
0 0.4340786009795906 0.31644585884901544 0.1121690735336422 0.043116508607528005
0 0.4317636859509372 0.49143864110723007 0.11761282395946887 0.04382399858123808
0 0.4324187788852425 0.4475647496313453 0.11591034526972807 0.04355286051820186
0 0.1974724106086317 0.14146131691873587 0.3538859297138776 0.042140658863165814
0 0.4324008586794831 0.6229239028334277 0.11552692383758782 0.0444149166430827
0 0.4336146125497744 0.7110012116264001 0.11515379321667575 0.0444900323596878
0 0.7976426708605863 0.04956975767734123 0.12487390799115791 0.05690868752361676
0 0.430843146272408 0.9730706083081359 0.11278936105181081 0.04200760629543017
0 0.43035375609878423 0.5349708171659021 0.11703772138255511 0.0431751873063632
0 0.4314002547153207 0.578644758866331 0.1172196439994398 0.044486424943398474
0 0.43591048366339635 0.7541184475355993 0.10992082699324733 0.04069514679158723
0 0.19292620078537814 0.03577141993607193 0.36124594451845154 0.07154283987214385
0 0.43247394413911094 0.4036206735441864 0.11608247978742732 0.04359961146962881
0 0.4335844646128573 0.6671765439276246 0.11477389076883479 0.04295577493818517
0 0.4333995552950127 0.7977536676950518 0.11580681616021682 0.041254936341903005
0 0.19534360807995463 0.09609550425163102 0.35785805347353905 0.04758493370732543
0 0.6755861921193366 0.009632743315458726 0.3540561572002232 0.018942661908667415
0 0.43168001396711486 0.04072942201925302 0.10959684386733891 0.07356643813126876
0 0.43764804048234285 0.8433159722222223 0.09882375107665808 0.04427083333333329
0 0.1905886627906977 0.5802951388888888 0.3600008074935401 0.044270833333333356
