0 0.6842496771561472 0.11717955867110973 0.12493374473170231 0.2234804585601443
0 0.1915775582306367 0.1166014703818846 0.36288190067262577 0.22447682076865202
0 0.43733963930517206 0.14774946703415306 0.12256610841679393 0.16007927369827712
0 0.19375228119972057 0.4578991033758784 0.3624403682866491 0.15141044239778534
0 0.808394726057698 0.11749832654527342 0.12508988918218397 0.22284245491027832
0 0.19342993166213646 0.30647029584270524 0.3627731226440659 0.15280866216760275
0 0.19385790331919392 0.6093516569121327 0.361540470804487 0.1528218413942717
0 0.19389756102310984 0.761083339710658 0.3620812588168266 0.15329151056084966
0 0.5607346556240455 0.914180385193183 0.12434519143929158 0.15309639561927704
0 0.19339248157085337 0.9136289632300095 0.359777965940031 0.1531833733163863
0 0.5603453844113457 0.30695896701065406 0.12447999653063321 0.14987341183820008
0 0.8072873452552278 0.609650620000732 0.12117463305480498 0.15255103038157475
0 0.5617029003630905 0.1490249211377951 0.12527012645750119 0.16334781289303732
0 0.8086437139295994 0.9141356486071923 0.12237044026080827 0.1501754942703897
0 0.9341998279542852 0.11756096544217007 0.12327156927352562 0.22444201815473566
0 0.6854046412876674 0.9138852952895417 0.12344056323058623 0.15263743619902576
0 0.5602244040123502 0.45821791328807104 0.12389821217472391 0.14847012313504845
0 0.8079071044921875 0.7615994870967312 0.12269282520265508 0.15215388595347104
0 0.5614645534888245 0.7620224440930445 0.12424870541221217 0.15241138776684945
0 0.6848021772571076 0.6096160992649994 0.12417304246945489 0.15047989021574212
0 0.9336654261538857 0.3093126157276472 0.12409026640698424 0.148693520125173
0 0.8081359576461906 0.4581806631266969 0.12338847683784657 0.15095691583428716
0 0.8085711199538153 0.30677948777882774 0.12400984226312853 0.1519474373968537
0 0.43748376602517036 0.306753688207883 0.12303505804305687 0.14952508513728438
0 0.6846063083275817 0.7618246257203605 0.12426384947353736 0.15058158081678555
0 0.6851223250080768 0.45814648031985333 0.12348123421346333 0.14933678076255058
0 0.561376270494963 0.609524728492334 0.12381664075349506 0.15081693529067292
0 0.6852245187400875 0.30738497836423284 0.12450936683138511 0.14918156742440375
0 0.43748208813201217 0.4581831845960991 0.12257766723632812 0.1484158465565774
0 0.9330412212171053 0.6107257017691254 0.1256236599800282 0.15059832129405346
0 0.9335700874041793 0.9148276749826981 0.12423252880125117 0.14891683913170783
0 0.9336062553233669 0.763012705710312 0.12387635654076598 0.1519599667602747
0 0.4375384911558682 0.6097909124787052 0.12235196909510103 0.14968794086722742
0 0.9335968763308418 0.46004167650992867 0.12445911608244244 0.14885330850058562
0 0.43773579418211056 0.9149612608719522 0.12184710968705945 0.14891668316452833
0 0.43758385163500796 0.76254116493758 0.1220776837571223 0.15073635224792375
0 0.4991541840976342 0.03642771719261573 0.24588675247995476 0.05705840258622698
