0 0.7452494382858277 0.07774291423536976 0.09787096977233886 0.07980540968616556
0 0.9443671226501464 0.25113820930939035 0.09928340911865234 0.08745852958094753
0 0.6475420713424682 0.8593419866779083 0.09788146018981933 0.0875343338549754
0 0.8452299118041993 0.251189893323689 0.10044498443603515 0.08736236445898841
0 0.6477017879486084 0.6853203941329419 0.09840106964111328 0.08610525190460015
0 0.6477834224700928 0.5106612653712556 0.09844083786010742 0.08722830509793932
0 0.5493601322174072 0.07822080774090058 0.09870452880859375 0.07825606209891182
0 0.9441428184509277 0.8598076482737287 0.099029541015625 0.08753471295532479
0 0.3519730091094971 0.9480238572904536 0.09802179336547852 0.08851355005742106
0 0.8455806732177734 0.9477185235507245 0.10000133514404297 0.0889949443177407
0 0.3515439391136169 0.6852378766235604 0.09796106815338135 0.08517317051226062
0 0.944034194946289 0.5990952833345464 0.09966907501220704 0.08734250907818969
0 0.45102975368499754 0.9476955247961955 0.10082297325134278 0.08889258722340837
0 0.6478716373443604 0.2513496762230283 0.0984999656677246 0.08729237305698433
0 0.1572118835814877 0.3816700317204551 0.2960206128656864 0.3492436695296325
0 0.8449165344238281 0.685335558146917 0.09984130859375 0.08570403736817417
0 0.9439167022705078 0.05931581232858741 0.09746532440185547 0.11828794427539992
0 0.6476980686187744 0.16275369553338911 0.09805088043212891 0.09063295794816736
0 0.9440670013427734 0.4250095280554477 0.09996395111083985 0.08509962504448111
0 0.15327867325395345 0.8587821818286586 0.2947534788399935 0.08357185063648422
0 0.3520393967628479 0.33794056357310676 0.09564297199249268 0.26280406691272806
0 0.1565536256879568 0.1625862595457468 0.2934885986149311 0.08849202031674591
0 0.8454754590988159 0.0782359480611039 0.09953465461730956 0.07953780038016182
0 0.3520108938217163 0.5991480730581975 0.09783711433410644 0.08740310195069875
0 0.648688530921936 0.5988706663775395 0.09661259651184081 0.08778517191948111
0 0.8451947689056396 0.8595221541189505 0.09968061447143554 0.08724211066899584
0 0.4515325307846069 0.07764680242439728 0.09956088066101074 0.07940170335473481
0 0.6480430841445923 0.33893427246599217 0.09793343544006347 0.08785609527651074
0 0.6477547645568847 0.42499951348788495 0.09870319366455078 0.08544466954580746
0 0.45104169845581055 0.5987463846463348 0.10029535293579102 0.08793415835678701
0 0.1545530006289482 0.6853563138910457 0.29469811022281645 0.08214813927439182
0 0.6480507850646973 0.9477733351429057 0.09685096740722657 0.08950464473748058
0 0.15288961715996266 0.9483637523453676 0.2943842254579067 0.08835350652659163
0 0.944556713104248 0.16263775795883273 0.09911460876464843 0.09007406136017161
0 0.15251774899661538 0.7712350849285876 0.2913963295519352 0.08350677174317417
0 0.7452816009521485 0.25087246786239975 0.09638500213623047 0.08774625095027823
0 0.8450234889984131 0.5107400866522306 0.10017728805541992 0.08673440052609019
0 0.35213433504104613 0.5109526671731447 0.09871232509613037 0.0861118545690185
0 0.35170258283615113 0.8593300766085986 0.09730207920074463 0.08720344243335922
0 0.8449097394943237 0.33882254843386067 0.10028557777404785 0.08641921017727744
0 0.9444164752960205 0.5114217248762616 0.0997593879699707 0.08754463274780021
0 0.844937539100647 0.5988250479688308 0.09956946372985839 0.08812219213007894
0 0.8452389478683472 0.42518528845492853 0.09998974800109864 0.0855087059131567
0 0.4509083032608032 0.25101379331347856 0.10144858360290528 0.08843744566228326
0 0.7456027507781983 0.4246144581038513 0.09690294265747071 0.08622703789183812
0 0.3518168330192566 0.7724808402683425 0.09821665287017822 0.08752668866459627
0 0.9443326950073242 0.6856289818173363 0.10007171630859375 0.08630693329046972
0 0.7456160068511963 0.5989587756170743 0.09745264053344727 0.08798603192126037
0 0.7456023931503296 0.9478785354898582 0.09756407737731934 0.08861792902028337
0 0.451136040687561 0.6852131719174592 0.10094447135925293 0.08576924262826732
0 0.3523382067680359 0.16257638714081504 0.09859621524810791 0.08915715187973117
0 0.9435481071472168 0.9494432405902238 0.09749526977539062 0.09045713436529504
0 0.8455847024917602 0.16220180440393292 0.10055232048034668 0.08924497679400395
0 0.4512831449508667 0.7721757908538756 0.10093569755554199 0.0876869217456004
0 0.9442394733428955 0.33852467033433614 0.09915323257446289 0.08739469855962084
0 0.4510227680206299 0.8595226279943872 0.10086183547973633 0.08721235129156962
0 0.9440494060516358 0.772091851718184 0.09973764419555664 0.08770695088072593
0 0.548821783065796 0.9480047127228098 0.09677419662475586 0.09048285000566123
0 0.5488893747329712 0.5989090818796098 0.09846282005310059 0.08851013815427666
0 0.4515771150588989 0.5109503767752005 0.10027785301208496 0.0871947231253235
0 0.5506181240081788 0.3386309605947933 0.0985529899597168 0.26657935353786555
0 0.6483671188354492 0.07851563724178211 0.09645709991455079 0.07820275111228042
0 0.1539844570681453 0.058900070980222076 0.29686793126165867 0.11780014196044415
0 0.647577428817749 0.772819945530862 0.09866666793823242 0.08715656035681936
0 0.45108444690704347 0.16236336038719795 0.10059027671813965 0.09017333826416522
0 0.7455733776092529 0.7724356641433746 0.09803285598754882 0.08779319621020963
0 0.8451755523681641 0.7720157789147418 0.09928417205810547 0.08794641593475026
0 0.3528671622276306 0.07825043285361975 0.09953625202178955 0.07932591487655481
0 0.5482959747314453 0.859173666122784 0.09777030944824219 0.08641434505612705
0 0.7453705072402954 0.6854892517468945 0.09848990440368652 0.08624608768439442
0 0.7453376054763794 0.3393527044766191 0.09844107627868652 0.0885344321683327
0 0.4510617733001709 0.42428988502139137 0.1014089584350586 0.08685388031953609
0 0.15476359166204928 0.5970728461540017 0.2926719896495342 0.08950413927034809
0 0.7449215173721313 0.8595543776486477 0.09767088890075684 0.08732589184620859
0 0.5483389616012573 0.6854375677325958 0.09821848869323731 0.08532335743400621
0 0.5483958482742309 0.7724776179153727 0.09671940803527831 0.08759227302503883
0 0.7455898523330688 0.5109824423464189 0.09879364967346191 0.08775939309572334
0 0.7454424619674682 0.16298074110200936 0.09911751747131348 0.0911298716290397
0 0.5484628200531005 0.5111686595972034 0.09719285964965821 0.0870651023975317
0 0.5487876892089844 0.16291568195350917 0.09772224426269531 0.09110598040910486
0 0.4515153169631958 0.3381267413342715 0.10091624259948731 0.08618050332395186
0 0.5986292398550552 0.01896724280031056 0.5860026791488337 0.03793448560062112
