0 0.13490855333725485 0.5433706847332435 0.25277065586399383 0.5211157862783173
0 0.6846515795005713 0.13974303853704526 0.12362510790316972 0.27652999476527507
0 0.4444322813485877 0.8963399274795215 0.12171276195629224 0.18195517454081267
0 0.13500791058441794 0.14128237893895243 0.25377789514053417 0.28256475787790486
0 0.9274013015916881 0.7174090590267754 0.12074587871994238 0.17664913327258952
0 0.6854978722115959 0.8941230685826538 0.12036278365336844 0.1817177999377526
0 0.4413022403686717 0.1396690750576332 0.12205961436649196 0.27749040819205534
0 0.9292970302563593 0.13889221120926853 0.12186692666931638 0.27778442241853707
0 0.13507497253781853 0.8936223829590972 0.2542917239457511 0.1821666127264362
0 0.6849378334130316 0.5417674463285309 0.12023527936829292 0.17662837709070078
0 0.6854720851006683 0.7166964771015265 0.12107846695213136 0.17376405922975607
0 0.5654274314310289 0.8960340116646218 0.12133619250857014 0.18280663611431872
0 0.5648870180066325 0.3634731742030754 0.12103649921750796 0.17139861214794133
0 0.6851254752785298 0.3645314487518945 0.1213558906591564 0.17435058875667578
0 0.5649597459074424 0.7161647805440784 0.12144773449920508 0.17131165819410363
0 0.3241019195896264 0.5408888149481723 0.119953392040938 0.17590546993405382
0 0.564741416652176 0.5414947439286231 0.12171962719843005 0.17622682073650403
0 0.8062474382700715 0.3637157819012296 0.12206080304799284 0.17225158902844437
0 0.4431486508804588 0.5420627726143007 0.12055445248068612 0.17796829611269482
0 0.3233958549074983 0.8960354917319212 0.12142286922291086 0.18180752020785218
0 0.3239724503412535 0.3627341272649258 0.12061968441039844 0.17526010773198433
0 0.4433746701772717 0.7171245337083212 0.11975687145239218 0.17477903300014433
0 0.8063976002800824 0.8958750101490329 0.12140785302190978 0.18073609244190242
0 0.32433146854273276 0.7159680373123557 0.120908922156014 0.17569723856091224
0 0.4436468418527672 0.36486376791022396 0.12139339477344992 0.1738621489280366
0 0.5634406837257179 0.13978611899853854 0.12172569189996522 0.2795722379970771
0 0.9272256678352295 0.5415249091097719 0.12045360862355922 0.17617226968461316
0 0.32463759041742224 0.13939486999778772 0.12105796826094246 0.27802697777335145
0 0.9275416630440183 0.8960625910593785 0.12114906007800079 0.18195771179904013
0 0.8058492542260781 0.5412020430003248 0.12342055764979133 0.17705185253680716
0 0.8058461005812798 0.1397364748680564 0.12439178321244038 0.27678077862389366
0 0.806168548632502 0.7170263206710992 0.12187177843054452 0.17354768748646796
0 0.927700412671403 0.3635292405619633 0.12133517363871224 0.17460288737167112
