0 0.1187222515156871 0.8973774806517351 0.2047779618902044 0.19551721456253085
0 0.6051204905790442 0.8987701536400549 0.15617182404085625 0.19077248356986562
0 0.7606366210010971 0.898758085051467 0.1568378832127609 0.19089617907883383
0 0.11999178204183561 0.11723997113267347 0.2042223986457376 0.2201162818856023
0 0.2989775496596856 0.11739934078570183 0.15264668184168198 0.21985818648479394
0 0.450855450566851 0.8983917838252742 0.15514027778292516 0.19103299654447115
0 0.6055711025983604 0.323429371008036 0.1569475032799158 0.19170471432176098
0 0.12012579680846358 0.6099890834951307 0.20236096934077863 0.38315403202816817
0 0.12001686349539423 0.32170291577100285 0.20380993359907756 0.195824015540249
0 0.2977206684380374 0.8985289624456823 0.1537730236885896 0.1924487232456546
0 0.4515757985992721 0.32300730899005714 0.15648449892337227 0.19202408047587677
0 0.4518755599714999 0.11786001344639403 0.15385077981387868 0.21965084414510333
0 0.7606039608226104 0.15354812215771196 0.1576406055428724 0.1516359543659278
0 0.2993304489685869 0.32212934926651876 0.15258783271688212 0.19331687912197978
0 0.7605691001356439 0.32324372993183326 0.15797751497272297 0.19099253216203618
0 0.9156122370508183 0.8987297344019664 0.15681263527336337 0.19212795761680226
0 0.6055930208209797 0.7076025667510324 0.15520383194230314 0.18995482916897802
0 0.45160016343987197 0.7069572132720044 0.15289306640625 0.1898253551836785
0 0.7598513579685278 0.5142990052112226 0.15745697890106145 0.18951250486355092
0 0.9152164929731973 0.5139693461461414 0.15495494285163663 0.18882327107988164
0 0.29904137164410877 0.7063937817334659 0.15248261366668645 0.19003476475822859
0 0.9167156472830438 0.11821299756067039 0.15620616355476163 0.2218328500405336
0 0.6064003178924039 0.1538184389795307 0.15503902543880455 0.1501673034427199
0 0.7604941959851607 0.7078884508482802 0.15748720693859702 0.1903224245330991
0 0.6053846384587731 0.5143115101951584 0.15500260123265536 0.18939299273067678
0 0.9158054474861391 0.3228334505882489 0.15397948060587643 0.19098177275949213
0 0.45168078601699635 0.5144943899421768 0.15716989940665027 0.18834826226770526
0 0.29922600443946795 0.5133116833086785 0.15266474917446188 0.18783924471462032
0 0.915772468813004 0.7079626079611994 0.15674650420273956 0.19036805041913216
0 0.686774556053205 0.041867686446601826 0.3107027057452265 0.06674674464870957
