0 0.25868669332211003 0.026475694444444448 0.5106323653198654 0.033854166666666664
0 0.6732595135707774 0.025607630334434278 0.31514274691358024 0.03559027777777778
0 0.9083526234567902 0.0885416752211212 0.15504349046015717 0.15625001710890912
0 0.7499386223344559 0.10546875 0.15841400112233445 0.1223958333333333
0 0.59320987654321 0.10503472222222221 0.1550434904601571 0.125
0 0.4331106200897869 0.10590277777777779 0.1550434904601572 0.12326388888888888
0 0.1794796927609428 0.10633680555555554 0.35221836419753094 0.12239583333333331
0 0.1777944374298541 0.20138888888888887 0.3522183641975309 0.06944444444444446
0 0.43395325068894974 0.20138888888888887 0.16009926232066043 0.06944444444444446
0 0.5932098765432099 0.20138888888888887 0.15167297979797972 0.06944444444444446
0 0.7490959946689115 0.20052083333333331 0.15335823512906843 0.06770833333333336
0 0.9049821142614225 0.20182291666666663 0.15841400405595285 0.0685763888888889
0 0.9083526234567902 0.2699652777777778 0.16178451178451184 0.06944444444444446
0 0.7507812500000002 0.27083333333333337 0.15335823512906843 0.06944444444444446
0 0.59320987654321 0.2699652777777778 0.1550434904601571 0.06770833333333331
0 0.4339532477553312 0.2703993055555555 0.15672874579124582 0.06684027777777779
0 0.17779443742985415 0.27083333333333337 0.3555888748597083 0.06944444444444446
0 0.17947969276094278 0.3389756944444444 0.3555888748597082 0.06684027777777772
0 0.4356385030864198 0.3389756944444444 0.15672874579124582 0.06684027777777772
0 0.5906819935465769 0.3389756944444444 0.15672874579124568 0.06684027777777772
0 0.7490959946689115 0.33940972222222227 0.15335823512906843 0.06770833333333336
0 0.9075099957912459 0.3402777777777778 0.15335823512906857 0.06770833333333331
0 0.17863706509539845 0.40842013888888884 0.3505331088664423 0.06857638888888885
0 0.4347958754208755 0.40668402777777785 0.16178451178451184 0.06684027777777779
0 0.5940525042087543 0.40755208333333326 0.15672874579124588 0.0703125
0 0.7516238776655445 0.40842013888888884 0.15504349046015706 0.06857638888888885
0 0.9058247404601574 0.40798611111111116 0.15335823512906857 0.06770833333333336
0 0.1794796927609428 0.47699652777777773 0.35221836419753094 0.06857638888888892
0 0.4331106200897868 0.4761284636677676 0.15841400112233447 0.06857637177997972
0 0.59320987654321 0.4765625 0.15841400112233459 0.06770833333333336
0 0.7499386223344561 0.4761284636677676 0.15504349046015706 0.06857637177997969
0 0.908352626390409 0.47569444444444414 0.15504349632739478 0.06770833333333331
0 0.9083526234567901 0.5451388888888888 0.1550434904601572 0.06770833333333336
0 0.7499386223344559 0.5451388803344341 0.15504349046015706 0.06770831622442425
0 0.5923672488776657 0.5447048611111112 0.1600992564534232 0.06857638888888892
0 0.4339532477553312 0.5455729166666667 0.15672874579124582 0.06857638888888892
0 0.17947969716137063 0.5451388888888883 0.35558888366056396 0.06944444444444448
0 0.17863706802901702 0.61328125 0.35390362539585674 0.07031249999999999
0 0.4347958754208755 0.6137152777777778 0.1550434904601572 0.06770833333333329
0 0.59320987654321 0.6141493055555556 0.15841400112233459 0.06857638888888885
0 0.7499386223344557 0.6128472136677677 0.15504349046015706 0.06770835044224256
0 0.9066673681257016 0.61328125 0.16178451178451184 0.06684027777777772
0 0.1777944374298541 0.6827256944444445 0.3522183641975309 0.06684027777777786
0 0.17863706509539845 0.8537326388888888 0.3505331088664423 0.2734375
0 0.4339532477553311 0.6831597222222223 0.16009925645342313 0.06770833333333329
0 0.5940525042087543 0.6818576388888888 0.15672874579124588 0.068576388888889
0 0.7507812500000002 0.6818576388888888 0.15335823512906843 0.068576388888889
0 0.9075099972580554 0.681857638888889 0.15672874872486448 0.068576388888889
0 0.4339532477553311 0.7513020918877881 0.15672874579124582 0.0668402948866869
0 0.4331106200897868 0.8190104166666667 0.1584140011223345 0.06684027777777772
0 0.4339532477553312 0.8880208333333333 0.15672874579124582 0.06770833333333343
0 0.4347958754208755 0.95703125 0.15841400112233445 0.06857638888888885
0 0.5915246212121213 0.8884548611111112 0.15841400112233445 0.06684027777777786
0 0.5940525042087543 0.7517361111111112 0.15672874579124588 0.06770833333333343
0 0.5923672518112842 0.8198784722222223 0.1567287516584831 0.06684027777777772
0 0.5923672488776657 0.95703125 0.15672874579124582 0.06857638888888885
0 0.7490959946689114 0.8875868055555556 0.15672874579124582 0.06857638888888885
0 0.7482533670033671 0.9561631944444444 0.15841400112233459 0.06857638888888885
0 0.7499386223344559 0.75 0.15841400112233445 0.06770833333333315
0 0.750781252933619 0.8194444487216717 0.1567287516584831 0.06770834188778808
0 0.9075099957912459 0.7513020833333335 0.15672874579124582 0.068576388888889
0 0.9083526249235995 0.819010420943894 0.1550434933937755 0.06857639744334348
0 0.9066673681257015 0.8875868055555556 0.15841400112233445 0.06857638888888885
0 0.9075099972580553 0.9565972222222223 0.15672874872486448 0.06944444444444443
