0 0.284836549561439 0.9673505809209118 0.0928951175146068 0.05780301028735017
0 0.9410613010048721 0.6767390525504333 0.09432243691001826 0.057811162243150686
0 0.3780505869188204 0.9674280767571436 0.09154518861573158 0.05727616401567851
0 0.3777508938936891 0.5020635683242589 0.09086818904156518 0.05899293455359054
0 0.6589624774296304 0.6767431024002702 0.09427794295019412 0.05807333123194028
0 0.658436671825042 0.967872097067637 0.09537059119499848 0.05774573757223887
0 0.3775208783352999 0.6189461538236436 0.0913490360459805 0.057531748732475387
0 0.37761406660370356 0.3274415159878665 0.09104735436015529 0.05927783495759311
0 0.6589724579043278 0.5021691518287137 0.0941128655269869 0.05901420279724958
0 0.9412596466770706 0.3278816301528722 0.09418757969511267 0.05864284463124733
0 0.37801343427651113 0.6767612614043772 0.09170855616245432 0.057871465813623714
0 0.377359555206113 0.5600345820596774 0.090757344439898 0.05797174532119542
0 0.5637246061039319 0.966946641059771 0.09242343321787454 0.05707435085348887
0 0.6590600333173151 0.5603400452496254 0.09408193906535475 0.05832024143166738
0 0.28478769727514086 0.6767894797129174 0.09295037254491474 0.0582122802734375
0 0.6586961455815602 0.6188421641310601 0.09393128407858174 0.05747719333596425
0 0.37774126654565693 0.2689940962072921 0.09131862998153928 0.057988075360859904
0 0.37809851921722754 0.7348403669383426 0.09168833501446408 0.058387808603783176
0 0.377666180665252 0.4437920818590138 0.09134509589582064 0.05743695611823095
0 0.9405785582678327 0.443875887622572 0.09453468462146011 0.057305505830947664
0 0.940798723450822 0.5023737868217573 0.0945317852656821 0.05799332710161601
0 0.47116704051009634 0.9680096351937073 0.09498553444494139 0.0588836669921875
0 0.37773496602252393 0.3852314622434851 0.09139011025283572 0.05690117404885488
0 0.37810758899684077 0.8512344621632199 0.09176067022400274 0.0572862494481753
0 0.12132409530783689 0.4983255438608666 0.2372616899725 0.4035095058075369
0 0.6593232985390814 0.8512754570947934 0.09516730174948615 0.05758510223806721
0 0.6593788137679849 0.7349146228947052 0.0938369063308846 0.05883501653801905
0 0.941208053012713 0.8521572531086125 0.09390121255519183 0.055711354294868363
0 0.9412496476167592 0.7339767560566941 0.09461021655660018 0.057202691901220036
0 0.9410493690407088 0.9680908412149507 0.09641346716561358 0.059862737786279964
0 0.28495994874533725 0.909504720609482 0.09253509558655602 0.05791922791363442
0 0.2846152227775769 0.6190424096094419 0.09322737253539891 0.057648070871013486
0 0.940578409582921 0.26903961129384496 0.09518280215153015 0.060411662271578015
0 0.2845285487668668 0.4440202843653012 0.09283504881028282 0.057281859933513486
0 0.7537103576288444 0.9094185502561806 0.09232440906668699 0.0578365587208369
0 0.6590800500235516 0.9095933992568761 0.09457821212935827 0.05818312135461259
0 0.6587294510017796 0.7936964165674496 0.09394273281678213 0.05753880330961045
0 0.28460924750268823 0.7347307335840512 0.09305911697220423 0.058761230886799014
0 0.6589788327699166 0.3266348512205359 0.09408732889340361 0.061537363757825876
0 0.47119891483804044 0.3854173242229305 0.09386084460166717 0.05680645981880083
0 0.7536866795566572 0.5602499818148678 0.09283402660151491 0.058393870314506637
0 0.5643647875768404 0.6767707458914144 0.09315284422341277 0.05831506807510167
0 0.2845024081008298 0.3273344170557309 0.09240648313794153 0.05930662808352953
0 0.8461065071654232 0.3276445049129121 0.09192771772228989 0.05946694988093964
0 0.7537319541122678 0.3273252591694872 0.09238678238714221 0.05948808748428136
0 0.5645741545181182 0.44362368648999356 0.09335739749067448 0.05731504257411173
0 0.5640034274845844 0.9094354812413046 0.09265396917345463 0.05785453482849958
0 0.8955984731249049 0.026195868747691583 0.1932407987829248 0.04832001316220793
0 0.9414702960257118 0.5600911231890118 0.09509730832730662 0.05831778539370184
0 0.9408927294862401 0.619021428774481 0.09497062878254417 0.05764310653895548
0 0.28464815648551695 0.502114962225091 0.09335776920295372 0.05893362384952911
0 0.6593101399243966 0.4440422058105469 0.09351779133916337 0.057484247913099314
0 0.8457962389259478 0.26898752499933115 0.09169718176670981 0.05740727463813677
0 0.2844156783332778 0.7935798854044038 0.09309268259101895 0.05781482017203553
0 0.8458597273832408 0.9095318937954836 0.0916780014131014 0.0576173965245077
0 0.471575998359708 0.5599825088291951 0.09389455890539358 0.05659599826760488
0 0.4709542724014636 0.32776735906731597 0.0931337382122602 0.059283896668316564
0 0.753883501208511 0.6187907441021645 0.09204681433655602 0.05797153629668771
0 0.6590751805926938 0.2681715717054393 0.09412806855920752 0.05541725681252675
0 0.753512383668925 0.7347777640982851 0.09369171551461632 0.05865535997364619
0 0.7540084337055611 0.6767910735247885 0.09211409425909714 0.05825978109281357
0 0.9410825257760164 0.3853650419679407 0.09424118060577802 0.057446127068506526
0 0.9410632710799521 0.2102163393203526 0.09506697660532124 0.056487096499090325
0 0.37779310182299597 0.21066864222696385 0.09106240870746422 0.057297380003210614
0 0.7540658632527026 0.15340112660029162 0.09395221147990256 0.057692357938583586
0 0.7538024679316383 0.3852827255039999 0.09153459481577345 0.057159423828125
0 0.5644637745568 0.5602426659570982 0.09270128814660093 0.058156941035022475
0 0.28465100937726 0.5602275116802895 0.09268878002840478 0.05853694759003104
0 0.7541033318504492 0.5021380594331925 0.09253539295637941 0.05884896892390839
0 0.65900624655051 0.15301150491792861 0.09354734246536238 0.057607154323630144
0 0.8461631189455504 0.5023301268277103 0.09193121181771467 0.05874753978154432
0 0.471522248764131 0.5019749680610552 0.09486829639207141 0.06010666938677226
0 0.2856788310005662 0.15376080552192584 0.09498618494143005 0.057685094336940815
0 0.5641867931519298 0.502113838718362 0.09254892328334348 0.0592241156591128
0 0.5640757255228951 0.6184637252598593 0.09280711463249848 0.057601876454810574
0 0.5635564434688071 0.3274703221778347 0.0921234614085338 0.05984525811182309
0 0.9405949136081189 0.909359971137896 0.09441053272019641 0.057394994448309075
0 0.5644750374388608 0.7349438079415935 0.09245328171389693 0.05870589164838399
0 0.37752011632512755 0.15344193863542113 0.09136572592731804 0.05729241567115261
0 0.8454346743919382 0.9671547249571918 0.09048487933922048 0.05743868057041952
0 0.37791208692357836 0.7935738759498073 0.09088770393622488 0.0582978758093429
0 0.12075131064355737 0.7350579614508642 0.2317290021499095 0.05779867302881528
0 0.8461145361506547 0.38541465916045725 0.09126562381052071 0.05722283663815016
0 0.659533799202811 0.3859418973530808 0.09452936913586708 0.05646784011631796
0 0.65888032901592 0.21047080706243648 0.09382713029794078 0.058483424252026704
0 0.2846113755554868 0.26895303595555975 0.09269288744909028 0.057738787507357656
0 0.471566835652025 0.2690244570170363 0.09404811324794458 0.05757227335890678
0 0.47144041630585787 0.15350886566998206 0.09274206498363277 0.05755157993264394
0 0.47180134892899284 0.44334040602592567 0.0932411258897305 0.056316950549818064
0 0.9409138799149284 0.15342978908591076 0.09440674125494823 0.05761227542406892
0 0.8460544674463307 0.44370481412704676 0.09170840747754264 0.05734885228823309
0 0.563784656222642 0.26886463165283203 0.09215643228770172 0.057406987229438676
0 0.7539097812666526 0.9676473957218537 0.09271567341180725 0.05805613896618152
0 0.37811546929716044 0.06341697183782108 0.0906670926985003 0.12295661376763696
0 0.7538658448752474 0.21099423055779445 0.09433395999067448 0.05680715221248261
0 0.8460293396962545 0.6188613943857689 0.09261553412378197 0.05736787351843429
0 0.5652785492872641 0.15330615108960294 0.09601774227314251 0.057452293291483846
0 0.2850136054128445 0.3856087122877983 0.09555997860126751 0.05668930158223191
0 0.7543676936234394 0.06330791973087885 0.09389630595310598 0.12309463546700673
0 0.7540159051223735 0.8517604984649239 0.09165175852618758 0.05745843338639769
0 0.2858044790437538 0.21087954795523867 0.09454851231824757 0.056464783132892764
0 0.28647392356584483 0.06293070204045675 0.09357843619752018 0.12282247310631896
0 0.471400159866017 0.7344824908530876 0.09405532446616169 0.05767832716850386
0 0.5641258695093636 0.38548439496184045 0.09320083227866169 0.057035184886357546
0 0.4719263000116569 0.8518402413146137 0.09383634876246574 0.05756796222843536
0 0.8461962013384021 0.8517906502501605 0.0926676481853304 0.057839380551690925
0 0.5651738936950461 0.06309747925564035 0.092985127643023 0.12301359631835598
0 0.28580654204690353 0.851156914070861 0.09476280444722518 0.056924846074352525
0 0.8460828290932361 0.5606348481896805 0.09162893539224269 0.05891580451024722
0 0.12054464994191251 0.9680138156838612 0.23267833265985263 0.05891000408015839
0 0.4709718358066573 0.9094366308760969 0.09394879172693361 0.0579586290333369
0 0.7539548327948957 0.26908679857645945 0.09170298047826582 0.05734522048741171
0 0.1206338197972975 0.7929139071947907 0.23219790237975033 0.05716313401313677
0 0.47103655091447166 0.21074543260548212 0.09377743236620736 0.057856363792942
0 0.7538919019060216 0.7935890302266161 0.09336802846186053 0.05781973224796661
0 0.12136590509844464 0.84999369268548 0.23511952778889403 0.05716835962582941
0 0.3782388963594797 0.9095468913039116 0.09227879997002512 0.05791473388671875
0 0.5646510803743053 0.21100610576263848 0.09578085003758754 0.05722909430934958
0 0.12095154987037836 0.15301322937011722 0.23459829076053743 0.05741777811964897
0 0.8475530255000571 0.15316528816745706 0.09363856065868607 0.05747707575967867
0 0.8460811563879795 0.21082235362431775 0.09109701512066078 0.05766609923480308
0 0.5639741923138227 0.7935339261407721 0.09309337025873553 0.05742702745411494
0 0.5641068935975088 0.8517370615919976 0.09279815636656898 0.058189026296955264
0 0.9407992438480132 0.7935658807623877 0.09485368809949757 0.0613553817958048
0 0.12059278145486924 0.26865825914356806 0.2320611148745947 0.05775901062847817
0 0.12092172388037287 0.2106889829243699 0.23203094054952753 0.05606849879434664
0 0.12155809835162146 0.06192307276268528 0.23684144891281222 0.12384614552537056
0 0.4720482216392452 0.6770643469405501 0.09349429912311587 0.05681683265999572
0 0.8460438364751447 0.7937846771658283 0.09125194479864493 0.05784251591930652
0 0.7532561623948502 0.4438945953160116 0.09179010983651796 0.0575491238946784
0 0.470892530991883 0.6183634196242241 0.09435942228180191 0.05938835666604238
0 0.6590826148382782 0.06381611740344191 0.09365153341723127 0.12336172898338266
0 0.4714591320191174 0.06302684081131465 0.09492494534342648 0.12276300451118653
0 0.1208054456002239 0.9095456894129924 0.2332833640903561 0.05718116237692637
0 0.8472820100772687 0.6762302085144879 0.09398239451697625 0.05686203420978703
0 0.8462064234260809 0.7350021780353703 0.09429314598241474 0.058329961071275686
0 0.846911264249962 0.08762688016238279 0.09291855397381242 0.07190559661551697
0 0.4710153819001694 0.7930529868766052 0.0930674247416451 0.05831376167192851
0 0.9403424094568362 0.08698413633320429 0.09476031397495432 0.07247457438952302
