0 0.5601749598422898 0.3125134041296185 0.12723597283356977 0.056692049648221686
0 0.43719641325152286 0.42207449391401936 0.11823805438501335 0.05650978720649171
0 0.31532150085204746 0.25684240351724363 0.12224406712204815 0.05699545507272963
0 0.5605634172386098 0.2566222638715038 0.12773606996829107 0.05723846604152279
0 0.4377535525883469 0.31259613880136394 0.12121508691275867 0.0550079177097721
0 0.5608158086106997 0.8046296009042645 0.12732858492312668 0.058246625194233424
0 0.4366773495846024 0.8596513779782459 0.11813990105296647 0.05504305507596685
0 0.31564805727297857 0.8591911526674724 0.12580490621610063 0.05603445485151934
0 0.9320633077175812 0.03537185595038124 0.12473662800400527 0.06123542216885939
0 0.4367368160802945 0.5858539560223153 0.11851438310977136 0.05556704695053522
0 0.4376677244463973 0.5305958784746202 0.12093407257854222 0.05732954668076658
0 0.4373173427199808 0.8051295833693025 0.11940277466309246 0.057172473886395035
0 0.31558020761079875 0.5855564517869475 0.12529309505773323 0.05591467757251381
0 0.4410183019090557 0.045381411224882394 0.12984096797031458 0.04746718836795802
0 0.5600494058810185 0.4748055979691817 0.12778606338399115 0.054866963592023484
0 0.5594735037341456 0.5858206564550242 0.12867555503692424 0.05455052496978592
0 0.4372961352441276 0.256799021346793 0.12107390746255424 0.05836294606245684
0 0.5596799353891125 0.8597425597807322 0.1285251673455232 0.0543273588570442
0 0.3162397580726124 0.3673843636697169 0.12343633063485689 0.05905572880697514
0 0.3155996223317288 0.3114226283289451 0.12275981011791764 0.05382494847418853
0 0.560287699680303 0.7488988043853592 0.12632403099966621 0.054812402883287294
0 0.31595332472919624 0.4746590461520201 0.12428935602287425 0.05564632521149862
0 0.4374276378921895 0.6951239654372411 0.11790623174649532 0.05595642427054558
0 0.31636507775341083 0.7495289165012086 0.12425759573963199 0.05622005568024861
0 0.9314521412664802 0.2568508253571737 0.12453909900700935 0.05787984099835981
0 0.6820049413215016 0.8585056368158668 0.11758536935966707 0.05711400153228592
0 0.4371314870022009 0.09505866456426969 0.11878366304812667 0.05385157126748101
0 0.5598457448472963 0.42164699491216334 0.12838366193987816 0.0554900954441471
0 0.55972850274976 0.913743228806975 0.1304407259809955 0.05557099231698895
0 0.5596458934177861 0.6950494081275898 0.12748231365779372 0.05559432730490332
0 0.9319934717644359 0.31217024155084594 0.12383340547813752 0.05500562467627763
0 0.6841203513864841 0.31232620154955115 0.12056647633041973 0.05646561259064226
0 0.6839851817397153 0.04667538100326981 0.12228633946824936 0.04382820487396369
0 0.3164094993682983 0.42190959782890197 0.1251436037437938 0.054078699607216854
0 0.4371339112957902 0.4756828181651415 0.11875224909254005 0.053549008869993094
0 0.6814246591483958 0.4746443774818716 0.11524093485324183 0.055451484806629835
0 0.4363772464848965 0.9125483560298687 0.115838614897989 0.05198590189053867
0 0.9317514905942299 0.9119226613756042 0.12261131704251502 0.05626490471771409
0 0.4377263353090579 0.7494340928219959 0.12042048903746663 0.05498222224620166
0 0.3156795221591028 0.5306247605803264 0.12566203587204816 0.056373790087620855
0 0.31609235491071425 0.8042488224598583 0.1252817069895277 0.05574263261826658
0 0.31655043435192237 0.9133123408364987 0.12384687151227679 0.05343901070441989
0 0.43767463062729467 0.9691346226476173 0.12032938449182243 0.05947022833218232
0 0.9313854018900201 0.8587999544090986 0.12233889978304406 0.05379867975224448
0 0.9312923008673022 0.585913170240202 0.1214380404341205 0.05574833148092196
0 0.8006615836088744 0.4743148382197427 0.12997807297751168 0.055699233587275555
0 0.8081042871615278 0.3115606992942852 0.12249266926214117 0.055002252568197504
0 0.9320393499926987 0.09355551366647961 0.12416213153996997 0.05635908769639157
0 0.9305079298439587 0.4751069969893818 0.12241077295769359 0.056112283106008284
0 0.4367079282793725 0.1481384867462664 0.1189291614079189 0.055045870786213744
0 0.5612812322354285 0.6402650949046098 0.12584491724643274 0.05580157706750691
0 0.3165295426454022 0.6954717646646236 0.12605226565107644 0.05487788922220304
0 0.5604179188788175 0.09559954437761675 0.12546856094584447 0.05307800545876856
0 0.6856286083267275 0.2556366472613087 0.12339532136598798 0.057938684284357736
0 0.4380008509066776 0.6408476940176105 0.12173844911705191 0.054575950664709945
0 0.31619863675656085 0.09571157634587578 0.12282241393472546 0.054835105600936636
0 0.6828541978497371 0.1481117079929752 0.11424306301631341 0.053415937054881735
0 0.31682237286433995 0.9693692202067506 0.12421452887704439 0.05909707085203728
0 0.9319625874864402 0.5304975646635445 0.1238806690170227 0.05736923639286948
0 0.8014783057096964 0.9121957684090125 0.12826053227219625 0.05564652753798342
0 0.9316218825621663 0.7490575969548514 0.12224828417056073 0.0558868239597721
0 0.31473743963305245 0.044507499821278274 0.12183603202707777 0.047676351979292556
0 0.43775994946386854 0.3666010904048688 0.11818842766918392 0.05467832786602209
0 0.6845440527148178 0.7490874738324412 0.12042933057879254 0.056074987590642264
0 0.8024624466736898 0.5853467909670667 0.1287657632051068 0.056072593393905384
0 0.6826984115213515 0.5856228654555853 0.11793316381477387 0.05540902996590125
0 0.559369442459738 0.1482788844661818 0.12686585043078272 0.05442354824002935
0 0.8028901002117407 0.7488178737914366 0.1281141782793725 0.05569643473756906
0 0.5604870621766522 0.969621285285739 0.12746552695260346 0.05893824456146409
0 0.6841514393866303 0.9138374455067334 0.11930462133104557 0.054877821780041434
0 0.4371819897232768 0.20203730967821992 0.11713779179531042 0.05383267060169199
0 0.5589587589768128 0.20206645312230231 0.12854749529320345 0.054576540783623964
0 0.9321514786642606 0.8042936714973239 0.12413214363943592 0.057983330995338395
0 0.6852320835332527 0.5296975657426192 0.1220104996766522 0.05685337129877417
0 0.8076465234896528 0.25552467641250864 0.11996757395277037 0.058652390959513113
0 0.9323973712997539 0.20206377229637862 0.12524911144546896 0.0545712465739382
0 0.8055932749261148 0.047071679651401466 0.1211577477529108 0.045025522276854385
0 0.9322937174696472 0.3665214917936378 0.12254465915491489 0.05570725920450621
0 0.9316094147665638 0.14806365545283365 0.12257326174482644 0.055316322284508807
0 0.5609386326951561 0.5306254350019423 0.12807115216121495 0.057755072999395723
0 0.5603507516858416 0.36704873775250346 0.1273541724252128 0.055870840167472374
0 0.6832727042632364 0.8035550112223757 0.118569673301381 0.05517578125
0 0.5640804560703337 0.046790195036981765 0.11498318558859735 0.04690387499531298
0 0.12916225210846824 0.8043519078038673 0.25484495121582806 0.055750118698204426
0 0.31620733569238146 0.1493190322791674 0.12079631566046395 0.05201855232702434
0 0.6815379897806451 0.9696144061852554 0.11484412484875667 0.05842433529005525
0 0.8085536167363777 0.20091697735022443 0.12105145728158379 0.05452408764243785
0 0.9313243667337701 0.4215671602533667 0.1216085966184079 0.05560322967023481
0 0.315842744345977 0.6406824270006042 0.12559342225180448 0.05601442452952348
0 0.9317872234594041 0.6942458010510186 0.12256527583653204 0.05747643570873619
0 0.6810117143496015 0.6396893748920925 0.11437707144682493 0.05479554234288674
0 0.12718750621989192 0.9120242967131388 0.25099864820931084 0.05777587890625
0 0.6848295896807722 0.09481884866788243 0.12217270325277454 0.05469213664861015
0 0.6843490091280562 0.20105240964099189 0.12017451491311332 0.0551849365234375
0 0.12733840138635266 0.857721621687241 0.2499819153618908 0.05005928166004834
0 0.12833900031483222 0.3108062238324413 0.2495653498793476 0.055072190089779004
0 0.6827040546249166 0.42131517947708047 0.11809610079063752 0.056094174885618096
0 0.31644176895691656 0.20224177745165747 0.12340104595841331 0.05404615876424378
0 0.8053795441447972 0.4207980161213743 0.12363432819279874 0.05579031422651934
0 0.12883296955093362 0.47480740204700456 0.25079826805715727 0.05599490002373964
0 0.8068515589144901 0.6395816697600137 0.12585767025304573 0.05389343598929558
0 0.9330890080002504 0.6396278676407114 0.12484240054447597 0.05455666220649171
0 0.8043187629078354 0.14806988120737652 0.12457022775158545 0.054315944271193024
0 0.6831367808445115 0.3668955766035048 0.1191125520876794 0.055389572902279
0 0.12980421028722908 0.5306976318359375 0.25365458406975494 0.05604001882985152
0 0.6836958351695489 0.6938764540530041 0.11959341785140604 0.05682892351519337
0 0.12734681598653144 0.9698122140452348 0.2531810032827991 0.05931551601346685
0 0.8024639949620328 0.8571306260251208 0.12761872600967958 0.05574951171875
0 0.9308750779033502 0.969501238238087 0.12296872718311916 0.06068782911774862
0 0.12840825152174334 0.7489116183960636 0.25133205701575895 0.055187246417472385
0 0.12907889369969694 0.5847148916339348 0.24656163993601168 0.052178955078125
0 0.12914518265921537 0.6937628814528659 0.24794475481570644 0.0565826247410221
0 0.1293167781447855 0.4211971219731958 0.2490941545514462 0.053308678727123616
0 0.8054899208058661 0.36623111956685944 0.12414045550317089 0.056099705142869466
0 0.8040967872527954 0.6933635226929385 0.12718243465245327 0.05753025455369475
0 0.1288630094961108 0.3660094709027538 0.24885685485259235 0.05636556214390539
0 0.8060986833355933 0.8029434119798862 0.126959236664511 0.054772139912810776
0 0.8030538928206359 0.9694541973303694 0.12749828547438252 0.06032789030127763
0 0.1294812373070914 0.6383290327714952 0.24569946233038908 0.053783437823722385
0 0.8043965440248456 0.09497703215035286 0.12404992137954773 0.05387639419808572
0 0.8045059428195929 0.5295404423666265 0.12484631200976301 0.056905672695096686
0 0.128854626807097 0.17434146941848347 0.257709253614194 0.21713434851590763
0 0.4357224945741207 0.010395604833054928 0.8714449891482414 0.020543564287997064
0 0.12795996513870345 0.04340277777777777 0.25172452158433467 0.04166666666666666
