0 0.8072275204741401 0.14194993514012944 0.11629536297873214 0.2637293735264537
0 0.9256852362243044 0.1383681507576434 0.12126975835755814 0.26688723065959874
0 0.45254729514898256 0.9535033020267979 0.11925772733466569 0.07765179120378222
0 0.3355439398375857 0.14088028127496893 0.12061753383902615 0.2668128628258466
0 0.8076634454568754 0.31097359314378925 0.11928941086677222 0.07719040434590188
0 0.14180296042219034 0.13986219722509707 0.26836709715963764 0.2707150338301018
0 0.689294580605339 0.5546300673258353 0.11749414589713975 0.07715796130321405
0 0.689103414846021 0.631594550496364 0.11675067280614099 0.07699642931913586
0 0.6889218555336378 0.9534306726753308 0.11740061611036129 0.07807845758777138
0 0.1427682089365341 0.5927551973464532 0.267840626571531 0.15373708241021455
0 0.5711636210596839 0.9535189955981811 0.11855181823933243 0.0774925366509074
0 0.5714741957148047 0.7084854519351044 0.11861766929246262 0.07831771208764417
0 0.6898797942836282 0.17774323627777303 0.12035652456185747 0.1865890275186567
0 0.8074138806111789 0.953996427994085 0.1191958303863424 0.07746653252734904
0 0.6892949861545499 0.47707183713667106 0.11812964151071947 0.07677994913129664
0 0.4522205238722484 0.14108616210581784 0.11612911794668801 0.26340304932020764
0 0.6894778888486945 0.708853526225407 0.11748644046213144 0.07837940976933515
0 0.14274492329445007 0.7923368663606685 0.268483837464854 0.08763455891706241
0 0.1429947953005705 0.7073284754759583 0.26828498494097175 0.07479398771412822
0 0.14407858104008772 0.9534036333557709 0.26403605819144516 0.07756955523342096
0 0.14244027247535945 0.39374373499379844 0.26820611666358035 0.08674250981862702
0 0.6893218030961249 0.3105201565912006 0.11758123759019416 0.07749926542491732
0 0.33435810127131566 0.9536698857673634 0.11846845252965375 0.07783357162165028
0 0.808123186181154 0.7092703582473817 0.11842204249182413 0.07744139796843198
0 0.6890924903641508 0.8760627736230071 0.11760156574439369 0.07611141955351086
0 0.33411607710626046 0.3941699251876273 0.11800691218075166 0.08981219722587347
0 0.45287236818839544 0.3099895461766982 0.11873543064459614 0.07757075606078273
0 0.5716563126573532 0.4769130587739569 0.11808219225303676 0.07680168824732869
0 0.5719381693589728 0.3102203224213185 0.11869264520283948 0.07796228789248007
0 0.33524811703501334 0.5944763980401313 0.11929681213987228 0.15263199198638572
0 0.8077427810212703 0.8760758170926263 0.11927856242537895 0.07622181285511363
0 0.14387390578490242 0.8771806610811355 0.26668577488443157 0.07394901932984226
0 0.3344507819394337 0.793593345859481 0.11940149452995225 0.0896875596272897
0 0.1442520412383024 0.3092175798144395 0.27058820944017276 0.07488707253858544
0 0.8071701708822155 0.4772995802570069 0.11919456304505814 0.07620487704852866
0 0.45183530281548484 0.8764059618014334 0.11764495950996677 0.07647796175373134
0 0.45448796218415827 0.5929914557082967 0.12004649520316393 0.15240173283683595
0 0.924419871992447 0.9545608168541172 0.11879418458653447 0.07946172789285108
0 0.807792156637705 0.39401060852299225 0.12043153883214805 0.09023981599018402
0 0.4516566837348811 0.47750088447146377 0.11780935902136108 0.07735680175118724
0 0.5722719617064214 0.1779048148456713 0.1239190085781769 0.18470081965991245
0 0.14363277628358495 0.478584694283082 0.2652808106338479 0.0749636790544191
0 0.924816448427118 0.7094059068118216 0.11784611191860465 0.07870620044309702
0 0.5710754647999506 0.8759557343564494 0.11725020804674523 0.07614032222587347
0 0.9247664137932153 0.5547162784488424 0.11808204017208263 0.07723597367388908
0 0.45203147457287557 0.39393122969359523 0.11755931258597643 0.08955766323301814
0 0.924995599791061 0.39394419034753425 0.11910736996470099 0.0901442466953231
0 0.33405903407505577 0.4777656254968941 0.11896793707660662 0.07762127362565722
0 0.9246729347000882 0.7932863067254283 0.1188858387082122 0.09027447435231513
0 0.9251510265261629 0.3108476097904035 0.11835264288309802 0.07800609738726468
0 0.45224988816980505 0.7928448991503774 0.11702322722273412 0.09007720740226426
0 0.9243704963760123 0.4772010710055016 0.11856606315536751 0.07700976264363552
0 0.9250434545979548 0.6319936392588725 0.11748659254308555 0.0773834269923465
0 0.5712099550570364 0.6314171593095426 0.11751351087196324 0.07718897577541978
0 0.45199720566454915 0.709101020885452 0.11746532655633565 0.07856003076768148
0 0.6326814034790683 0.04589295743116689 0.23821301086827995 0.07663342490125054
0 0.5708556824744342 0.7921529327351172 0.12047356386913415 0.08960954725661466
0 0.33370895639210446 0.8768117586340316 0.11835953721968438 0.07604400758989145
0 0.5710246697612775 0.5545767133239167 0.11746859629684904 0.0771250420703655
0 0.5710270777097176 0.39342245156276506 0.12002036262588249 0.08942880203474815
0 0.8074533709655963 0.7930979010531505 0.11968786296654381 0.08996225923825475
0 0.33396253870967224 0.3110950319867283 0.11772122810845359 0.07717038365523236
0 0.68952414680557 0.7930560791346889 0.1180020455902201 0.09021103754134159
0 0.9243097146880191 0.8761951130798421 0.11834797906717193 0.07627903849007801
0 0.6890011910980326 0.39392361065102405 0.11734120315095514 0.09015882225502461
0 0.33420647656006675 0.709750068074489 0.11925613048464752 0.07747195695439704
0 0.8065731264031999 0.5928773475618392 0.11865898461832951 0.15193964506325539
