0 0.22710239491756493 0.46255555329499415 0.4142661840429803 0.43357182255497684
0 0.49918492032453343 0.12363832085220902 0.13066817007923578 0.2340875166433829
0 0.6283949720916024 0.12253022767879346 0.1281300043042802 0.23752514079765039
0 0.500369881001694 0.755771071822555 0.12805287871880555 0.144355547869647
0 0.6306698333595601 0.7553575303819445 0.12723805215121445 0.14484501591435187
0 0.49988998846985155 0.9098735950611255 0.13026923590926762 0.16160091824001735
0 0.2264249276428617 0.7538060788755061 0.41428803882162024 0.14563932065610527
0 0.7688624305182724 0.7551369278519242 0.15230838721397363 0.14443636293764467
0 0.49907796416802425 0.6083243758590133 0.13047450639625296 0.14774175573278356
0 0.4990657065151992 0.4617935039378978 0.13133883363262738 0.14672492698386863
0 0.7683520565665729 0.6099719859935618 0.1511082943016884 0.14716904251663773
0 0.5001304951889255 0.3169861828839337 0.12988245091732079 0.1478232772262008
0 0.630099183575237 0.6099740770128038 0.12717557066424762 0.14650115966796876
0 0.22648575447559716 0.9080039978027346 0.41529761299328366 0.16376111065899882
0 0.631726631056076 0.9100354512532554 0.12792108183223488 0.16044961434823496
0 0.7680972854108041 0.4637839988425925 0.15015877818609302 0.1456592701099537
0 0.6307284820701274 0.46388530024775754 0.12728737202865817 0.14495244909215857
0 0.7685412366243335 0.3169849678322121 0.151214599609375 0.1453176145200376
0 0.6304933086955717 0.31706983778211806 0.12784478788692238 0.14763144033926504
0 0.9185044708975119 0.7546428539134838 0.14883278218490817 0.1423744484230324
0 0.9181843617516106 0.4624713473849827 0.14865698068627814 0.14862184877748844
0 0.9191627683232746 0.15386393511736837 0.1486807728265699 0.1794615286367911
0 0.22920724000975984 0.12238214545779759 0.4194490378501856 0.23826776610480416
0 0.9172414987573125 0.31596254419397424 0.14606023851729116 0.1484990155255353
0 0.9195603646373297 0.9117765073423033 0.1499302579328347 0.1650047019675926
0 0.7693128902200275 0.9090027985749422 0.15261920368501924 0.16017207392939814
0 0.9180396925216603 0.6086513943142361 0.14748017369853378 0.14711281105324073
0 0.7680190027607562 0.15518818608036747 0.15194521357097898 0.1787894920066551
0 0.8437899047691757 0.03438830281891412 0.301309885559326 0.05804923640357124
