0 0.4159690304386914 0.9531475520869184 0.12869434834854848 0.0712013412677244
0 0.5452299835290085 0.9530445384559126 0.12880900178447074 0.07151370951782764
0 0.6731621149854741 0.9530495126867085 0.12786673968216836 0.07151989369665473
0 0.28854390306393085 0.06992311729733638 0.1251274895203147 0.11916866806635246
0 0.8005493079055319 0.9533157684729489 0.12741377891604283 0.07178541007020925
0 0.28754343229416024 0.9532436757360786 0.12755172431967052 0.07113573519668916
0 0.9283040931297876 0.9531703394415095 0.1279970131876741 0.07194061951490226
0 0.11262325921762621 0.06828267616322388 0.2195196404098468 0.11982619814935762
0 0.8004669359467488 0.3095855880938963 0.12726297617622737 0.07054854069512322
0 0.11196533883182451 0.7046299400833734 0.22393067766364902 0.28475555554360543
0 0.800581398116513 0.38033987036885675 0.12754273481023676 0.07058460386839208
0 0.4169279539485496 0.45209639292981657 0.12649376744347363 0.0721536711974291
0 0.11258236295997598 0.9532341305904977 0.22196293242462498 0.06937754626841272
0 0.5452602673373846 0.3096985669913271 0.1285453520113379 0.07092352375585077
0 0.41691914507937633 0.8811533251522922 0.1275888512061499 0.07252670489743943
0 0.41694370152890514 0.3096777710095376 0.12798033052832303 0.07084492754831188
0 0.927642822265625 0.8100880358187638 0.12688817951340528 0.07046199580121146
0 0.5449531151391669 0.45204449960313703 0.12736166951384054 0.07209398042788065
0 0.41699982752042897 0.8101434917702024 0.12688174021941373 0.07112545063842236
0 0.9277774311373825 0.3096601847509981 0.12673984198185062 0.07079130332375413
0 0.4171789270257551 0.38041034984168504 0.12754728269444202 0.07168323668089208
0 0.8007424017180972 0.8809179566505196 0.12762808202036907 0.07273058114072825
0 0.6731101330940439 0.30968992090435277 0.12660123777256702 0.0709303969328624
0 0.6731976904908926 0.4524318510215188 0.1267549307565503 0.07199268088991946
0 0.9277674427935672 0.8809780507360786 0.1271970956106372 0.0724284974488918
0 0.2872032441800683 0.45234318871855206 0.12724036426597318 0.07196209609245939
0 0.8006512315160385 0.8100785578925179 0.12733166197880397 0.07037528285896201
0 0.5450420751545091 0.38044216139201026 0.12814807094903377 0.07178241880979833
0 0.5452476437709458 0.881069872347794 0.12789326192276723 0.07247716424748761
0 0.5451950030738596 0.8099802496149677 0.1283021039617427 0.0709463111104419
0 0.6733092624164889 0.8810543110717236 0.12720283359538215 0.07245787229832049
0 0.11301082704724706 0.8829485183245285 0.2220167286880833 0.07028998152274918
0 0.28814603757725454 0.6668303737556357 0.13255773347732416 0.21414107268077165
0 0.6731404381542153 0.38030268127172534 0.1269620932576384 0.07171251070131815
0 0.9277133782261925 0.38020613750172083 0.12679654177184888 0.07157373638405148
0 0.11544432414275357 0.3096951135979875 0.2201454300734326 0.07109155528870974
0 0.8001547895766233 0.4521924325548079 0.12694623941830604 0.07178917435297356
0 0.6733098362149634 0.8100348653247177 0.12699545857634054 0.07095377245663546
0 0.9276683669236376 0.4520852345201938 0.12706303928555884 0.07225342469068351
0 0.8005185353058627 0.23813915672806396 0.12704246754765844 0.07096309913937741
0 0.11315513894086429 0.23879729283538684 0.22155197002097424 0.06841436041609306
0 0.2874614003641027 0.8105140047451473 0.1269357622831977 0.07079674808989538
0 0.11290829643233574 0.16692118473263234 0.22226263586857192 0.07191342460447876
0 0.2873607306095219 0.3097646772073754 0.1276223652874195 0.07118749408469852
0 0.28737751952784973 0.8812744543941011 0.12778753424089268 0.0726831915094989
0 0.11355266464785946 0.3813621756263766 0.22392862155244875 0.06661953695019962
0 0.9278950810764494 0.5241383623971813 0.12709840227302402 0.07174588510118392
0 0.8004108737106111 0.5240668410246593 0.12694751452602715 0.07177828482069108
0 0.9274935496550748 0.7390390471739917 0.12698389759966922 0.06947098114416989
0 0.5449792335956541 0.5239859761645616 0.12700706205660253 0.07205751393860133
0 0.8005224031326166 0.6674314658547287 0.12716071253699512 0.06904299563773403
0 0.11380692826672184 0.4524271120583958 0.2223422882616686 0.06826113394178483
0 0.2870091940367122 0.5244641577094662 0.1275777577689763 0.07199059709053207
0 0.2873461200002176 0.380505986150666 0.12704807802163126 0.07180352568101253
0 0.8005374919073163 0.1663970275072274 0.12791481124325382 0.07111812373089896
0 0.4167982861192113 0.5965774636961815 0.12493964490120125 0.07257251487429446
0 0.4166540289323642 0.23835419138097552 0.127464188174617 0.07274800775334699
0 0.4170009538655826 0.5239360994179343 0.12595443938103892 0.0718568642233962
0 0.11519051909778778 0.5247223639803311 0.21972055388692366 0.07187575285655286
0 0.2884188575000816 0.23806520705706224 0.12738175246044786 0.07239818152877203
0 0.8003947648497346 0.5961776935056443 0.1271004424453778 0.07134593005747522
0 0.6732093577265407 0.23825612677351493 0.1269466644542131 0.07188882701722536
0 0.5451093158350018 0.23833928549342218 0.12848350928686456 0.07212619529421634
0 0.6729519772330366 0.524213043078452 0.12631807885130136 0.07151249956979626
0 0.5451427874126806 0.7389526031090825 0.12814624329463353 0.07009961636581084
0 0.4155614400647903 0.0894683829687815 0.12968289247942344 0.08042833265437999
0 0.5453924322526768 0.16660133227377735 0.12808525064197424 0.0707982101104333
0 0.4166283142599887 0.16654896421054385 0.1260273967944812 0.07098949113081206
0 0.9279040493340877 0.16623810419427143 0.12703235169307103 0.07044263663270925
0 0.41654763181893606 0.7391428002176831 0.1252331109432125 0.07022027507227423
0 0.8005588287098493 0.7390116889046152 0.12712934488705604 0.0698280502520994
0 0.4167893391133683 0.6678514522602904 0.12498584630429578 0.07024743168364538
0 0.9276768251381877 0.596612468164923 0.1272265080954039 0.07204433894892621
0 0.9278301355898546 0.667783829609203 0.12780277177815982 0.07007037595505232
0 0.5448058614491753 0.5964773404965841 0.12706529197586613 0.07198145526096159
0 0.6730529870163431 0.7390156212357172 0.12671859018649895 0.06973790912376102
0 0.9277574119461613 0.2382980380289355 0.12703303175052227 0.07161645427149298
0 0.6731643039203952 0.6678330677721469 0.1271732935998433 0.07025220425643584
0 0.28748190834661713 0.1665666681029198 0.12707615164329084 0.07106657490331171
0 0.6729787757469751 0.5961141712339963 0.12671178961198643 0.07206248816939703
0 0.673075088883509 0.16622786164808903 0.1266199818560672 0.07027605031555445
0 0.5448119607144412 0.6678021804876789 0.12813599992927402 0.07018088454191905
0 0.5464748881766646 0.08960502481404486 0.12908745091385396 0.08260332435238203
0 0.9293807090823032 0.08810250454537144 0.12804376713744778 0.08350292491492722
0 0.8012023755766887 0.08877291238255439 0.12801673485376044 0.08168498640018412
0 0.6736423418050357 0.0889683399956657 0.1287307101703952 0.08217154515472277
0 0.6727305985431371 0.027444163608130897 0.638344084783938 0.03694172052559873
