0 0.49549102783203125 0.14025634765625 0.10890945123166454 0.2805126953125
0 0.17267454805828275 0.7277738259055399 0.32337200560537327 0.17738048206676138
0 0.38533758306178917 0.14128758002411237 0.11234254901911937 0.28057564117691736
0 0.1723432909874689 0.14343965183604848 0.3252828859147571 0.2752877218073065
0 0.17310455461748603 0.5446725741299716 0.32325707811887566 0.1778573330965909
0 0.38554156556421404 0.725777421431108 0.10927446845437394 0.17213001598011363
0 0.930207077337771 0.17114714882590554 0.110944786850287 0.21066157947887074
0 0.9300848513233418 0.5452259133078835 0.11021745123830783 0.1759958163174716
0 0.4964571078475942 0.5467111286213262 0.111236572265625 0.17808613170276988
0 0.6050383639173442 0.1725216784242107 0.10798359565994367 0.21204950506036935
0 0.17133779468990507 0.9047206809303978 0.32592344202962864 0.17759810014204547
0 0.930236505002391 0.7263254557919582 0.11051349250637753 0.18059003178988278
0 0.17330146444087127 0.3682024036754261 0.3224037301783659 0.1756582919034091
0 0.49530076007453766 0.7262039184570312 0.10996106206154338 0.1728997802734375
0 0.38585186653396714 0.9039948619495739 0.1093087488291215 0.175552978515625
0 0.49525991426844174 0.369194502397017 0.10984200198634139 0.17409889914772728
0 0.385977063860212 0.36948332353071733 0.1101854285415338 0.17433812921697442
0 0.6050152681311782 0.7247320556640625 0.10784647416095344 0.17370993874289772
0 0.6036575732587957 0.5456698053533381 0.10796548233551233 0.17917164195667612
0 0.9303584715136054 0.9051628528941762 0.11034388120482568 0.17906327681107956
0 0.9298828021198715 0.36970902876420453 0.10982975343457696 0.17482349742542613
0 0.4953435521547486 0.9049662087180397 0.1091607022447651 0.17702314897017046
0 0.6034510346496998 0.36806784889914773 0.10854453781024129 0.17339427601207386
0 0.712474252090973 0.7265238812000961 0.10731656859521149 0.17724908963740893
0 0.6033022874066618 0.9041783835671164 0.10792868477957589 0.17715282093394888
0 0.38720171287954847 0.5488846514937653 0.11093342060945471 0.1761167491566051
0 0.8213106012668738 0.5460710556352781 0.10602626670785505 0.17838689630681817
0 0.712452168367347 0.5493455610969533 0.10878250225871598 0.17535808216441762
0 0.8213820684523809 0.7251887205495658 0.10670377770248722 0.17742178591447275
0 0.8221528968032524 0.17198952414772728 0.10648496459130527 0.20936900745738637
0 0.7128868874309674 0.17149896101518108 0.1078113893262383 0.2104233759099787
0 0.8215158164095717 0.36861784501509226 0.10739021560772746 0.17455219615589487
0 0.8215751388446004 0.9053043712269176 0.10691802355707908 0.1778598299893466
0 0.7132254619987642 0.9048933826793324 0.11011640068625106 0.17803816361860794
0 0.7131598336356028 0.3693903975053267 0.10985892159598214 0.17475963245738638
0 0.7666654262412973 0.03274344704367898 0.43196900036870217 0.06548689408735796
