0 0.8921108245849609 0.4998244243253304 0.18677588070140166 0.13480594326248369
0 0.31056617288028493 0.5001346996496614 0.1914349724264706 0.13495000535452023
0 0.31075694514255897 0.36293385358765606 0.19080442540785847 0.1400544686977297
0 0.8924189922856349 0.3626411677029363 0.1878526725021063 0.1401193683514707
0 0.8905640499803422 0.6401180925689441 0.18908584621348812 0.13774849734721462
0 0.311138770159553 0.14984660739068462 0.19659966113520602 0.289164108750793
0 0.3107829093933103 0.6392554865636376 0.19303525662889662 0.13748541995433972
0 0.8898992648430607 0.7774741867503672 0.19031339203569256 0.13342572005548303
0 0.3110817647447773 0.7775244252177506 0.19377149320116233 0.13450913391910085
0 0.7948473844724743 0.07808463224854215 0.38188693319391265 0.14306517058190693
0 0.11078290553653941 0.5704679609295454 0.2051224393003127 0.5543288677886355
0 0.11046943886607298 0.14955381836566542 0.2073301532689262 0.28782960378605155
0 0.5065904131122664 0.5005739575577778 0.19205392575731467 0.13568366227511014
0 0.8921881283030789 0.9171435801852155 0.18691328460094975 0.13710886504569192
0 0.698868192518704 0.4996931310110865 0.19301152301253058 0.1347805650676199
0 0.31171229306389303 0.916928044809685 0.1947516086054783 0.13835952798629242
0 0.5062270257987228 0.3631699365361863 0.1919553046133004 0.14001448907677871
0 0.6987059556879365 0.6391030181935535 0.19282647279615517 0.13673475127675344
0 0.698553732767111 0.36273722237768735 0.1938697731395683 0.13918511612297038
0 0.6983109759048446 0.7772177355096482 0.19342853982251104 0.13344444494023333
0 0.6996531502992207 0.9166838643445044 0.19152762513493823 0.13543884436704468
0 0.5051256441602523 0.14925287560357448 0.19649303660673254 0.2887069044767847
0 0.5061583425484446 0.639700700578712 0.19318950877470126 0.13806142928140416
0 0.5054462470260321 0.7779040622960183 0.1941703721588733 0.1353264153781821
0 0.10979819637908067 0.9164711576217767 0.20578835312017052 0.1352620336467852
0 0.8928142622405407 0.22280855402934022 0.1888396319221048 0.14543081139148684
0 0.5060654995488185 0.916106062209326 0.18935936572504977 0.13407033417305808
0 0.6991718162417527 0.22162255170139883 0.1921248302922299 0.1431324712290153
