0 0.6437664718079051 0.955438791522543 0.13592842156938512 0.07279593198354008
0 0.3689962702689411 0.3765353603217438 0.1418523445403833 0.07413129733718989
0 0.5086238915971715 0.9551602196147424 0.13517401715834365 0.07272259661259542
0 0.7809209480560082 0.9553022311843989 0.13532449187134668 0.07272334208015267
0 0.9168756608482745 0.955560861835043 0.13905532068485837 0.07357103187619275
0 0.3700935720539779 0.955405431849356 0.14107960762737468 0.07331738653983778
0 0.3687713129057301 0.07825572472492247 0.1392736091888208 0.08859425319060116
0 0.6439644792954698 0.666259346299499 0.13697079445818344 0.07170391519561069
0 0.3699426856829966 0.449113429411677 0.14117308143231508 0.07261687999463264
0 0.9171675537987579 0.07834826753339694 0.13718716189158048 0.08937070424320133
0 0.7778522848225328 0.07613496707595942 0.13204297401922213 0.0935666062449681
0 0.15656411133224157 0.07840772293906176 0.28223827588472433 0.09178980761811933
0 0.36946200638366256 0.3034736109143905 0.14181839647910577 0.07268991251938216
0 0.6439970826073517 0.23097830619520812 0.13617426371402877 0.07412890951142057
0 0.36939645671158383 0.5213886290106154 0.14131790270908273 0.07169590141937023
0 0.3690197759395023 0.1590595507439766 0.14212653619779958 0.07020678338203722
0 0.7791500503210713 0.37681198702513713 0.13557642655406923 0.07455609736551766
0 0.15598262599903903 0.9561985161468273 0.28555328468624636 0.0735072944000477
0 0.6439389839446803 0.15895999005732647 0.13643635262688286 0.07191109693687381
0 0.6439540231828209 0.3034125408143487 0.13664185228965264 0.07122593071624522
0 0.36986860096883434 0.23051836436031428 0.1419194173469818 0.07403998920935712
0 0.5084633312637 0.37634937781414 0.13655556877739997 0.073872410432073
0 0.5079526009319497 0.8836353564080391 0.13477687698474033 0.0721399205331584
0 0.5083679501101268 0.4488510015356632 0.1368181242359628 0.07259074203840649
0 0.7800866545533104 0.4494618423112476 0.13327816750505844 0.07280371280116889
0 0.5081233292174854 0.5210018711235687 0.13764624286898605 0.07290775211712787
0 0.9166835537917322 0.6665520587950263 0.13805855950005622 0.07222793229663645
0 0.15528669545976378 0.2314356971333045 0.2859197880724351 0.07366709235970301
0 0.6433225672879666 0.3761270537631202 0.1353013292491007 0.0729485664658874
0 0.916178147569835 0.8835413809041031 0.13796503080738534 0.07187518636688932
0 0.1555371516042476 0.3033548369662452 0.2807996890527739 0.07215948905653626
0 0.6434768841421004 0.738765710728769 0.13613238437570258 0.07299497182132633
0 0.78081839033168 0.8838147345390029 0.13433645783568457 0.0719863542163645
0 0.15508677076092728 0.811330687544728 0.2844671216800059 0.07130052406369275
0 0.7797919623285747 0.30345281935830154 0.13495158463073292 0.07226399428971851
0 0.7801232097817841 0.23099449099475192 0.13551198835853193 0.07377692069716126
0 0.1551899069504772 0.8834987494781728 0.28389650454624094 0.0718154557788645
0 0.15527448808546546 0.15860501937283814 0.2839579256318456 0.07179296362491054
0 0.15623007575385003 0.37631831278327765 0.27931531727742803 0.07370940929150763
0 0.5088187567621684 0.30351860687022897 0.13691404054490783 0.07219214985388836
0 0.919277136274379 0.3037006640252266 0.13605049188188512 0.07273960259124523
0 0.5082130981006211 0.15893127790844166 0.1381421535135173 0.0719304557975012
0 0.15513385542862707 0.4491863221612596 0.283750360818218 0.07188832523258588
0 0.7807771970899843 0.521417515878459 0.13337685564439072 0.07184984046994275
0 0.5082865790497484 0.07877811257165808 0.1383295676691069 0.08986690317401451
0 0.6432013477352884 0.811408588904461 0.1361185526676315 0.07207469212189886
0 0.6437254157855357 0.8838977609881917 0.13577912694258656 0.07236561083611641
0 0.9198142401606059 0.23093249488422893 0.13572056173420638 0.07375321715842677
0 0.36918754028759415 0.8831462830987595 0.14216523204776024 0.07189475489026717
0 0.507867127013721 0.23088258932565003 0.135316560594298 0.07420721854872377
0 0.9151406871329109 0.5212477822340172 0.13764596843033386 0.07191982123687977
0 0.15539093669369924 0.6658920404565244 0.28207373104507116 0.07036249291805821
0 0.6426137471370559 0.06697964886672624 0.13215736004946044 0.1136782689858939
0 0.9160441940636944 0.8115235306834446 0.13745462980201775 0.07241099117366412
0 0.918052947778496 0.44907177641191554 0.1358372530491232 0.07223911430999523
0 0.9189397688392255 0.3765712592437977 0.1354887159608251 0.07404477650882633
0 0.780786253565507 0.6660798050975072 0.13594450367440422 0.07209980506023378
0 0.9164000037762758 0.15873109657345838 0.13683939323150854 0.07111763990562381
0 0.5081666493587357 0.5931341273184041 0.13802307458232632 0.0715600865487834
0 0.36984392893400125 0.5933211697876908 0.14234380927874887 0.07148745005367367
0 0.6430071000572589 0.449020735180105 0.1333778985112691 0.07296515311903626
0 0.6431767305881857 0.5211968574815125 0.13421016116794066 0.0720007044668416
0 0.36966524192755174 0.8113260283724952 0.1424129678191041 0.07135270679270038
0 0.6432947117647678 0.5935459981437857 0.13577835851436038 0.07377337972626431
0 0.7796020782251154 0.15923719333328365 0.13593270281235947 0.07058613318523378
0 0.36959247451892 0.6661831921293535 0.14411297805017706 0.07046890841185592
0 0.3693598054295821 0.7388250918788763 0.14308015562647539 0.072625732421875
0 0.15552000862231358 0.7386900457717079 0.2828058716204527 0.07274663794131679
0 0.7802985211928113 0.8118082992903148 0.13429984771948067 0.07232246690124046
0 0.7796782075072364 0.5935995087368798 0.13664898769460992 0.07415939214575382
0 0.15575653443233572 0.521294304068762 0.2823439622096878 0.0716928729574189
0 0.508411448636501 0.666035216819239 0.13703707139269053 0.0715465749493082
0 0.9164447921643155 0.7388109279952887 0.13814528211415242 0.07297284075322041
0 0.508399688940254 0.7385655759855082 0.13696091466670413 0.07381410089157919
0 0.508559069187521 0.8111939175438334 0.13711495708218582 0.07235885503637882
0 0.9184671854801316 0.5935360275152075 0.13781024740754272 0.0717260462637166
0 0.15539919129378504 0.593353993656071 0.2828893747261102 0.07186470322936546
0 0.7799877743069216 0.73847756422203 0.1367665572132138 0.07320626528208492
0 0.2994081116408753 0.019673955895518527 0.5534715412332 0.028206987235382314
0 0.8492810640403693 0.018963515667514946 0.27176139337553396 0.029107647815733464
