0 0.4347326812413147 0.09348396743238255 0.12027662695100665 0.11325460870494643
0 0.1279568509619853 0.5289356596499578 0.22625382662104562 0.7592839034793966
0 0.9177331490009828 0.0753233781454117 0.11520855752609815 0.14912564575615544
0 0.43510519760032534 0.9513413591375831 0.12255905714055722 0.08464677743649097
0 0.4339338290200058 0.6970104424022882 0.12167917777038709 0.08605858493960708
0 0.434354984837861 0.7817807682106185 0.12137360479723089 0.08381871642776591
0 0.43426584835424853 0.27515560631964847 0.12114720541070702 0.08510238198246825
0 0.3043031671817804 0.09382687176507876 0.13294413601757388 0.11325830023060045
0 0.4344353334505491 0.5289246648804755 0.12082862440262337 0.08390444386945038
0 0.12367823946243252 0.9518051219914827 0.21894748091956281 0.0850044098335114
0 0.554508283701998 0.6966865735176282 0.11514451033122627 0.0861934650997151
0 0.5538358709041571 0.07677300748435634 0.11824651291985833 0.14801434619247858
0 0.5553263004327803 0.951306929049442 0.11302191678458855 0.08466833971391263
0 0.554464046453447 0.2751569901889319 0.11474615994865105 0.08503428981741157
0 0.30307448711933127 0.9514213772127998 0.13586031899276368 0.08429754969061609
0 0.12599415323998045 0.07541047156932575 0.23051969296502964 0.14585921386255046
0 0.6705609567770472 0.6967156420179694 0.1131086039181128 0.08572042814799977
0 0.4335616105549247 0.19120821903007776 0.12040151070617541 0.08381205066996084
0 0.7938922542811991 0.35989223382411856 0.13611415772013966 0.08439759402080366
0 0.6701671410020674 0.9515747476054279 0.11565950273691702 0.08410766253783832
0 0.794159696831362 0.7818454550428834 0.1349293342639981 0.08471957910434473
0 0.794189519323651 0.9516697201633724 0.13569373008744576 0.08407444967503559
0 0.6702259254041825 0.27519927427866064 0.11363183805585683 0.08497563114872685
0 0.43412598715428424 0.35883303041811343 0.12037602422552875 0.08351125110361764
0 0.7946590001567584 0.2755240343461576 0.13435479617170554 0.08459992875174355
0 0.794174359832565 0.5293030770529144 0.13533744894760033 0.08474218471777066
0 0.7942805424688179 0.6971756082880758 0.13481103727460683 0.08469836460559117
0 0.434954959761812 0.6126787234575319 0.12045499921620798 0.08287716364702041
0 0.7944692086242543 0.19107634570637097 0.13583380643302603 0.08373077189707236
0 0.6706134854066399 0.5291327234686609 0.11570153888032131 0.08417808771812679
0 0.6685908849223834 0.07642953563393125 0.11288035096936008 0.1472326785410911
0 0.4342696713263456 0.44392831191944154 0.12146730898776437 0.08739185242684591
0 0.6709260092381542 0.7815754338886662 0.11592224518285656 0.08370342779929368
0 0.5549116486323888 0.5289223753375772 0.11616896755524675 0.08397869461508785
0 0.5549230844493543 0.3594246019325365 0.11489838374669537 0.08415319256180259
0 0.670548676927281 0.3597638890048151 0.11813778163554095 0.08416513296274038
0 0.7928478381638929 0.07631035957128121 0.1360006932322736 0.15014240556066646
0 0.554866782496653 0.44385740854348443 0.11627008599469564 0.08723201914730234
0 0.6707338014548876 0.4440179083988085 0.11389239594631237 0.08688910938056446
0 0.433564870838488 0.8666780622143577 0.12015270307627779 0.08522606077130818
0 0.5553075662145387 0.7820875959405419 0.1138347038219394 0.08542493220634496
0 0.7938587246644522 0.6128968386455367 0.13633784296197127 0.08217244813924501
0 0.7941898834162316 0.8667566601933464 0.1360410744094021 0.08592184995993592
0 0.6703393236933975 0.19067108936798877 0.11772993174654284 0.08279404454534661
0 0.6714300126677739 0.6128251672583541 0.116943359375 0.0829899018985933
0 0.55565217984214 0.6128007647884763 0.11553683663655775 0.08264420990251069
0 0.5546000184826634 0.19090339102749584 0.11454306248728986 0.08364036393414649
0 0.5537684310284199 0.8666243014285819 0.11492383712801654 0.08654860508294754
0 0.7944830441423197 0.44429800064362235 0.13424014010812094 0.08556404367358143
0 0.6695626480201838 0.8667828885012315 0.11699400134303824 0.08572251482000831
0 0.9222535569859172 0.9510512537652838 0.1195731007871814 0.08614535571729583
0 0.30414669012040746 0.5290187100286384 0.13531911192126492 0.08385314651590693
0 0.3038806211922536 0.2754431250881039 0.13490321889616663 0.08529309510958274
0 0.3044696154149649 0.35922138326414854 0.13635384648585785 0.08351907612364969
0 0.30315772364817056 0.6976064770762851 0.13696241068478002 0.08547431677721391
0 0.30441898999658945 0.7817849415546355 0.1351001433333192 0.08436414930555555
0 0.30460951798908625 0.8671560550120934 0.13659965862679638 0.08679239792927945
0 0.9185856552289521 0.27583513685554295 0.11545190376728579 0.08374871148003474
0 0.3038941505415579 0.19173973351575482 0.13403629791193566 0.08379525585844759
0 0.3048623471870339 0.6132418930473943 0.13624367538088056 0.08356112836093305
0 0.9193893399517863 0.5286984348568821 0.11597096739001492 0.08433047273786207
0 0.3644141902633965 0.019366876465416134 0.25610553468385644 0.03709795105944105
0 0.30399508693471644 0.44425899146968484 0.13644212238700684 0.08761176447130223
0 0.9185254475558398 0.6979985395614466 0.11581367939516676 0.08326325593171297
0 0.9199298188381236 0.1916454347789797 0.11880195270132864 0.08426923471072234
0 0.9187201708878456 0.7821377050503027 0.11578819291452007 0.08392084742996202
0 0.9196954094148252 0.8668825270896398 0.11864903381744848 0.08486860226362179
0 0.919704577927993 0.3600638770875994 0.11787920970461632 0.08392406438264186
0 0.9186356683098055 0.44498302318431704 0.11664473726020201 0.08421451753360933
0 0.9214963768154317 0.6127395267613367 0.11828540462733866 0.08505704033861586
