0 0.7242196086694986 0.9617038925124235 0.10642218257386724 0.06089386079654052
0 0.9378834230062778 0.9617378631498471 0.10806123566718157 0.06041864517631881
0 0.9381653915037824 0.2888537182355875 0.10778475956016319 0.061643897940259464
0 0.5120468623133516 0.9617271306682436 0.1057798049597988 0.0600929376911315
0 0.9377315700129714 0.10663553698711806 0.10730823666726078 0.061098028760437566
0 0.9378338754554815 0.2279281966183164 0.10644438420865018 0.06101422791087299
0 0.9378150388768417 0.5339729472402402 0.10735248522160172 0.059852110136539564
0 0.9376366909012596 0.6568253543398797 0.10761434073986058 0.060751912061592125
0 0.7240586274779192 0.5340131007203268 0.1073246364811074 0.06007931210579129
0 0.7240505822862207 0.9013694739852112 0.1057832086947481 0.06141471279505925
0 0.7243750974705917 0.7780994100308201 0.10655106035626584 0.060875008959289
0 0.9381916544132208 0.8398138857033639 0.10730630272694867 0.06251717197056575
0 0.40626962949416784 0.9620228805308677 0.10654792737296023 0.06086735623327599
0 0.9374436836581116 0.34990926620063434 0.10627806534180925 0.0619205626508147
0 0.6178543419590166 0.9012727883248519 0.10406730081343078 0.061591285448920105
0 0.5121915984063093 0.7780845945399106 0.10479597084422529 0.06069353669426128
0 0.9379069397204729 0.7783224356648389 0.10665069696114544 0.060975847623399276
0 0.7238176971938372 0.6564410381725441 0.10638172454253801 0.06068770382382453
0 0.30005289906935695 0.962073183205514 0.10870993726607057 0.0601295214545107
0 0.6178891528846343 0.9619852235193281 0.10511240215809173 0.06088872787055619
0 0.7241067825916905 0.3500330513770427 0.10627883891793409 0.0620300106316896
0 0.724340789369455 0.22803506647045826 0.10608559960194867 0.06068182429042431
0 0.5111856786923716 0.1669516957134282 0.10475744675320818 0.06042104831893874
0 0.6177458092287013 0.8400663323358658 0.10372568959670073 0.0626121777642393
0 0.7238355668023211 0.2889773867545872 0.10542620331313371 0.0617591787915711
0 0.9380916310202789 0.16724132106209386 0.10776008248178073 0.06121294214091169
0 0.9373051748529586 0.4731852680171302 0.10718585692431085 0.060288268856316905
0 0.5123790552407617 0.8398680147410168 0.10512392844235187 0.06243933814745795
0 0.30068596476082265 0.9016349862474914 0.10806452336571214 0.0620254376612672
0 0.7239391099666311 0.10656921725025235 0.10678189547191856 0.06072106200985223
0 0.2999985263374822 0.16700716047841108 0.10820956888911994 0.06076578262749068
0 0.9366995034260139 0.9011245867527953 0.10598317812301965 0.06185147813336201
0 0.9375209639129832 0.7174318412757431 0.10674097329491444 0.06096287531954797
0 0.6180150523989524 0.6566747496252031 0.10448866772863197 0.06082409966611716
0 0.7237157398605831 0.717202376152762 0.10640152809133398 0.061052888176127675
0 0.7244308336303866 0.8399739396681479 0.10609844096562104 0.06249309388140291
0 0.6177334900289132 0.7783316749316107 0.10376347879039924 0.06103837599448107
0 0.511688406476503 0.1062234009442344 0.10476645891506257 0.060776421783167285
0 0.5117591500131199 0.9016271935325879 0.10563804713492157 0.06151317164803134
0 0.6176973060056737 0.10636280946410759 0.1039611661691025 0.06097237706548942
0 0.9377132362588125 0.4121457604457844 0.10725192032537231 0.06315162495371034
0 0.7240728612786161 0.16727841228520102 0.10625400712432669 0.06102261557856102
0 0.5118635827899735 0.5339271708730529 0.10463224345740256 0.05994151637459384
0 0.5116274873566719 0.6562147461310803 0.10527562672043331 0.0602653573412414
0 0.8312140055029111 0.5341647320202002 0.10500313453045786 0.060214961340668005
0 0.617231593839116 0.28912591496738815 0.10359932593670786 0.061549568759556576
0 0.40545683305979685 0.839944075371512 0.10637921042013229 0.06212688294390291
0 0.8315305141743902 0.9616479902821579 0.10525106567846958 0.06077365700258028
0 0.6181117687539607 0.35014806391631426 0.10371025675301014 0.06169154082598672
0 0.300007838260085 0.6559203961573609 0.10687455055227148 0.06029578159343941
0 0.6176626111164745 0.5340936876582808 0.1034455776818956 0.060111882854310024
0 0.29999364313819415 0.28960255380799643 0.1088407489887813 0.061466648673427944
0 0.6180980377777447 0.2282066811844479 0.10370600208432351 0.06026584730235809
0 0.6173420991885495 0.5954879854068115 0.10438922451778358 0.0609268515117307
0 0.29952419846683404 0.5340287328130973 0.1059095916941441 0.060165825240108946
0 0.7243533599814836 0.41217647634150417 0.10567351560024556 0.06323606158615253
0 0.9365726756203462 0.5953229618364153 0.1047597674815827 0.06116963891078937
0 0.6174250265491326 0.16732316790006213 0.10373199424211817 0.06130696801235187
0 0.4061216637208888 0.9015397004760369 0.10619614363018853 0.061502625818281725
0 0.5121308533411062 0.22801801115730122 0.1050949966952828 0.06038145479441418
0 0.3005757591721374 0.22810425597957878 0.10743871962011843 0.060221004194440465
0 0.4057266370727385 0.5340381354002414 0.10567444389159536 0.05997744685648414
0 0.6178025897162646 0.7174201055404243 0.10444774555162786 0.060830585818042814
0 0.4060081220851652 0.16701245089189723 0.10616206760188925 0.060782686286016345
0 0.830896027036795 0.10706532037950803 0.10520975671340305 0.060803480469123296
0 0.7240351107637238 0.5954827124919366 0.10677415971067016 0.06104976175757359
0 0.8307536116722117 0.47352224460800124 0.10551562871316539 0.06066115259759652
0 0.7240795913909024 0.47353953323597575 0.10605937537131654 0.0605293297257263
0 0.29953950560440434 0.10590223143224688 0.10791998066678549 0.060702437654547726
0 0.40562806413503055 0.10628593223175141 0.10583824863603057 0.06071358426995234
0 0.4060252567963304 0.41236106335934514 0.10776259660418647 0.06284812903914612
0 0.1248277583654087 0.2889342818420597 0.24632459493644338 0.06116723576816944
0 0.40579834757951116 0.6562786277281036 0.10614825926806085 0.060469367817636656
0 0.8871776740360622 0.014472852059460561 0.20920058952689322 0.028945704118921122
0 0.8315242095289725 0.28918006733652285 0.10480107644664924 0.06133818553492928
0 0.40604662683677917 0.2279117362579439 0.10535333244217364 0.06042625123936831
0 0.8307669945391715 0.6568775468645476 0.1049487521288815 0.0611984299592651
0 0.29988194841546856 0.8400241956798308 0.10609383818767823 0.06223299452288799
0 0.4061231528549291 0.4737927498073753 0.1068669501668449 0.06102325719430905
0 0.8309573716234949 0.4119836883078293 0.10562222750316856 0.06268483199839928
0 0.5115958287537627 0.2893903306500263 0.10576232213937738 0.061752879291499425
0 0.8310798287240573 0.05243866450925122 0.1045028628505228 0.0474147417494281
0 0.6179761801986792 0.4734005942621727 0.10355906129940985 0.06053945558880446
0 0.8315121804202313 0.7784089954621202 0.1087021434866128 0.06052984301832473
0 0.5125008548016179 0.41221328175395994 0.10456471026170391 0.06314322562028143
0 0.8312556625772339 0.901633073065988 0.10843247484949303 0.06105923433916284
0 0.83162160276309 0.22798551040322773 0.10850201934311629 0.060635767945455846
0 0.2996858081890149 0.412059037328131 0.10660184562886169 0.06268532195951595
0 0.8311759068787627 0.7172009529323753 0.10693746163062419 0.060278889600654625
0 0.12505610647914678 0.8394700263253775 0.2473074465196849 0.06108956526543387
0 0.8311635683395715 0.840061806028407 0.10496739531349018 0.06241647329534595
0 0.9374106132787746 0.05263127026572505 0.10771838672865178 0.04559009447010285
0 0.8307110649853453 0.5954770196103903 0.10666315153675539 0.06101915085352159
0 0.831200893387595 0.1672986815099687 0.10515931955006337 0.06093135448770785
0 0.511651487555945 0.7170848554792026 0.10610462957461979 0.060547668270379405
0 0.5123096461229603 0.4736184169757622 0.10501721361592997 0.060931611134007066
0 0.4066987901888268 0.3502117705272243 0.10861364637793093 0.062024971031632264
0 0.300120886741029 0.7782037017542288 0.10616287985682034 0.06092643154505925
0 0.8314024873257289 0.34997003304484425 0.10518763243623257 0.06210551130662271
0 0.3000704108988831 0.4736717760745174 0.10776054662745564 0.060659239416093275
0 0.30075647622460194 0.3505089902731986 0.10679817924934648 0.06148167414767297
0 0.4064150811450412 0.717095867938587 0.10765696478433934 0.0601219153914612
0 0.29980261818386605 0.5951348400990898 0.10715185825362405 0.061107063876744076
0 0.2998092129203303 0.7171024474164398 0.10719057573867237 0.0609573690898557
0 0.4059726342804381 0.28933327351141414 0.1071684514615019 0.06155453836516867
0 0.5118140932573868 0.5951546018641294 0.10598132154032003 0.06123067406703937
0 0.5121697255413795 0.3502962188254074 0.10495815107879831 0.06181641091629635
0 0.4066715989880386 0.7781334039997252 0.10762903868623257 0.06014515354728116
0 0.4066723919035667 0.5951487689936927 0.10680692065955717 0.06066073263092508
0 0.12455315561197856 0.41228933071871415 0.2454614825121803 0.06112022283244935
0 0.724881480401913 0.03850738298637787 0.10664667436529626 0.07471446779525244
0 0.12446558014672669 0.3500782561229275 0.2446136176963874 0.06071782476675985
0 0.12515881997550848 0.9621135933318999 0.24885861751244548 0.05874288483132646
0 0.6180661857808044 0.41234003002855024 0.1041154946060084 0.06332910753535932
0 0.12468303088452877 0.7173037514409524 0.2473200154697336 0.05952873579952695
0 0.12504048492518668 0.5953457100311186 0.2455479769350156 0.06050455169211104
0 0.12486030114165429 0.7779467521457498 0.2456824215948204 0.06026741051163513
0 0.1260958221022167 0.19646023974870686 0.2460333080195051 0.11794779132994672
0 0.12567310928542955 0.9013535152516963 0.245961543120661 0.06088294166308295
0 0.6184568804026557 0.03786898215247221 0.10504835005495484 0.07500804582502499
0 0.12450069007764751 0.10632455458334826 0.2460861020215111 0.060732278619702075
0 0.12544663807587328 0.03742907171220225 0.24325311199038352 0.0748581434244045
0 0.124528141831566 0.47354279964342033 0.24407045378884434 0.05980400062117737
0 0.30065867686301884 0.03815728795090947 0.10494983513545626 0.0747135235082119
0 0.12610348156347626 0.5343789150226371 0.2385500012241842 0.05945015536900325
0 0.406029027979939 0.03853163875024253 0.10546975564896229 0.07492051439912312
0 0.125299405840111 0.6569208267631882 0.24064070945759083 0.060562833733514905
0 0.5114643014731365 0.038542590329041906 0.10416755627921023 0.07508621968625154
