0 0.15243910168325622 0.15619094580934761 0.29785070092383037 0.039056235865542764
0 0.15518910191130877 0.23409130698756164 0.30124361459228105 0.038260610480057564
0 0.15332442382506303 0.19526701140822028 0.2985527459594318 0.03860659682959841
0 0.15371445907796905 0.2733669347930373 0.30426516261786524 0.03916749117667215
0 0.15210313123205435 0.42981290315326887 0.2979538819462958 0.039004864609032346
0 0.15201791871750236 0.46883678770901865 0.2975752457328465 0.03905596816748903
0 0.15405082343812768 0.546704958196272 0.30152188256432777 0.03879437362938597
0 0.1536667420712602 0.3125380532783374 0.30384389014547086 0.03860106886478892
0 0.15323625649496864 0.35151677717242324 0.30129643567031045 0.038745224266721494
0 0.1526299615368795 0.507692142955044 0.29875551657533167 0.038458251953125
0 0.15251534798472222 0.390410694323088 0.2983627566525769 0.03855871903268914
0 0.15169969450271248 0.11745181836579975 0.2961350189004853 0.038324710779022754
0 0.15431578262992526 0.5856161017166941 0.3027643822507316 0.03877413565652412
0 0.4551618469344208 0.04994896817625614 0.10483027394705553 0.09620601294333474
0 0.8522286813793375 0.27286647328159264 0.09017811650815216 0.039037175764117325
0 0.8522905075430472 0.3121650160404674 0.0902945221865855 0.03892830296566612
0 0.8522161528418295 0.2336326197574013 0.08973632608369042 0.03958263731839364
0 0.7541875900240249 0.011476186567183397 0.2883397812813809 0.017743988474305764
0 0.8524177831949598 0.5852191858124315 0.08965783773058632 0.03926161381236294
0 0.8521678758704144 0.545995665433114 0.08879711954888692 0.039452375445449564
0 0.15239834227290838 0.9773892586691336 0.30479668454581677 0.04218942742598684
0 0.8521479475857023 0.5068593075400905 0.08813864411318979 0.037781671892132676
0 0.8518068192395876 0.9758087693599231 0.08773451585036057 0.039119894462719296
0 0.7563777400498407 0.9756661398368969 0.09565622591254704 0.03968934176260965
0 0.7542389834604932 0.8975945455986158 0.09962978809573579 0.038127109460663375
0 0.7562542918533786 0.6244286520439282 0.09450360046182588 0.0386577940823739
0 0.5528823189113451 0.2727901927211828 0.10045141519910118 0.04137715122155976
0 0.8517701522163723 0.8972625464723822 0.08941925967417433 0.038300684878700655
0 0.7574194713579772 0.7018141897101152 0.09407165935605664 0.039421857867324564
0 0.449937495100857 0.27272191633257953 0.10492025011757942 0.04080077054207785
0 0.8514370870430733 0.42865466736910635 0.08877037839347303 0.03865147640830592
0 0.7561911898711853 0.5855336239463405 0.09503663742422659 0.03874281498423794
0 0.756064577644884 0.23372804742110403 0.09486118686637751 0.03885906286406935
0 0.8520906888521634 0.6241717422217653 0.09039408706103678 0.03840674684758772
0 0.44873900397565447 0.39006825497275904 0.1044956322099054 0.03876457883600603
0 0.449016405188519 0.31242476346199977 0.10571585052388169 0.03874701784368147
0 0.4497466198975426 0.4291522511264734 0.10372927356324467 0.03904855293140077
0 0.7553187341594376 0.8199680261444628 0.09909527118389423 0.03915672971491228
0 0.45009403802878084 0.2336968940601014 0.10395598650776022 0.0378881621779057
0 0.8516391001417486 0.936492919921875 0.08723873278767767 0.039357824492872805
0 0.15237104852861386 0.9375707258257949 0.29931942515548654 0.038587389494243424
0 0.8517776029963159 0.7017417773865817 0.08831715663539924 0.039081399482593204
0 0.8516905411430027 0.351052709211383 0.08885422518420777 0.03893001623320998
0 0.8519609636287625 0.1946126770554927 0.08829643734322742 0.03908093101099918
0 0.7553417244085101 0.5462315609580591 0.09751606306503449 0.0389782286526864
0 0.5539952919235995 0.5858114409864994 0.10068800297867893 0.038877306486430924
0 0.8524353384572926 0.15539796394214295 0.0890825966927519 0.03944925676312363
0 0.7561823101745401 0.9362905401932566 0.0977918950211643 0.03910468921326754
0 0.4483985900878907 0.35125265288771246 0.10529077332155362 0.038525256775973134
0 0.5518706458866796 0.9362647341008771 0.09949740916988921 0.04098114549067983
0 0.8515510176336485 0.39006018387643915 0.08818304259641513 0.03902368378220943
0 0.7533866091316759 0.8587681552820038 0.10109090645576399 0.03885631895901864
0 0.4501605847208795 0.5462749548125685 0.10285980326674854 0.0388543915330318
0 0.8512742160554713 0.4680541992187501 0.08870071870427466 0.039275480571546055
0 0.448834460714589 0.8192241735625685 0.103770814213067 0.038136318273711625
0 0.8514200165917641 0.6635300485711348 0.08760157556438126 0.03909644411321272
0 0.6539417381669367 0.6246532507110061 0.10291007051499791 0.03886124460320724
0 0.4501452111081534 0.5853583352607593 0.10460770010549486 0.03928699158785636
0 0.757341671946854 0.3509822644685444 0.09311678577027592 0.03885294596354167
0 0.4506948592272092 0.896957370691132 0.10343267128220371 0.0365131043551261
0 0.8515105997040918 0.8196369371916119 0.08922186503840929 0.03839453981633772
0 0.45067407614411326 0.9749140153851426 0.10341381468501779 0.037824450041118424
0 0.4494618699702132 0.624201590554756 0.1059051819868311 0.03891467713473136
0 0.6533520803802388 0.5463893689607319 0.09964994602777487 0.03834265993352522
0 0.554465839296679 0.5077419615628427 0.10029489778754704 0.03842735959772478
0 0.4496952554453974 0.15547483343827098 0.1040088819420856 0.038829321610300165
0 0.44933528326028166 0.7028695357473274 0.10526487420633884 0.03812646698533443
0 0.7563751884128735 0.27308466058028374 0.09397275790721676 0.03868828489069353
0 0.5537947587743651 0.546567736173931 0.1011199951171875 0.03855419493558114
0 0.5529476663340693 0.31256347120853895 0.10096220188714987 0.038118061266447366
0 0.44981287315139007 0.4682942976031386 0.10339079891957567 0.038751060084292764
0 0.45096442691458505 0.5071445933559484 0.10451647908392558 0.03870035807291667
0 0.7549523956400894 0.5070020441423382 0.09854855744735054 0.03807239197848136
0 0.7564833523039037 0.7410367999160499 0.09690596666623119 0.03882697925233004
0 0.7573691275606187 0.6632908603601289 0.09432728234740803 0.0391021728515625
0 0.5558865907598897 0.3898318508215117 0.10376124557444084 0.039430076197574014
0 0.4505916455118951 0.8584985833418998 0.1013301734541571 0.04027554696066337
0 0.45013022024097255 0.936481141207511 0.10288389071971676 0.03944263123629386
0 0.6535033159032713 0.58570735998321 0.10127834970735786 0.03854150604783443
0 0.5520244330466789 0.9760427374588816 0.09489338852490072 0.039322702508223686
0 0.7572781361863764 0.3900969923588268 0.09238487422266932 0.03913831208881579
0 0.756062485302571 0.7804733276367187 0.09950251244382317 0.04008880079838267
0 0.5535978744659934 0.8975025110077439 0.09882362391239026 0.03609656618352522
0 0.8512957773878423 0.7409747207373902 0.08885335762763899 0.03861608672560307
0 0.8515240468309078 0.8585260223924069 0.09009090155662103 0.03886643794544956
0 0.8521586899773334 0.7803971407706277 0.08920293189211433 0.04008162649054277
0 0.851623994450904 0.1170825857865183 0.08874256555053303 0.03733606840434827
0 0.5529716772379285 0.8590161507589775 0.10226185265990803 0.04058971739651864
0 0.3514083811271948 0.9750356573807566 0.09053845868062814 0.03745888157894737
0 0.5526043180637934 0.42943016186095123 0.09828022730390364 0.039523529588130484
0 0.35041869045499974 0.8973705626370614 0.09215933503115854 0.03786299856085526
0 0.6542943488794026 0.6635466190806605 0.10491407515611936 0.039859222947505484
0 0.7547196863487013 0.19505860847339296 0.09894467357010348 0.03901106181897615
0 0.6637192793115725 0.27314813178882263 0.1211080901997544 0.03939650686163651
0 0.7545905990345423 0.15564565825880622 0.09946719778820025 0.03939511483175713
0 0.44963998698869273 0.1946390386213336 0.1034280273029238 0.03869329084429825
0 0.7571646904068249 0.3121486463044819 0.09386747736595945 0.03872300532826206
0 0.7540635329026442 0.1167750643010725 0.09993373909124163 0.038692715293482734
0 0.4496328934379246 0.6636027821323327 0.10569694289395642 0.040243101956551536
0 0.6552899976239156 0.7021310371265076 0.10456991036201399 0.03937731291118421
0 0.6653205846065662 0.35098213061951755 0.11037764022980247 0.03845080994723136
0 0.4489121453020485 0.7414763333504659 0.10557949104436663 0.039457729406524124
0 0.35018007412403324 0.23401417648583128 0.09073345477764423 0.038793182373046874
0 0.5541333354835127 0.6244256002861157 0.10175530168922449 0.0384235047457511
0 0.552315702406459 0.05247403529652378 0.10644776207148827 0.09193095826266105
0 0.5524011312121133 0.15510731078030773 0.09704099929452341 0.03961282027395148
0 0.5547333784326662 0.19524650573730468 0.10253834804164924 0.03843979417232045
0 0.5542350692493859 0.6635809915107593 0.10280785193810096 0.0408453154982182
0 0.7559415887430758 0.4289152178847999 0.09429237595369983 0.03874645567776864
0 0.9437273210506376 0.4678639863666735 0.08909091502926421 0.04012469910738761
0 0.44961862978727923 0.7805350052682978 0.10487444823402224 0.03950147126850329
0 0.658379371019823 0.23294508452237397 0.10858726012039419 0.0382694311309279
0 0.9432776715843175 0.4284825241356565 0.0874391893878031 0.03849468565823739
0 0.5546851524939904 0.23348974930612665 0.10309531935880017 0.03654201574492873
0 0.3496637503837662 0.9367477684690242 0.09349340738660118 0.03879565858004386
0 0.3502255825693392 0.5462287768983004 0.09207360002906824 0.039349365234375
0 0.9447869138175429 0.31207223189504524 0.08819467806098454 0.038982699210183665
0 0.5540305300301134 0.7812913325794956 0.10314466801774143 0.038493802254660085
0 0.6505435446034307 0.9762262177049067 0.10807545129272053 0.040322715357730264
0 0.5537278548530911 0.8195895278662967 0.10399885400880539 0.03755284359580592
0 0.6525392564244095 0.9360942104406524 0.10219785760477634 0.03979759885553728
0 0.5534027763034985 0.741510812859786 0.10295237665591034 0.040190044202302634
0 0.7562681217257393 0.46837110017475325 0.09643365866364445 0.03958890145285088
0 0.9435789178446384 0.389949517501028 0.08890372694136704 0.03903112578810307
0 0.9441914127821905 0.15477698476690996 0.08786551689224498 0.038928128961931194
0 0.9440287204091764 0.3509670324492873 0.08919093919836957 0.03861180355674342
0 0.5544444310625262 0.702429493686609 0.10117597803224289 0.037791094863623906
0 0.6509131747344665 0.8974201135468065 0.09992899304648308 0.037301956979851975
0 0.349906589673913 0.27289973476476836 0.09132859858382107 0.03931903504488761
0 0.9444440248419209 0.27327835350705865 0.08815987373275502 0.038513344212582235
0 0.5520690356608619 0.4690920913428591 0.09937232792576818 0.03876016181811952
0 0.6596900059743724 0.3123568083110606 0.11444824884517114 0.03843935247053178
0 0.3543933370838995 0.048851679709919715 0.1065637594880069 0.09762730389310603
0 0.15246310501194318 0.8968736615097315 0.30057877322104465 0.041963169030975876
0 0.35012295573052754 0.5069597210800438 0.09265721043615435 0.03856147632264254
0 0.9449754797894022 0.5855444121779056 0.08913092469690635 0.03878880550986842
0 0.5549406734198631 0.35072864733244236 0.1061536093619356 0.03816233852453399
0 0.3495480719218685 0.5853940194113213 0.09284230618173861 0.03940697385553728
0 0.3504826344773921 0.19465745624743008 0.09084243519250366 0.03915274101391173
0 0.3513817547954444 0.858921251798931 0.09311063632518551 0.03847195809347588
0 0.6586125861840902 0.3900043688322368 0.09846057700472931 0.03908075700726425
0 0.9440109610158863 0.5463532832630894 0.08879410861726589 0.03917166726631031
0 0.9457417363705842 0.62386295251679 0.09105312385686663 0.03831139280084978
0 0.94318167900162 0.9763582463850053 0.08817640834030101 0.039595433285361845
0 0.9439754422293061 0.7016524197762473 0.08883166871341971 0.03896275570518092
0 0.6542724048014867 0.5073034186112253 0.09975599206012228 0.0380243134080318
0 0.15384717928525993 0.04875789441560444 0.29728825355453237 0.09751578883120889
0 0.9436479141082253 0.9363674230742873 0.09063986073369565 0.03902587890625
0 0.6621815608097957 0.19485533195629456 0.11417172026873432 0.038206950405187776
0 0.3512719961313101 0.4682659216094435 0.09011167188153218 0.03876937063116776
0 0.943893075388012 0.6630023889374316 0.09024833755748327 0.038482826634457235
0 0.6546424176780675 0.7412472641258909 0.10347071618938126 0.039088787948876096
0 0.9432289353182485 0.19334355404502468 0.08742091966711957 0.038082671583744516
0 0.9445528266421929 0.23411940859075175 0.08848770805027174 0.03927000614634731
0 0.35102305842881215 0.38995599579392826 0.09162907935305183 0.03860243412486294
0 0.9451063621684602 0.05104469388100737 0.10097228853149477 0.09143816854023984
0 0.6513230952132107 0.8584340145713404 0.10200219808214882 0.03948251824629934
0 0.654900030946253 0.8197261877227247 0.10347888142767558 0.038037109375
0 0.3508088995381741 0.6247173108552633 0.09215206286580267 0.03958204838267544
0 0.9435850928060985 0.5074866311591968 0.08790195426813337 0.037613450435169955
0 0.944425397892062 0.8969026264391448 0.08963584261993102 0.03826882881030702
0 0.35145593088207433 0.31224489713969983 0.09016359769381008 0.03895592940481086
0 0.3488914081484179 0.8190988373338131 0.0945370524224629 0.03881691380550987
0 0.3517002373634772 0.15562643753854852 0.09046226680079432 0.03969921982079221
0 0.4506103617690478 0.11679189246997497 0.10486778846153846 0.03898784570526658
0 0.6573781552522078 0.42919082641601564 0.1129070269224237 0.03907987360368695
0 0.5523053427603731 0.1163207204718339 0.09987719481605349 0.03842125608209978
0 0.6587616783320704 0.46841575221011517 0.1168750775697638 0.03854027463678728
0 0.3496582643642872 0.7799957275390625 0.09367212403976798 0.03922333299067982
0 0.6553417958543452 0.7805392348975465 0.10215483700551317 0.03971541555304276
0 0.3508767220487563 0.4289996096962377 0.09149619009981187 0.03921527527926261
0 0.9423026400664978 0.7412302920692845 0.09415264831338838 0.03803202311197917
0 0.35092926025390625 0.35113166675233004 0.09154982550885765 0.0384185791015625
0 0.8483008190142273 0.05995102617741822 0.09404655124830169 0.07629300797359707
0 0.943514208331156 0.8190078735351562 0.09655251391356606 0.03740753709224232
0 0.9439723292322063 0.7802147045470121 0.09552644965640678 0.039044189453125
0 0.94429113075486 0.8582769561232183 0.09022996577132107 0.03868825812088816
0 0.3494255678310841 0.7027085153680099 0.0915623540463655 0.03801719263980263
0 0.6525450486403244 0.1556692826120477 0.10158816946788775 0.03900446306195175
0 0.6544111117870115 0.11647416499623081 0.11042009946893289 0.03902437979714912
0 0.9444586712381114 0.11679916381835939 0.08920655521660745 0.03756523801569353
0 0.3516235096398803 0.11699609589158444 0.09066328476105247 0.038909269634046055
0 0.34882168466829533 0.66416518897341 0.09372484085950564 0.03977832459566886
0 0.7576324557531913 0.05827756095350831 0.09249245272203498 0.07835057074563542
0 0.657924587566266 0.057931006582159716 0.10400032454094692 0.07790186697976628
0 0.15555320360099678 0.6236979166666667 0.2780100922405929 0.03732638888888893
0 0.1572080546265329 0.7599826388888888 0.28793896321070234 0.23177083333333343
0 0.35247700668896315 0.7417534722222223 0.09597965440356741 0.037326388888888715
