0 0.4687210016229742 0.6972560430042435 0.1458571619747504 0.040997693419516666
0 0.4676799482015863 0.7373538298898126 0.14646173723416986 0.03883037538254038
0 0.46904168661105033 0.497742777578401 0.14638901591561815 0.040146651982900045
0 0.200833635726695 0.457866439549746 0.3795975532782156 0.038447187983105126
0 0.4689648918302106 0.6575081684203055 0.14599235417806344 0.03804033829189803
0 0.20052279320013602 0.21903000378596668 0.3844951717284889 0.03905387312279152
0 0.46743998120597996 0.7770906743950341 0.1459599000358999 0.040277903757571926
0 0.7660186233353562 0.49766743104906774 0.1455021363640249 0.039971372324189174
0 0.6180921091292566 0.4976460795279767 0.1492294211356332 0.04050790246600518
0 0.4690774462676936 0.8975757982079757 0.14658661222562228 0.0415748931253155
0 0.7641822931803028 0.5772792579308115 0.14299301715074536 0.039617454686711254
0 0.4686553086963211 0.6177993304557358 0.147317164314654 0.03996659673144876
0 0.6176354472955415 0.5379119210625947 0.15084792122538293 0.03982154195324331
0 0.6170159137483759 0.6973708112813921 0.14852451182559492 0.04086551733657244
0 0.4684014351675756 0.5773885727891532 0.14789148910822963 0.03914852228987885
0 0.4685953252946783 0.8568333063024514 0.14615065159369872 0.039613695833070416
0 0.6177986862883786 0.5770371199737349 0.14962808621529677 0.03929363868863579
0 0.46839095101053924 0.8174128833291268 0.14600754618905565 0.038961935259969716
0 0.46934342332168016 0.21894562984584012 0.14855135660985366 0.0397287722129764
0 0.4694561113153036 0.2587724326536669 0.1474290843604691 0.038891425943928255
0 0.7647659001256497 0.817045902134733 0.14223769039763404 0.03932136793680591
0 0.6178277514434748 0.8974394319275302 0.14883940381607288 0.04190407011137052
0 0.7647093057110742 0.6977344341557294 0.14638654512701724 0.04102683994037102
0 0.6173674502049286 0.7768722603502808 0.1499829114918114 0.040763288841651944
0 0.2007018189461539 0.37769628425609697 0.3792217868162193 0.03842716130387115
0 0.6171189856998769 0.7371924148551868 0.1501304576381291 0.03856941234698385
0 0.4695142082364606 0.298354678897771 0.14603182001760803 0.039525054669753285
0 0.7643923436004171 0.8561568358882036 0.1417132154335339 0.03940295354697754
0 0.4683346737917978 0.17830294012602146 0.14725713082945843 0.040827327999787034
0 0.4681432711478135 0.45775328881207417 0.14728854991153242 0.03850089029372791
0 0.7656127128350657 0.5380956119265838 0.14356443709826314 0.04072009283505805
0 0.4678001487281181 0.5378624397597489 0.14853566376333424 0.039960188194093894
0 0.618368286533481 0.8171737031585216 0.15008955607007315 0.0387150217101527
0 0.7653247657959519 0.9371023625812406 0.14480317030224288 0.038974012888061585
0 0.6184317590892967 0.8564714704241071 0.14816547953065168 0.03896212012162418
0 0.617790956726742 0.6573871764674564 0.14773022006846623 0.038056914220248615
0 0.4687055925832535 0.9373884359915289 0.1461324545695432 0.03842700725249243
0 0.7646477697192969 0.737518911347252 0.14406513906933807 0.03846730709316633
0 0.9154609997371614 0.978058462128502 0.1518427141385736 0.0422056410903584
0 0.7645974190542942 0.6572053958405636 0.1441941543011488 0.03907106525665699
0 0.7642623266975519 0.7769194925029972 0.1432684766907139 0.04026496344175921
0 0.4684272782807799 0.13891794896980297 0.14773355897198098 0.03898582862880963
0 0.6184355487447859 0.21885240565400602 0.14943242646933125 0.03938688598817674
0 0.7644759163553917 0.6172885268941664 0.14232042842673004 0.040096307992333415
0 0.46906333940034356 0.09920376157110716 0.14637522624410215 0.04001489954124732
0 0.6175691700607734 0.3381272017023047 0.15083329682798824 0.04054284131869952
0 0.20176533275412262 0.3383648875745362 0.3774385327061626 0.03873190574126072
0 0.6185774521441637 0.6174665178571428 0.14824618082860366 0.04089731354114083
0 0.7658992575347032 0.21813486514219066 0.14404523920439005 0.0390427660183856
0 0.6178974176653105 0.17861193638146375 0.14933379525950494 0.04048326965054739
0 0.4684542566211792 0.3381218099040494 0.14570998310781935 0.039588338976132634
0 0.6171870993315782 0.1392675108045475 0.1488053136111871 0.03914997807540778
0 0.7645663004735367 0.9775206687653806 0.142633283686064 0.04110639207234351
0 0.7644214254500308 0.17892683280471114 0.14458994792378965 0.03898687617818494
0 0.7648935797960544 0.897264337130474 0.1445169594929568 0.04096528100943338
0 0.468156493205732 0.37714410249420277 0.14602811383470665 0.03811893530532244
0 0.4671209489751436 0.41702647933690373 0.14732771524976065 0.04212781433382761
0 0.46788123399997433 0.9778485517198543 0.1478903538810346 0.041808496636010856
0 0.617422942781344 0.9373821506952771 0.15078732012658985 0.03896557087250757
0 0.20036528195115777 0.7155087051231294 0.37650412273806927 0.40294117675070773
0 0.1996418360286521 0.25826345460093547 0.38459424534303094 0.03950194696294485
0 0.7654309763167566 0.2985598137136784 0.14694895003504513 0.04002904916038301
0 0.6165493186767045 0.457675862589128 0.1493596717617444 0.038758094475643615
0 0.9141881429392608 0.4974314859574157 0.1501303908600588 0.04019357603285903
0 0.6175389195949296 0.41714174057846415 0.1506379041943039 0.04099387294532433
0 0.6176316242510171 0.25850871980100015 0.14729496060628078 0.03925333884796189
0 0.7640543797866521 0.41726413439885945 0.1421305783728802 0.04052774428358468
0 0.6181120757722751 0.2982101787045289 0.1485058139659122 0.04004414619549786
0 0.9138038685337458 0.8977565312854935 0.14903102348878555 0.040761008881246855
0 0.7650268020462937 0.2577581506735866 0.14590527557439825 0.04083292006483468
0 0.7654242317316569 0.33845588572394775 0.14485639242426832 0.03971577027661219
0 0.6179604728581868 0.9779909568143457 0.14942417937764976 0.0412609364154783
0 0.7654189896531386 0.3777001817559787 0.14353425341048962 0.03899693573321555
0 0.9157038715788258 0.1787719341434053 0.1492991374410216 0.039244696565615536
0 0.9137767900262412 0.6975459985092755 0.14726641298122947 0.04093810634622665
0 0.7639745132145788 0.13970285229824939 0.14463248555456784 0.040498405198506914
0 0.6171143279294738 0.10083366367083978 0.14727632952466835 0.03780865272086777
0 0.9144502468651702 0.25896168477242787 0.14885346059987006 0.03879995023524262
0 0.9123837660908437 0.937273606093829 0.14827816752427517 0.038739978033505804
0 0.1993988285440324 0.4176967568857269 0.3762552712104514 0.040980562906202674
0 0.9127892091446423 0.5775819072694505 0.14952190908352708 0.03918666541125063
0 0.764623328945569 0.4576384126989604 0.14619843130299506 0.03892277539949836
0 0.915134421584382 0.2978646414620536 0.14768584604075494 0.03818542388037923
0 0.6180421925217108 0.3779301188438604 0.15029206056824398 0.03796596228625063
0 0.9146230351220597 0.8568150974294864 0.14987122516924234 0.0403785917387052
0 0.9155924523685379 0.6572352818080357 0.14948591570363787 0.03971463029640964
0 0.617097950607734 0.0506859971440723 0.1423700445329595 0.06349879789087641
0 0.466793268984204 0.04948069723130235 0.14788898493059355 0.060670834367531595
0 0.9135381585920405 0.7374993468221542 0.14928504726818928 0.038666896059439675
0 0.9138293109785285 0.5385712301532528 0.151861345220186 0.04022792949031424
0 0.20047488958621706 0.13760655579814882 0.38903252196781485 0.03543663891441349
0 0.2004933805903929 0.04872772586520185 0.38823593940985274 0.05420566580019956
0 0.9135528497675054 0.4177296622602221 0.1510344991537883 0.04010505811064488
0 0.9132966557008172 0.3377948820681237 0.1493705899762377 0.03970584936782244
0 0.913772983676234 0.7770100439034107 0.15013827067235366 0.04005921242033695
0 0.9151286452813012 0.45760461382646866 0.15002915530549096 0.03819811771398599
0 0.9151385284357049 0.6173469739872539 0.14924745121461297 0.039509988444914185
0 0.9140750876662507 0.13983543276606278 0.15100064267214852 0.04015116568829663
0 0.198181451801659 0.17778666774050747 0.38238178353340935 0.042136394995622474
0 0.9143311815658336 0.8171913266362475 0.1489693873299029 0.03922979979729303
0 0.20119810860840445 0.09805929462215264 0.3889478891109742 0.04292894312373801
0 0.9151730526980478 0.2190357267946862 0.14983750224374315 0.0402339528992223
0 0.19846168910387568 0.9783779646879732 0.38508014553746195 0.04191171105975518
0 0.3462922668740024 0.010882018010824515 0.6925845337480048 0.02176403602164903
0 0.9140870743298687 0.3779593269852663 0.15059964036002463 0.038687847046945986
0 0.20343878337017032 0.4975346695708843 0.3894981336280605 0.0398531224858815
0 0.2029301092452502 0.2990865307826698 0.39069231020804307 0.039713213023725394
0 0.7639819589694166 0.09869628166803382 0.14607562643172184 0.04097530975418823
0 0.9156040383637343 0.04263129347445446 0.15446615740819886 0.07691105828629426
0 0.9142367239853999 0.10015101246937086 0.1671033062089714 0.04017666006366858
0 0.765705801465057 0.04107671842077119 0.14449505628589984 0.07475152800023582
0 0.20197608643078963 0.9356962432168098 0.3841821119613147 0.04421422458669864
