0 0.6443076005840668 0.961874947712881 0.1370730929904514 0.05866735417524712
0 0.5087704567160186 0.90345128167795 0.1338407728407118 0.05898781388359761
0 0.6440984499408825 0.9037074382851112 0.13752354881315854 0.059090075422158155
0 0.6437777230566033 0.06930369953739977 0.13657072220725575 0.06593450643674546
0 0.9180711768139368 0.9630483410503757 0.13971789129849138 0.0574262389633958
0 0.644134959955325 0.6661194450969161 0.13750805617292267 0.059826318278933276
0 0.6437103446872756 0.6070545328507904 0.1377113897681693 0.05891707544468184
0 0.5085903620811258 0.6661651460499897 0.13499488684409422 0.05880641780143123
0 0.3725938029672908 0.903891448723229 0.13521499926103028 0.05872285896313838
0 0.9166395106991589 0.6660291995405169 0.13975349513963722 0.05916538898398889
0 0.6439368003172894 0.8448346812014133 0.1375601465217912 0.05983732873957475
0 0.7805789640580101 0.9622831391738313 0.13239823264637213 0.05832537630637356
0 0.37277591456855397 0.7256278928854124 0.13504341096256883 0.059733860575190485
0 0.6442465069650233 0.13224290976610764 0.13774003653690733 0.05915721912164076
0 0.508927590088826 0.9624353751319243 0.13310931560180198 0.05830023826837932
0 0.6445256375718391 0.725433600989755 0.1372748480902778 0.060359345236563014
0 0.6441736623245181 0.4286117176640368 0.137139857500449 0.05925462901886841
0 0.6438089129568517 0.19139912965073813 0.13685467599452228 0.05904277820367201
0 0.6439701533408914 0.7847463742905041 0.13739206599093032 0.05870048610932352
0 0.6447418329816211 0.2502198195732406 0.13768326916457135 0.059354351615591536
0 0.3734667109346938 0.9623973161424013 0.13449029447475155 0.0583858081497117
0 0.7801266958887093 0.9038348881377419 0.13396421702885536 0.059040503211233525
0 0.6440726386176214 0.3696064077059951 0.13810355818591355 0.05927453834495984
0 0.508805475929231 0.7846780491032357 0.13316845071726832 0.05908127710886017
0 0.9156989905112547 0.7254691964515547 0.1382132928490182 0.059429740591536245
0 0.6437940634073427 0.4882839900461413 0.13667987224242698 0.05920274410844831
0 0.5083346165916472 0.36949928195708265 0.1342820500048641 0.05905988463852708
0 0.7803071413003622 0.2508013378061612 0.13232427721279336 0.05891584368082012
0 0.5082552241182876 0.30952906097965144 0.13329437957412896 0.05857881800543143
0 0.7799660985953963 0.7258380720210821 0.13398304204831177 0.05963496753372117
0 0.5083491884428879 0.8448121323813323 0.13333784666097942 0.059562268327841845
0 0.9165562012186453 0.6069582541652724 0.13838675195686662 0.058921399187216845
0 0.6443851222480393 0.30972438353486664 0.137888648957585 0.058321454772446456
0 0.37244989680147716 0.6662786945676096 0.13502815217350633 0.058942414586980026
0 0.7799534414006376 0.6071364074405375 0.13461707104211565 0.05924834450936985
0 0.779787114753577 0.6663453857824083 0.1341787170176305 0.059176047512098436
0 0.3724358803467732 0.7849813143935981 0.1354537905404394 0.05943793559192236
0 0.6437646566222911 0.5471969931286681 0.13719376019591115 0.05882979617676585
0 0.5087369575354331 0.13208224313852227 0.13391513751384398 0.05872096732577932
0 0.3725776672363281 0.6073482205486769 0.13537460268685644 0.059412546173548186
0 0.916721095527269 0.8441503986691721 0.13835746209740182 0.05806082359452224
0 0.5087344144039228 0.4285203660339657 0.13498050499693187 0.058884295443137356
0 0.5083900831668313 0.607090203726704 0.13421239158659604 0.059201688310852554
0 0.5085589090983073 0.19112591688479783 0.13520313131398168 0.05883767695167705
0 0.5079470521188787 0.5470074271841537 0.13398391899021192 0.05891702516860585
0 0.37298496290184985 0.5473007880875462 0.13434977915095186 0.05900289670639415
0 0.7796780524125958 0.42869384363416396 0.1328423160246049 0.05871310540439662
0 0.3735602075569474 0.3098213032403534 0.13354223258650622 0.058690556584315795
0 0.15708646509382454 0.7240432360103184 0.30010785819013447 0.4138873779553054
0 0.3727043707252005 0.845079098344831 0.13632985549868296 0.05992988699546952
0 0.3738303495092867 0.42866599068806627 0.13539541544128653 0.0589302980526668
0 0.7805988998705401 0.13222910584099407 0.1340158981381705 0.058998101625646754
0 0.9166744422181813 0.25032685733902 0.13941142933578785 0.06003483830409545
0 0.5082999189237981 0.7253257336687217 0.1347591648613356 0.059996000035394355
0 0.9155805448919421 0.19087916190384643 0.13757300833632663 0.0580758435722238
0 0.7797151470549718 0.7847855142156611 0.13289148323380628 0.058702849084894974
0 0.9162898739635716 0.31000044946811933 0.13788531657836448 0.05823477881744234
0 0.3736981651335384 0.3697550112175981 0.13482797556910023 0.0593113655706214
0 0.3735340893040215 0.19140371105816256 0.1347855900439266 0.05877590022330623
0 0.5084753949980169 0.25049544559082837 0.13340826509556095 0.05892929253114704
0 0.3731611405295887 0.48832971613725284 0.1333201324345965 0.05913683217282743
0 0.3729645593869732 0.13211821881314675 0.13443291324308548 0.059518138502142964
0 0.7796721184390715 0.8446097711754789 0.13455708821614584 0.059426824579128915
0 0.9163556153746858 0.784685716204824 0.1388966644404035 0.05933351218209432
0 0.9182793335896342 0.903961533573157 0.14342694629654573 0.05965115643018946
0 0.780420237574084 0.19130090905178515 0.13384132823724856 0.05877381376615269
0 0.9161562572493862 0.36940828225954353 0.13829098990137093 0.05865973734973486
0 0.7803305264176994 0.369598564638141 0.13351598279229526 0.0589442245257156
0 0.5075516097847073 0.48792579814276155 0.136511265546426 0.06012515927460873
0 0.9173125636075191 0.4288746112653805 0.14095870562440135 0.05958554615102451
0 0.9166454739040799 0.4884405748848074 0.1404059399133441 0.058558053986048186
0 0.7803354957551336 0.31000217142372194 0.13300326409467791 0.0585824127448646
0 0.9153556969887453 0.5469707256486821 0.137939453125 0.0590807240720243
0 0.7798463375632333 0.5473649403605075 0.1331222943419241 0.058919438420253295
0 0.3741135871273347 0.2505308273793052 0.13561988333632663 0.05900357543342
0 0.5096090470237293 0.06866984233824779 0.13485650541225155 0.06560389410330005
0 0.9170748246583902 0.13213337076554776 0.13976471999595905 0.05863583107560235
0 0.15338514716689156 0.9628840891101216 0.3006955446868107 0.0587471925839168
0 0.9155501734708005 0.053498183482954105 0.13155081445686662 0.09673601830810849
0 0.37398277662722995 0.052805326326675034 0.13514826398242935 0.0960281991094498
0 0.7809136050871048 0.053058467154840666 0.13592926843869732 0.09648667764428027
0 0.1540482246327674 0.13219669662551 0.3015243283176787 0.05927219422291688
0 0.15375411099401012 0.24951274940955778 0.2945934803549814 0.05928931951130045
0 0.15417632163712805 0.4287884506401552 0.30332403689965437 0.05721932777266526
0 0.15372026503314462 0.1911232082612039 0.3010330905859498 0.05742611327320582
0 0.1555773699192252 0.051170286472389685 0.30540364204238657 0.09779613021963707
0 0.15393771271139267 0.309940897456111 0.30132892168344666 0.057928748342900536
0 0.7802779391350874 0.4884717209138823 0.13386635031279934 0.05894362121280375
0 0.1546370039954496 0.36932638253175837 0.3011899784606992 0.05894756788476884
0 0.15321511806656118 0.48777155114162896 0.30169611552665976 0.05878389411938838
0 0.5756325118843166 0.020161122427348053 0.2715080816627006 0.03183718450379725
