0 0.5410098350211365 0.4005968595805921 0.17118216736675942 0.07545958401864035
0 0.712707164189587 0.40082177948533443 0.1733616241037029 0.07441195660864401
0 0.7130355625936429 0.4760180378517909 0.17359376672196059 0.07645799067982456
0 0.5410276857140945 0.4760986863521107 0.17182980890143404 0.07711870516949927
0 0.8865902417326628 0.40072985197368427 0.17882715512628425 0.07525520547788743
0 0.1553111500626076 0.5921948896495267 0.2591871444493123 0.6637596174168742
0 0.7126631645307149 0.6561517012746712 0.17395562994970035 0.0791398254751462
0 0.8862451004655394 0.3126069542957328 0.17928600572559933 0.10134295190286916
0 0.5408241794533926 0.3124668679042169 0.17136836639822345 0.10109129788582787
0 0.7125607425219391 0.31284136855811406 0.17429006916202913 0.10082615188687866
0 0.8865921647581336 0.6558505945038378 0.1782644611515411 0.07850648757309941
0 0.7127512892631636 0.12779634486862093 0.17416030674764552 0.11031332183302495
0 0.14893467001719018 0.09415477451525237 0.26804231617548696 0.17677366580182347
0 0.8857840760113441 0.5655687298691063 0.17954469445633559 0.10232636747304459
0 0.5407499757531571 0.6557284884982638 0.1702178955078125 0.07838720132035819
0 0.5410373008414491 0.22287068506430466 0.1717766330666738 0.07815660621687683
0 0.8863091873796018 0.4760379724335252 0.17884529845355307 0.077073089421144
0 0.37195106401835404 0.0956927586717215 0.17723451379227315 0.17338698928119142
0 0.5402879270788741 0.5658615915398849 0.17085270293771404 0.1021228455660636
0 0.3700214333730202 0.31254944383052363 0.17159511618418236 0.100464920133178
0 0.36880903897220135 0.6560418379934211 0.17069164955452698 0.07983683982090643
0 0.36866624387976243 0.47638221428408256 0.17111285484000427 0.07677080477887427
0 0.14913631204056416 0.9601804499040569 0.2669013846410464 0.0744583219115497
0 0.7135923829797196 0.7331559030633223 0.17329665928670804 0.07621506361933479
0 0.3691045682724208 0.7328274553979349 0.17066445546607448 0.07748059724506579
0 0.5404890295577376 0.0956836784095095 0.16749146343910531 0.18034431167513307
0 0.36857191111943494 0.40082069084658256 0.17134901072880993 0.07508937545687135
0 0.36963797791363445 0.22285547089158445 0.17148253558433219 0.07806300113075658
0 0.5408452491237693 0.7327982941566156 0.16785742354719604 0.07732718841374268
0 0.8021372337863869 0.03753323513164855 0.35114545430222605 0.06768656864500883
0 0.7121001988241118 0.5656216626975968 0.1732847866946704 0.10129833556058115
0 0.36941611930115575 0.5657642029879386 0.1722098572613442 0.10201523094846492
0 0.7125772763604986 0.8861980237458882 0.17428292052386557 0.07350081951297514
0 0.36962704593188145 0.8102971662554824 0.1704994933245933 0.07930529856542398
0 0.8868082124892979 0.2225781446311906 0.17982763002996574 0.07858039008246528
0 0.7131511113415026 0.22270861173930923 0.17478537363548802 0.07850463153326023
0 0.8866320884391052 0.7324411492598684 0.17850350157855308 0.0770026669864766
0 0.8858246685707405 0.12730331420898439 0.18067685479987158 0.1115623340272067
0 0.5405548722776647 0.8103475648757309 0.1675559265972817 0.07983698259320175
0 0.37017041559088726 0.9603532757675439 0.17048747441540027 0.0754520170869883
0 0.15323578168268073 0.22165007117198918 0.25900695225963855 0.07510367053294043
0 0.7130451359160959 0.8106232581779972 0.17325874224101023 0.0787484866136696
0 0.7115693183794414 0.9608102898848685 0.17382766514608305 0.0751392029879386
0 0.5401815754093535 0.9606277555052998 0.17096749919734588 0.0753787748994883
0 0.5404063812673908 0.8863871613441155 0.17137923567262414 0.07554267749451754
0 0.3696735016287189 0.8863519679733187 0.17003067225626067 0.07585863258406433
0 0.886465579516267 0.8099546555190059 0.17845810145547944 0.07949975443165205
0 0.8864588907320206 0.8863303379705775 0.17834589709974316 0.0746212251005117
0 0.8855541072479667 0.9613269828216374 0.17837039477204622 0.07671355308845029
