0 0.6727771427731952 0.5369230071302215 0.1291358133699403 0.05863130614412353
0 0.6726830910808098 0.354157521668508 0.12837703884683235 0.060251512110032615
0 0.672147670395617 0.11314246630427814 0.12997584189138106 0.05903949801769321
0 0.54485595551673 0.4762605609315815 0.12734849044761942 0.0615846781618266
0 0.5450805588336499 0.8995231345847802 0.12755196621045287 0.060454500243318596
0 0.6726887326678331 0.7788711701980746 0.12820809414014037 0.05877387563788931
0 0.6728572798130233 0.8392150570647885 0.1296841832011864 0.06029626094933712
0 0.6727953927392698 0.4154179377186579 0.12851167967538385 0.05964383212002841
0 0.41732824055787643 0.5367408007483692 0.1276829343279893 0.05809375493213384
0 0.672869642082574 0.6579216337364531 0.12760349775366392 0.06016751170559765
0 0.6725782484333805 0.4761471475414957 0.1283135047325721 0.05971524530789667
0 0.5448216705700895 0.1730550579751782 0.12662587508965958 0.060965425639040144
0 0.5452579848523768 0.7791245585740214 0.12774476460724254 0.058955131556449915
0 0.6726488818601699 0.2338497084800643 0.12883165988969447 0.05800696735831624
0 0.6733034195438508 0.9606018066406249 0.1285392818024969 0.05901339238741583
0 0.41706119281778264 0.47616068522135413 0.12802120237137485 0.06099282210122055
0 0.4169573156768572 0.11268415354719066 0.12887762557188276 0.059807054924242424
0 0.5448948976123895 0.3546626929080848 0.1270575132914276 0.060272602119831126
0 0.6720166644150802 0.1735292942034275 0.12958085507376318 0.05985624782164089
0 0.28972619106396846 0.839275912403659 0.1285609583700857 0.059824163263494316
0 0.8005308241169743 0.7789982497090041 0.1267803182672922 0.059186582212094906
0 0.800084722249147 0.173203028412379 0.12579451719525434 0.060695070208925186
0 0.41694330636679977 0.8995023271451494 0.12892321262406947 0.05970121955229377
0 0.41728979068121896 0.7789044877896807 0.12800972988232787 0.058206937128445914
0 0.672468710773932 0.2937250747423782 0.12928226745454016 0.0605534254902541
0 0.41730891149629734 0.23391003078884548 0.12787728510778537 0.05809270171605377
0 0.7998534929072 0.11270378254078053 0.12607599073840725 0.05908035509514086
0 0.7994944380767293 0.5369434549350931 0.1260374462042494 0.058180837920217804
0 0.7996672069464368 0.47630161067050714 0.12503309226213555 0.06104728107901936
0 0.41736814816004 0.35441231005119556 0.12770489486807926 0.05956746111012468
0 0.6726308780035961 0.8996920601687448 0.12943031178514655 0.05907761288010312
0 0.9275751610843479 0.11256887455179233 0.1292219516952931 0.05957435196899003
0 0.545062517114076 0.8388890738439079 0.1275205777833243 0.06001009443392256
0 0.7999939267747752 0.4149746750340318 0.12598004589601428 0.059568488638007684
0 0.6740478439899 0.06017878400757658 0.13192658152237127 0.04553639768350005
0 0.8003655142582972 0.3543635281649503 0.1257078866508995 0.06021870828236795
0 0.5451905697806005 0.4151146243316959 0.1271037818776171 0.0594095300745081
0 0.6723798841755679 0.5969400373773542 0.12905084879759227 0.0601057059034354
0 0.7999192988014694 0.8391082455413512 0.12618443037085142 0.059841374355534514
0 0.6728260617693955 0.718565533056805 0.1277529051522759 0.06064906264796401
0 0.2893026555442337 0.41535441080729174 0.12852642731394426 0.05926801379682239
0 0.800462367812694 0.8995858651620371 0.12575665419509927 0.06017717046769781
0 0.41731618119232705 0.6580926657525779 0.1275210700023263 0.060094454473116586
0 0.4173062989492866 0.8393675422026253 0.12826697110538152 0.0602430350049979
0 0.5443624302412085 0.5369784679477063 0.1280894314976543 0.05801761511600379
0 0.8003048577320486 0.6578319305522675 0.12643697658188585 0.06064315436263678
0 0.28931378726627927 0.5368826252844197 0.12908225615622093 0.057459410593565866
0 0.41678965831217046 0.7189374210858587 0.12869232404912376 0.0605774953309133
0 0.7999017303693975 0.7187021428888495 0.1261141566425636 0.06049143987071233
0 0.11633777174701171 0.1126335606430516 0.21691661141350607 0.0592100355360243
0 0.5445336467279098 0.11264352124146741 0.12802423141138725 0.05913424251055477
0 0.5452507719508471 0.7186315260350905 0.12838945791088321 0.06039767795138888
0 0.5451434114139074 0.6579478613856665 0.12813611657684554 0.06040543578690551
0 0.4179584134009577 0.9606460417159879 0.12769387673503413 0.05904802007707281
0 0.4176771859673057 0.4155567567356508 0.12768096545198124 0.05973034996777673
0 0.7997622809398263 0.5967862935178609 0.12588614565562964 0.0598438404224537
0 0.4166208650574791 0.04516778811059817 0.12962723724895317 0.0750975175337358
0 0.5450998311007289 0.5966918637054135 0.12768516824499845 0.05950033785116792
0 0.41703610858017987 0.29374965834697886 0.1285154281123992 0.06064518373020569
0 0.7999556472816183 0.2933599427091554 0.1264565896159662 0.06014719234171138
0 0.5450341387954599 0.293391860294021 0.1276675998129265 0.06015949698811027
0 0.4171087108829773 0.5969054353758944 0.1282530753843246 0.06048203799058291
0 0.2891990150470592 0.11248904205733277 0.12889644348295984 0.059218429154418536
0 0.11682379275338527 0.04426151333433209 0.2175069103761583 0.07786419094612301
0 0.2889210627629207 0.2934229687006787 0.12899405429735963 0.0597853740859112
0 0.5451242338043288 0.23391360787028817 0.1278967088268649 0.058518804685033926
0 0.2891388791370628 0.8997589008575336 0.1288421668722375 0.06006948554555977
0 0.41703881578469093 0.17330721973971486 0.12879368330053892 0.060661161788786305
0 0.9282864554052612 0.8389355437924163 0.12848332028826767 0.060457839708938345
0 0.9281344733226388 0.4148231788917824 0.12826189746336072 0.060219196358112376
0 0.9280972539934865 0.5369786734532829 0.13039078251008066 0.05801905365503998
0 0.2896729746172505 0.35441588071058905 0.12855728565907065 0.059873047902527884
0 0.2901089670640363 0.4765236594460227 0.12878257050999342 0.06139119466145834
0 0.9278255491043734 0.2339704879606613 0.1290328638725186 0.05808687049531776
0 0.8007585321999069 0.23382439276184697 0.12694615820797148 0.058529901986170293
0 0.5449660232581809 0.045124047934406934 0.12751145280028692 0.07674143290278887
0 0.28870933286605344 0.7186594747935081 0.1284251248570293 0.06044288917824074
0 0.9268470555913655 0.6579409512606534 0.12765366622886942 0.060390074245054715
0 0.2889442917135158 0.23411840702146794 0.12880765474759615 0.05796108823834044
0 0.28874946764621784 0.6580393627436475 0.1290115470034313 0.0602265431824758
0 0.11345432828141204 0.810099771929911 0.21642054162605226 0.36114712596341014
0 0.11621868462479736 0.4151920357135812 0.2168466944256728 0.059902769146543564
0 0.9291386379497518 0.9612500739820077 0.12935772841384927 0.06028403336752945
0 0.1161796756772782 0.5971167207968355 0.2158260037822108 0.05905721645162563
0 0.7998133202640354 0.05918906754516191 0.1259691413519696 0.048357722735164144
0 0.1160076702794721 0.5369697339607007 0.2168669588216777 0.05787828233506945
0 0.28964033671111683 0.7794407545918166 0.12852222452092704 0.05871309736361006
0 0.28915250035136864 0.5964887214429451 0.12887694403787997 0.05998276219223484
0 0.9273106501652645 0.7185605752347695 0.12816845157897797 0.06084948196154251
0 0.5456763899355905 0.9608652134134313 0.12793578344302498 0.05965919366187921
0 0.11650814874000642 0.47675421101477006 0.21787062058081993 0.06021606239806923
0 0.9270980494193936 0.35445040564745767 0.12788773529582817 0.060137071192063865
0 0.9274387406947889 0.47648484458024254 0.12973575260739764 0.061535613705413515
0 0.2890966618918899 0.17313552625251538 0.12865837986948472 0.060723853833747635
0 0.1169165523708902 0.3537464591389151 0.21734797096725728 0.05997228140782828
0 0.927515413270103 0.7791282062980062 0.12824251160728134 0.059559523457228536
0 0.11626908382766006 0.29343246048949784 0.21617518701860983 0.06013028950803609
0 0.9281094458795365 0.29332311867864846 0.12952841481854838 0.06072920982283776
0 0.28876518079128216 0.04507057554392702 0.1273695801387058 0.0774682980996591
0 0.9276995410398574 0.8996640086575389 0.12848687941028225 0.06024817264441288
0 0.9275803104523689 0.04437468168310043 0.12868838629710763 0.0775404959816724
0 0.9283490050815176 0.17323359736689817 0.1296036107368564 0.06057623660925663
0 0.11637773998913635 0.17330709129872945 0.2170793767602509 0.059816097169612795
0 0.9280085031211229 0.5967967743022675 0.12982298895975497 0.05999560629077231
0 0.8010076707409275 0.9606889410051032 0.126274165681219 0.05956764092750421
0 0.2889499049032888 0.9607950846354167 0.12873751353980886 0.059409607139099326
0 0.1165569739661205 0.23409833169545385 0.21570459015611976 0.05782881971160169
0 0.7369297226428185 0.02088794684169267 0.2543377216164761 0.03417422153331613
