0 0.7920027867259596 0.03192707430098031 0.1339984868196833 0.05337749935690795
0 0.9282992574192533 0.03229945396582734 0.13765537338768877 0.05105692326585025
0 0.9295352193333158 0.9717850084697911 0.14072331166107382 0.04603077798560135
0 0.522685364588795 0.030665800438164182 0.13774795020186661 0.053778213811149576
0 0.9280600323773069 0.5971204605834892 0.13636400875629195 0.04683822726611025
0 0.7932531369612522 0.9712673641745482 0.13130239192271392 0.045232048013128176
0 0.6585988294358223 0.030443817999725082 0.1313504212654677 0.05663881417656268
0 0.927935094641359 0.45713565768258574 0.13499501887583892 0.04692287003502611
0 0.9273267912384648 0.4094714741461833 0.13507243930893456 0.046610629201810416
0 0.9282420113582738 0.31594071477096275 0.13439818516673657 0.04681682532820441
0 0.1601994080631525 0.8787710490299443 0.3174540510513639 0.04585356580410079
0 0.5242740963929451 0.9712767038286101 0.13859931894596791 0.045364181716720776
0 0.1600329885946824 0.08166623882894662 0.31401853233375804 0.046560083924546074
0 0.3892569445923671 0.9714527787090627 0.1330111458797583 0.044961163581662904
0 0.9285478015874056 0.503827345431827 0.13562155089922398 0.04613523736368929
0 0.5233536534661414 0.5973679786479655 0.13467125604616714 0.046980493288131704
0 0.9276236463713167 0.5505568570568359 0.1372470215663014 0.04568462490295031
0 0.927811897841076 0.6441978829382236 0.1347969618419673 0.046653950032643984
0 0.7928136275118629 0.45642253546173595 0.13290768821767512 0.04684429287170031
0 0.5228928175548578 0.6441160661900939 0.1339447738340237 0.046965225883152176
0 0.1609596073027425 0.5032121689557895 0.3168522009513522 0.04616260151618083
0 0.7928292959328465 0.5970353525550537 0.13286856836920616 0.046502516674901184
0 0.5233893170452758 0.5034893257748535 0.1331730784985843 0.04579542559597332
0 0.6586997012964031 0.409866479478402 0.13346023047530411 0.046799386712132976
0 0.9282619809144296 0.9257690843251518 0.1364539229629824 0.045873279022268496
0 0.5238217347420302 0.2225867884768933 0.13497771192717073 0.04679183916881352
0 0.927413069961855 0.3630954908288044 0.1351284564741506 0.04602271348726003
0 0.79291129912306 0.40949451310832513 0.13286964365299916 0.046328130514186903
0 0.9277239293860109 0.1755325687867245 0.1357430067638423 0.04497165776860707
0 0.9289240485069736 0.6907548177450945 0.1350589214555369 0.045947789472755504
0 0.6591652479747797 0.9716916119291713 0.13193517083289638 0.044744869600508184
0 0.7925036897595297 0.17564896982581785 0.133912208096293 0.046951767820749224
0 0.5233105653084364 0.36312754204016096 0.1343329512832949 0.04568834697910785
0 0.1600135447794959 0.45660960425232033 0.3146086821220065 0.04677198809597332
0 0.9275608446774067 0.7377297968463261 0.13682453744363465 0.046340468507375776
0 0.9279802565606649 0.2695324389965503 0.1343500534160025 0.045627173968185344
0 0.6583415293853555 0.31583827151746013 0.1329013901268876 0.046517921934553216
0 0.15926371324782404 0.9734298904220781 0.3185274264956481 0.048095289560982496
0 0.9284934741538643 0.8783982555318324 0.13595202145160445 0.04664740193570017
0 0.523817689626809 0.5508739572672572 0.13545472829933936 0.046763613424618856
0 0.7932414368495045 0.8315655079889539 0.13300323486328125 0.046875
0 0.6583996203121723 0.5975585110371965 0.13299719279244443 0.0469141507269904
0 0.5240229408212955 0.45702468467122215 0.13615914159173134 0.04673497411640668
0 0.5237280570420643 0.2693346089255938 0.13475820042142933 0.046429160757296375
0 0.9272165490476877 0.22252059238634156 0.13481529287043834 0.04749460505739165
0 0.39000137380305555 0.222697485778912 0.13505003756324716 0.04591211957624577
0 0.6580970303324244 0.5507005877847526 0.13262212356464975 0.046413359165460896
0 0.5235206552799917 0.17572114536278938 0.13524878585098574 0.04766204678897869
0 0.7922983361570627 0.3631284208636981 0.1341891704789744 0.04703356733704475
0 0.658083205255086 0.3629172964327622 0.13267394200267407 0.04641680553227343
0 0.5239882245159789 0.3161153938728561 0.13411364459351405 0.04667666158993859
0 0.7924896598662307 0.5507932261246735 0.1345751973606596 0.04686118006908173
0 0.7930205684380242 0.08184216508483026 0.13406699775849412 0.04615705286561265
0 0.7933267682990771 0.26908904667428357 0.13300338847525167 0.04621364220867448
0 0.5234535780529047 0.7379297895124577 0.13573542857330118 0.046812551833356864
0 0.9280610564571099 0.8318016530429488 0.1344459072855495 0.046078889266304345
0 0.3886911277002936 0.550832376851664 0.13548145678219378 0.04677219487798207
0 0.5232721879178245 0.1286030558796672 0.135741112216207 0.046264786292172504
0 0.7924558652327365 0.9256717933900337 0.13400703788603713 0.04707640567652456
0 0.9290422273162229 0.12869890364868233 0.13431605396654783 0.0467972758124603
0 0.6580060664439361 0.17565618996429014 0.13297947621185507 0.046781586227546225
0 0.65845266764596 0.7381051061922114 0.13279370813561767 0.04671915529273715
0 0.5232496581621617 0.4095809996834857 0.13583778534959626 0.04687606837371189
0 0.9281125676711934 0.08149252255578152 0.13505359624056207 0.046926385329174904
0 0.9279270556149066 0.7845254270186335 0.13582872224334103 0.04656262131211179
0 0.5236998948474859 0.7848278801701017 0.13483234379915582 0.04641911459803783
0 0.6581057350107486 0.503374010341306 0.13324906521995597 0.046628963873253104
0 0.6585996230976693 0.2693993058465821 0.13292192292693478 0.04577385133972685
0 0.7928183638809512 0.2221403633518316 0.1328881794974308 0.046517611761540095
0 0.15985823300160817 0.9252365517252789 0.31850061515633693 0.04665009010181395
0 0.7927377431984717 0.7845145020358377 0.13334783771694106 0.0464408267089568
0 0.7926546903264601 0.12853619636350402 0.13436106227388317 0.046819789203663184
0 0.6582998749393745 0.22259368982643543 0.13321480975055056 0.04655857183110707
0 0.5237012517532247 0.8788465589268069 0.13345142338899957 0.04586218172113213
0 0.7921550417906486 0.878619787990542 0.13354282251140415 0.04689940027703275
0 0.5239710967812762 0.6907754270186335 0.13347784464791318 0.04594971943817053
0 0.3897247826493026 0.7379294793394444 0.1346621929399119 0.047002033080710055
0 0.6581543531993891 0.9256994677155385 0.1324376355881659 0.04681854851161067
0 0.6587748687539324 0.08196549116723757 0.13148631665530622 0.046158039388112734
0 0.7921351490404781 0.5036060886824623 0.1335441026111577 0.046993175918001825
0 0.6584597593985948 0.6908788869503458 0.13274921186818373 0.04625768677653868
0 0.38845046894662333 0.9257097723523081 0.13502758461356962 0.046822339515104464
0 0.5229771761286179 0.925670173597632 0.13489639999082426 0.04592938587397657
0 0.38997016497106357 0.7849028731119424 0.1358608527471555 0.045751760128458496
0 0.3894155233498388 0.40978078556760833 0.13602112123630192 0.04606886033887987
0 0.6582890964994494 0.6441077259824075 0.13250496883520343 0.046970188651362224
0 0.7931571294797348 0.6440894602383012 0.13339837605521182 0.04670688622688453
0 0.6585171334695497 0.12831419002935754 0.132016533973233 0.045919270787381776
0 0.7927057151026375 0.7380672650846097 0.1313297348534501 0.04660859584539103
0 0.3899284465200949 0.6910841525577004 0.13652811754469904 0.04654980082756917
0 0.16092716287446504 0.5504794344263922 0.3156951577871438 0.047282877512263545
0 0.16106393653274384 0.597756056782891 0.3141974254742565 0.04652029992765386
0 0.5240339496791763 0.08160925099972209 0.1369841402809092 0.047549557376217536
0 0.159926119466756 0.40972176653594367 0.3134874061450062 0.04635122117183089
0 0.6584531796858615 0.87847348971935 0.1326844388206533 0.04629139224396527
0 0.7930750494835361 0.31584314812649983 0.13267465885853608 0.04662513840609119
0 0.6585809848452574 0.45632688155085405 0.131897331084181 0.046892093979390176
0 0.3895916650759294 0.36299353006665547 0.1354433354115326 0.04671402020618648
0 0.5233123574480915 0.8319591864699498 0.1357700424706376 0.04731868526344579
0 0.1601041465397649 0.12814827331508505 0.3148715708079754 0.04576578684138552
0 0.6587549760037621 0.785019601555883 0.13254547119140625 0.04655607321516799
0 0.6590083845509779 0.8317726690980556 0.1327718952358169 0.04673156221326228
0 0.3891383817531919 0.08191971910800858 0.13450092597295774 0.04629173257268801
0 0.3897752825845809 0.31605749491040547 0.13678784978469746 0.046811483459644976
0 0.16100561344728376 0.7372278166132521 0.3220112268945675 0.23411056092448612
0 0.38962842954085175 0.4563972218974979 0.13461188501959678 0.04659804996294467
0 0.3889492854175952 0.1285055840102917 0.1346919168561897 0.0467491903795084
0 0.792546189071348 0.6910890808622423 0.13406274782731228 0.04677154006828768
0 0.3890550728612298 0.1757077303799716 0.1369454044623663 0.0473051582737066
0 0.3892232907698458 0.26913377189959325 0.13417626707345848 0.046196427606445864
0 0.15883427818349544 0.24690133713518136 0.3176685563669909 0.18683822864465696
0 0.38971725566275167 0.8786512877832087 0.1354002472538276 0.046668631555265384
0 0.38982706261961253 0.8317236962256493 0.13534612463624685 0.046697443181818184
0 0.3891308035626507 0.5034879472281285 0.13629111987632392 0.047088640278709064
0 0.15939910209818975 0.36332484654017855 0.31393600490269247 0.04525824040090345
0 0.3893233433665845 0.5974038380946499 0.1365759932754824 0.046153055080110104
0 0.38913257010031066 0.6442659831464391 0.1355682731474806 0.046847360138163464
0 0.16100398326080118 0.04350420193392601 0.32200796652160235 0.026864328836349434
0 0.3875721285007145 0.04396951030298252 0.13502479399610687 0.029412776315905564
0 0.22666813383166423 0.016707921283922234 0.45333626766332846 0.026780295681643782
