0 0.9424646901031397 0.07247506104079374 0.10202334431067626 0.13551647171514458
0 0.939276614023684 0.3671599139133697 0.09966704070756112 0.06195392648910318
0 0.7431541948288397 0.8165028066722378 0.10040225441147477 0.06018521700167136
0 0.5488516870733315 0.36678641183035715 0.09690818425608734 0.06011829738630366
0 0.5495442291163495 0.46989903728530746 0.0953957350096116 0.04832554064864092
0 0.9403048253585864 0.9704051222455576 0.10269675269863959 0.044913284548733286
0 0.5494895959126084 0.42153776035939694 0.09542115027972202 0.04838000410967189
0 0.5489053335099566 0.8167859479459888 0.09662731664037855 0.06017611112332864
0 0.6463770821267498 0.3669569859783218 0.09741008770578667 0.05996132836553263
0 0.7420129384904253 0.6149089257537605 0.09936759298908221 0.05277251660362421
0 0.5493723872332167 0.919924967562456 0.09589566492507887 0.04809690578817734
0 0.6464841583925843 0.9685683549079652 0.09822833425239058 0.04855864254376319
0 0.6466036053486051 0.08702557729550602 0.09640589572653785 0.1104998766411198
0 0.6460940243693932 0.8171401752039716 0.0974642395597151 0.05936886641779557
0 0.7429149639719291 0.5193164028138194 0.09949423612480283 0.04882357206082864
0 0.7426087773560726 0.36651483545162405 0.1000849486149448 0.05814779819861673
0 0.45173143212351513 0.7135951493845114 0.0966567030464437 0.048443229830994895
0 0.5487543581412041 0.7625683456302781 0.09550331669274942 0.04945694603272344
0 0.45230304705983826 0.8168160574776786 0.09629143074107847 0.060462602673073546
0 0.7425833861534527 0.9208438451822001 0.09950044553738663 0.050493212169027094
0 0.453712679986322 0.42189748550619066 0.0985016928110213 0.04827554422226865
0 0.7427768165756852 0.7137526338323583 0.09958848441812894 0.04796865035076531
0 0.9396592871247783 0.8165595466028545 0.09918588343478904 0.056919728761655526
0 0.451752731852727 0.7624848034917092 0.09624279034250542 0.0484067633653677
0 0.3564887302531053 0.8165501830109737 0.09737273496032137 0.06042600735067734
0 0.7427836036080442 0.47122840961883133 0.09957000058532137 0.04666071119315183
0 0.6462450960081082 0.470402201492127 0.09756460099566246 0.047845635088625965
0 0.45408988976704207 0.36687071637147584 0.09844378642855382 0.060019099150301285
0 0.7439846676606863 0.8715392508026918 0.09870799934074331 0.04752529716089022
0 0.7426847584240067 0.9689571587322967 0.09939089032001674 0.04612651398113124
0 0.549740355097533 0.8711741136716001 0.0946261047940901 0.048093040085107314
0 0.7429426175186687 0.7625121640789938 0.09827897225268632 0.048645148388019
0 0.4516056554174574 0.3124889934843145 0.09683008524897722 0.04833196201096279
0 0.45178049370317425 0.616535291463703 0.09661104701670938 0.04801233279545655
0 0.4517944047127612 0.6649445031076816 0.09673311732920938 0.04850027042740587
0 0.8424986830269124 0.9684110207930154 0.09769109972643926 0.04747066189083392
0 0.7430759032818045 0.5666881671344454 0.09858549581341186 0.045831560836888635
0 0.9383528555981369 0.42202690065452375 0.0969592554712145 0.0465760952481747
0 0.5489605202659824 0.5686552086654975 0.0959434629614797 0.05079555310135908
0 0.9387322073855234 0.21562928233995646 0.09800484353435529 0.04808539458347994
0 0.1590188339305601 0.8716113246888194 0.29810997213851015 0.04809415684377199
0 0.5486911569107971 0.968387139338494 0.0956678420587293 0.04879496585811049
0 0.5485653561372487 0.6652884003480163 0.0958813207006605 0.0490610121338406
0 0.5487135396770875 0.2638439954291927 0.09417575390933063 0.048173983612167924
0 0.841531386510807 0.7137423038147103 0.09741129108031842 0.048464018723060345
0 0.45226619973167637 0.47002602563115764 0.09646178043979199 0.048421882559597125
0 0.7435448824043154 0.4219709982929055 0.10002935271157827 0.05257845830950915
0 0.548657606828852 0.6172142163034394 0.0951372982951745 0.046692281101557
0 0.5490250452083744 0.3125134762704247 0.09429873878647477 0.04842156041767462
0 0.7441115274038225 0.0864641027161976 0.09656565572937206 0.11085853335053715
0 0.3567837856545434 0.2641053491709184 0.0950804749497856 0.04850722869293191
0 0.45175344184370075 0.26368423451176 0.09711145828198936 0.048241075036560964
0 0.35695045302718964 0.7628087064567207 0.09572341389460519 0.0481934624604152
0 0.45194107200069006 0.9681490120293808 0.09639155150211948 0.047866853503254744
0 0.9388464316960764 0.264278489716199 0.09681388782777997 0.04758878059575123
0 0.4529253360976932 0.8712931343739002 0.0970112412509858 0.04844035202982055
0 0.6454748400378303 0.6171989467763129 0.0963312865055698 0.05075371760369018
0 0.6452874986907285 0.5191735006569977 0.09638558276444203 0.04885655939369283
0 0.8420383200660488 0.81672560002584 0.09720243339658911 0.05991710901763723
0 0.5486876189896737 0.5187773949490895 0.09532035562894321 0.04941407968090253
0 0.45390890223746794 0.5188006106436379 0.09893562966716779 0.04954297940215957
0 0.6452131060771762 0.7627748600787299 0.09737827048316738 0.0489849866401302
0 0.35643356756457023 0.36697046224874647 0.09724893178849565 0.06095724085701091
0 0.3565245667466606 0.4221759020317448 0.09518158247794263 0.047655743163375265
0 0.8410018295143682 0.6159257989463296 0.09631338029253746 0.05095653815809729
0 0.4518208308174783 0.2150577488791179 0.09666794256457019 0.04790463001270012
0 0.5486757537167908 0.7138891361029864 0.09446677800608734 0.04796727587856263
0 0.15288785579452754 0.3897911785858605 0.3057757115890551 0.20954350599682223
0 0.35625746573559497 0.6157713641086823 0.09546143925904475 0.050250617825255105
0 0.7429241577533517 0.6650988090885599 0.09816484421209581 0.047847181369853976
0 0.9395751953125 0.9209180237288881 0.098532691738959 0.05068744227216749
0 0.6454412899558852 0.6660231201687301 0.09662057774300079 0.0474198493715913
0 0.5487240812379856 0.21547851992022563 0.09596493116312599 0.04825149095872185
0 0.8422623402688783 0.9201832824320461 0.09804768366768533 0.04902381547985574
0 0.1585675207222298 0.9687978058612993 0.3007854580503157 0.04846225768055066
0 0.8414336484313388 0.2153415773889701 0.09639261047170741 0.047844539806089464
0 0.15901826007133027 0.9203734750230912 0.29876161599384876 0.049022269198627726
0 0.3567313666599406 0.967944688146002 0.09548557895215151 0.047874842622932796
0 0.8415161036542537 0.6653152884604812 0.09764132815580638 0.04824122536945813
0 0.9396028729267301 0.3122644713023949 0.09892614707585765 0.04714903539540816
0 0.1579706563558488 0.1673571742981945 0.2985352732781732 0.04784902831687631
0 0.840953213183286 0.08605518391053556 0.093250647704308 0.11034620401159509
0 0.6460263225182373 0.8715308321604504 0.09703290199255718 0.04887313896463758
0 0.9397225846251479 0.7632652030370337 0.09933365782728706 0.04988629678703378
0 0.9385337949927296 0.7139717762441723 0.0975673928245761 0.048385630855251584
0 0.6463525092188117 0.42192583399537076 0.09735256640316937 0.049230286976051196
0 0.7428576592767278 0.2643422201265339 0.10018742799006802 0.048307908747415994
0 0.842151870486864 0.26373771007089525 0.0974235655005422 0.04816685353761656
0 0.6456081498684567 0.7142195248587043 0.0964771836337983 0.04843287833721851
0 0.939793102372708 0.8706102794027093 0.09645162395874408 0.048099482923557355
0 0.7431026903988811 0.3130852030164167 0.09948826738712539 0.04867620286934817
0 0.1535989779403157 0.6397980402088098 0.3071979558806314 0.19681041698737683
0 0.8416529995409847 0.518964795643473 0.09708565793202878 0.04917964626583392
0 0.35647102861374336 0.21559626279290003 0.09596225967166552 0.047936586491412296
0 0.8423175029574133 0.3128236130372812 0.09701894284798895 0.04825146948259369
0 0.3567315953011017 0.6651930463389558 0.0958697201701745 0.048015983737244895
0 0.6457100756912953 0.2640769040391615 0.09724421456033124 0.04951521076843992
0 0.6456247805044854 0.5671730122039387 0.09609186310873423 0.04715242862365852
0 0.8416004842764195 0.4215174654182794 0.09598307805106467 0.04853759593815974
0 0.841281373418092 0.7623863569201926 0.0967154517910834 0.048427036830357144
0 0.7429852891795643 0.2153055404459063 0.09917115413052051 0.04883785368605955
0 0.6459724594741965 0.92013332895793 0.09629730320879337 0.048511910488872274
0 0.15873430316756576 0.8172110034746658 0.2978481757528022 0.059139415464461643
0 0.35720926278773163 0.46996756761028763 0.09443746380249408 0.04883310746173469
0 0.4519101091739883 0.5683232521524235 0.09677376732089166 0.04969558876891274
0 0.3569998154504818 0.9198451193179318 0.09448783706039285 0.048614136858946166
0 0.4522228902822789 0.9199521133884587 0.09690681240912115 0.048878121426372274
0 0.355973637818538 0.31251038370796863 0.09499664787990439 0.04841365720250924
0 0.6452910606793425 0.21519027806603513 0.09594591784552446 0.048180254641592625
0 0.35706085060673176 0.518778103661319 0.09425881081951154 0.049294285837988214
0 0.6453058862535735 0.31302359874277025 0.09652517421012421 0.04720678470404865
0 0.9383452984060776 0.47018131951393166 0.09722120603928432 0.04786586560135908
0 0.35700722823759734 0.8710732617737288 0.09561381054225404 0.047584141752067204
0 0.15656008517328496 0.519651902888041 0.29945234018921474 0.04761979212482407
0 0.938512760005915 0.5188365616821891 0.09806096892251577 0.04855602245612685
0 0.15780927856637852 0.7627658401048997 0.29861586176634586 0.049315375395847995
0 0.3571212600082253 0.5676127144520254 0.09373308055408369 0.048390742173755275
0 0.45352478508693567 0.08641299624245072 0.09378663072074625 0.11152657784684118
0 0.35625187004402237 0.7136518893151279 0.09533958555396045 0.0486951877666476
0 0.15834437935886325 0.21527915702245337 0.2977220267527487 0.04752048650818086
0 0.5487087983814324 0.08706754970349198 0.09119874972274251 0.11086744594372636
0 0.15282501508290836 0.08658215430821439 0.30480839199260207 0.10893170050044533
0 0.3551962699047775 0.08692675489174657 0.10017407053276567 0.11095025252490544
0 0.9380713140926903 0.6662846994098017 0.09585186209212342 0.04634990866632213
0 0.8419251787925746 0.8713658525438731 0.09693600627526124 0.04817447756311576
0 0.8411189178563068 0.567323452481747 0.0959971816005767 0.04784357338032195
0 0.8416873197826301 0.4706472011622537 0.09710731867360016 0.04738046215253343
0 0.8411803862273881 0.36752735972823936 0.09797755099997535 0.06049726514393473
0 0.5486709642861544 0.16712007247420113 0.0953405723210765 0.04786398644014449
0 0.15776935435996073 0.2641303366460404 0.29928825179861174 0.04777392629667707
0 0.7425727483225922 0.16673379209492928 0.09933274326264292 0.04812962466943944
0 0.8412296283132271 0.16713503596650134 0.09647833887334878 0.0481438740804781
0 0.9374183630717664 0.1669510714526247 0.0990637168523265 0.04925822741879618
0 0.4518903136629411 0.16696401618887718 0.09690211924844735 0.04776534658347444
0 0.3569564458323578 0.16735432871121236 0.09522064401524301 0.04695538514772827
0 0.6459022305365241 0.16729155935761292 0.09724873924857057 0.04749275008865346
0 0.9377685450605039 0.6178764756677186 0.09672117985385449 0.0498769761474094
0 0.9380679446440015 0.5672625032300097 0.0980266005458892 0.04756068982010908
0 0.44748674640729064 0.016493055555555556 0.8832999255169998 0.022569444444444448
