0 0.102280272379659 0.4878171296330141 0.1875057205069697 0.11324641636439728
0 0.10278928075517924 0.3706996749729498 0.1872572577658227 0.12396234694645766
0 0.10162939662025085 0.7706865178677174 0.18497836612519758 0.4522659800713714
0 0.10381239799686978 0.17756003243582594 0.1874407949793934 0.25647670200892864
0 0.8225061035156251 0.9415972028459823 0.10940755208333335 0.10990234375
0 0.7107512265159971 0.48746161324637277 0.1192946079799107 0.11003099714006696
0 0.9300603957403274 0.9417214529854911 0.10996221633184523 0.10999703543526787
0 0.8225732712518601 0.48735881260463165 0.10919032505580357 0.10913587297712053
0 0.9299310012090775 0.5970655822753905 0.10890636625744048 0.10897421700613838
0 0.9297040957496279 0.487353755405971 0.10952944800967263 0.10905469621930804
0 0.9300481596447173 0.7070329066685268 0.10868739536830357 0.10929007393973214
0 0.589928705124628 0.5972713143484933 0.11911615280877977 0.10943171909877232
0 0.7113486153738839 0.7072477286202568 0.11814644949776784 0.11026144845145089
0 0.3637362107830373 0.8256136079044987 0.12002513702767507 0.12579130400127042
0 0.5898272995721726 0.9418587820870536 0.11946149553571427 0.11034319196428571
0 0.5905144973028273 0.7073362949916295 0.12035481770833334 0.11007803780691966
0 0.36416585286458314 0.17836798214109317 0.12259486607142854 0.25700040999577456
0 0.24981042044503346 0.48747205461774556 0.1057857695079985 0.10885707310267857
0 0.36455070858909977 0.369216186203885 0.11686224074590773 0.12086232276522126
0 0.24980497814360117 0.9417849731445312 0.10618425641741071 0.10966805594308035
0 0.3632307652064732 0.941821812220982 0.12106579008556548 0.10987758091517857
0 0.5901315743582589 0.4875789969308036 0.11956851050967261 0.10976588657924106
0 0.36322099958147325 0.707360142299107 0.12161731538318453 0.109776611328125
0 0.7093553524925595 0.9417762102399554 0.12116176060267855 0.11135219029017857
0 0.36443182082403275 0.48916128976004464 0.11453851609002977 0.11107142857142857
0 0.7103883579799107 0.5975502668108259 0.11982154482886904 0.11099766322544642
0 0.4756136648995536 0.48760879516601563 0.10736386253720238 0.10890611921037946
0 0.47615234375 0.7072957720075336 0.10690976097470237 0.10906882149832589
0 0.8229990059988839 0.3706461879185268 0.10840640113467263 0.12352573939732144
0 0.5894449579148064 0.3697698991614356 0.12040870303199401 0.12036115033784293
0 0.9304544212704613 0.3706265149797712 0.10775280180431547 0.1234108407156808
0 0.36311054048084074 0.5974470955984933 0.12109087262834821 0.11010859898158482
0 0.5891423107328868 0.8249010090567652 0.12091110956101186 0.12536765962084415
0 0.47582800002325143 0.5973819623674664 0.1071136474609375 0.1086940656389509
0 0.7082511393229166 0.37092370169503347 0.12213297526041667 0.11947976248604912
0 0.9305172002883184 0.8249509538922992 0.10829316638764881 0.12413408551897322
0 0.4760239955357143 0.9420863124302457 0.10731898716517857 0.10962271554129463
0 0.8264178139714996 0.1784065323817461 0.10546864103021542 0.25766758964839725
0 0.7101670910063252 0.17928923960235765 0.12111438569568465 0.25626847292681354
0 0.24941273280552456 0.3706407383510044 0.1058343069893973 0.12107099260602679
0 0.7114229498897296 0.8251344970269494 0.11819390676815894 0.12315438066708445
0 0.47832220350532145 0.8250907261006094 0.10764305113667773 0.1255617816157445
0 0.47989875430152507 0.36904822133421 0.10776527041480655 0.12328914257153523
0 0.47923262823195645 0.17838344983688859 0.10391825358072912 0.25660837085293614
0 0.823312523251488 0.71532339960272 0.10790829613095233 0.3421276864822264
0 0.9311342592592592 0.17881945299889906 0.1053240740740742 0.2569444615533537
0 0.5896990740740741 0.1545138888888889 0.1168981481481481 0.3055555555555556
0 0.2679398148148148 0.024739583333333336 0.5219907407407408 0.04774305555555556
0 0.2488425925925926 0.17881944444444448 0.10416666666666664 0.2569444444444445
0 0.8171296296296297 0.025607638888888888 0.3310185185185185 0.04774305555555555
0 0.2505787037037037 0.71484375 0.10532407407407413 0.34288194444444436
