0 0.6804990034836987 0.17936206600482113 0.1220060495229868 0.20449246343979824
0 0.9234696901761569 0.6428140576344109 0.12271135770357572 0.13276196030712634
0 0.6804259373591496 0.6432662237258184 0.12122738177959735 0.13362764765556107
0 0.9235380026010367 0.7801456350498098 0.12334025456355169 0.1362610939739032
0 0.6810392819918119 0.7800659502624836 0.12326501699594351 0.13864507120122355
0 0.6804475344144382 0.3603645069048308 0.12143079317533052 0.15358388318796848
0 0.9234514089731068 0.917492013759714 0.12111593393179086 0.13593288199611442
0 0.43854201390193054 0.6431273068490273 0.1194627908559946 0.1334469103939319
0 0.4377514619093673 0.18031269106279452 0.12096572289100058 0.20682662450857373
0 0.4387687683105469 0.7800766879288608 0.119873046875 0.13797653709559635
0 0.9231797144963191 0.5073703315102445 0.12051749596228965 0.13739253183731537
0 0.6801657163179837 0.5076321260428723 0.12092514038085937 0.1376299984240658
0 0.9231718210073617 0.3610301076630016 0.12206092247596154 0.15409503916583994
0 0.6806435218224158 0.9175950038580247 0.12171243520883414 0.13635749076829806
0 0.5605822016701433 0.17965614662975674 0.11930202262876427 0.2056278554589664
0 0.5611427600567158 0.6423594964244379 0.11709671020507813 0.13228514333250663
0 0.43822204883281995 0.36065305141334597 0.11973275404710035 0.15284085820381393
0 0.5611195490910458 0.507435322648844 0.11723268949068508 0.1381453525872878
0 0.8023585099440353 0.6420158372774748 0.1156008793757512 0.13191914768656304
0 0.5608489403357872 0.7806304178120178 0.11729454627403847 0.13620770166790674
0 0.8008742649826786 0.17932007131963387 0.12007095151751532 0.20625562180076748
0 0.4383663617647611 0.9176734238074569 0.11982031602125902 0.13497779482886904
0 0.8025548494779148 0.5075339665488592 0.11631786639873798 0.13773438791749337
0 0.80268434377817 0.9173616278108466 0.11643964327298678 0.13605285321593916
0 0.5610018803523137 0.9171309429081238 0.11804833045372597 0.13591980303406084
0 0.4382285044743464 0.5076063314232666 0.11994954622708834 0.1373981563292273
0 0.9237322244365547 0.14874447334951352 0.11812767286154918 0.2681786597078472
0 0.8015436294489717 0.35906446884128373 0.11831213638450948 0.15023631477692342
0 0.8022530482365535 0.7803812178354415 0.11538807795597955 0.1358394454606206
0 0.561450928908128 0.3595551182984045 0.1175393324631911 0.1528676620025904
0 0.19388089397693012 0.3594692035116634 0.3652112110320153 0.15476973599227026
0 0.19409851280544677 0.7120934969616743 0.3664218098383256 0.272473617600598
0 0.19421871476362676 0.1492256356546598 0.3683503873948509 0.2673455371249725
0 0.1936693053044766 0.5066359316440691 0.3644214907094059 0.13957308545524677
0 0.19363876842537567 0.9177254252727919 0.3655739200114766 0.13816714105484104
0 0.6199669471153847 0.04600694444444445 0.4827223557692309 0.05729166666666666
