0 0.4246901754123062 0.7608199091682657 0.1186280037040141 0.150810435036702
0 0.7327728271484375 0.6094738995587384 0.09712811370394123 0.14905469273498417
0 0.4248898491930606 0.9132508395010965 0.11791915324196886 0.15191555209094787
0 0.8314213823916308 0.45850025794194693 0.09509613264852496 0.14858931454069202
0 0.8323806648823752 0.6096122994525159 0.09691836229011194 0.1495257818210892
0 0.42664934983894015 0.2263780808719809 0.11586670377361243 0.30936933579576337
0 0.7329044342041016 0.7611502188223379 0.09667678377521571 0.14924452039930555
0 0.8311413722251778 0.9148158023231907 0.09476852416992188 0.1501022249634503
0 0.30696215413784694 0.7606721781412905 0.11214102849261315 0.15038505019400902
0 0.7332099800679223 0.45813849376656157 0.09581950173449162 0.14888214646724232
0 0.7333103578482101 0.9145518222979868 0.09577144793610075 0.15007967883848075
0 0.8319865554126342 0.7605742813318561 0.09554074415520056 0.14875332421494275
0 0.6319584917666308 0.6093284205386513 0.10317110659471199 0.148810373644615
0 0.13187464382101982 0.1899355100288275 0.23460310475388965 0.379871020057655
0 0.30753342073355144 0.9144015842013888 0.11111908528342176 0.15144083420900342
0 0.4257499758534405 0.534703303245386 0.11787725284652366 0.3024931460139502
0 0.9324494831597627 0.609123274596811 0.10107188438301656 0.14905374091968202
0 0.6326546455497172 0.7614632768240588 0.1018712627353953 0.1479405929238243
0 0.13050559229456873 0.7608646021079193 0.2380991369112707 0.1537907219424467
0 0.1307488351819997 0.5325239711531905 0.2367162542147669 0.3051508478177722
0 0.9319624544969247 0.45840036195156403 0.10118188431013878 0.14884550157810977
0 0.6324576192827367 0.9126091375220821 0.10165234466097248 0.14926581726669103
0 0.9318280291201464 0.9149803473935489 0.10098613909821012 0.1499983581186038
0 0.7338661079976103 0.225795306849078 0.09498334286817861 0.30756727613876295
0 0.9323110722783787 0.7602460835179855 0.10123825073242188 0.1487084699188292
0 0.8308344847549449 0.22623224343992207 0.09965521553412908 0.31018713551532195
0 0.6328461775139196 0.45620364659478563 0.10119190500743354 0.14867819029452972
0 0.1305497146887637 0.9144204717862908 0.23893792049420784 0.15372096725374632
0 0.3066540717393482 0.5355239868403183 0.11415473894755154 0.3041311223618014
0 0.3070362396523324 0.2255997491436024 0.11479056782540606 0.30879507957984614
0 0.5313591743583109 0.6095900507698283 0.09598148402883046 0.1498640331840887
0 0.6320723874559915 0.2259728683744629 0.10349969165896886 0.30708108369512177
0 0.9329901737953271 0.22537313494222874 0.10139317299003019 0.3075672668586367
0 0.5315272203132287 0.9125042593734771 0.09636449102145522 0.1495030572307505
0 0.5315866612676364 0.4560688308805053 0.09647426320545709 0.14895995736819262
0 0.5318424737275537 0.7621330573544866 0.09690777223501632 0.14689954493710405
0 0.5315294123407636 0.22727383632912918 0.09834386341607408 0.3084011474741773
0 0.6152125116604479 0.035590277777777776 0.7302792677238807 0.0625
