0 0.1886248332827073 0.5624703711399939 0.3590086140313486 0.4369572306647139
0 0.8731529385435816 0.1001894237189893 0.20511298086128982 0.05395549748907026
0 0.6693457435159123 0.9677919501500414 0.19687704946480544 0.053458066018211924
0 0.6699930078843062 0.7514017067208196 0.2014113781498928 0.054181110306291386
0 0.6699779734892003 0.09998038841399136 0.19952616972081802 0.053783608746054944
0 0.8732152452655866 0.20924110665226614 0.20389212814031862 0.05541984103373345
0 0.8713889402501723 0.15488189293059293 0.20519009758444395 0.053900449639124576
0 0.8748910567339729 0.7514739788131208 0.2080687728582644 0.05486470405629139
0 0.6695238749186199 0.5341315263154491 0.19893721038219975 0.05517008194070778
0 0.6694621852799959 0.3718087910026904 0.19836257485782402 0.05502299125620861
0 0.8735925637039483 0.5341280501409872 0.20644610535864735 0.05503491534302566
0 0.8726629369399127 0.8061284147350993 0.20768004772709867 0.053874236858443704
0 0.8722141116273169 0.861041259765625 0.20403117759554995 0.05411942841990894
0 0.8741606170055914 0.6976466298892798 0.20567950080422792 0.05415782802152318
0 0.4667112500059838 0.10028230022910414 0.20308861078000537 0.052999024043809496
0 0.6697035209805358 0.4262325261602339 0.2005147372975069 0.05435875898954884
0 0.669859063391592 0.1547623388025145 0.1989733752082376 0.05407953325486341
0 0.6706838607788086 0.20919847298931604 0.20027635611739814 0.05549564993144661
0 0.8736189299938725 0.480514890152887 0.20633951822916663 0.05271129481839818
0 0.4670526467117609 0.9678237611884313 0.2015405542710248 0.053179567854925495
0 0.46593452902401195 0.20927286716486443 0.2014324711818321 0.0555517133498034
0 0.8736645567650888 0.6436572548569433 0.20882221296721817 0.05438705343284354
0 0.6694430930941713 0.9146639186025455 0.19814898920994178 0.052909072977028154
0 0.6702337078019684 0.48044528582238205 0.20112953934015013 0.05297968782336507
0 0.6690675324084713 0.8061141866721855 0.19908306645412072 0.054118215800910606
0 0.669794849320954 0.860689721518005 0.19849564047420723 0.05535541054428808
0 0.8777935551662072 0.9681959139590233 0.21557946298636643 0.053097028921771525
0 0.8740588543461818 0.5887784035790046 0.2086156957289752 0.05429093316690811
0 0.6703718970803654 0.6437836703875207 0.19941060683306525 0.05470067712644868
0 0.669598429810767 0.5888915005109169 0.19890613181918276 0.05391979091214818
0 0.6708868812112248 0.048825546921483734 0.2012338825300628 0.04980905545468362
0 0.4682689928540997 0.48038014797185424 0.19626269621007583 0.05267293563741722
0 0.6704828785915001 0.6976993181847578 0.19971043455834483 0.05418325259985513
0 0.8725973765055337 0.9149644864316018 0.20584024167528342 0.05365669301014073
0 0.8716598585540174 0.31754154432688325 0.20447861914541207 0.054080462929428814
0 0.1857087325816061 0.8063179066639072 0.3532264665061352 0.053194361806705295
0 0.8743288002762141 0.4263299398864342 0.2061129551307828 0.05459635147195778
0 0.6699091967414407 0.3175315301149886 0.20005267274145985 0.05416362838239859
0 0.6707208670821845 0.2632531172392384 0.20095615760952817 0.052747147920115894
0 0.4673989800845875 0.42628426457082985 0.19953331292844287 0.05374048498292632
0 0.467121535656499 0.9148053503983857 0.2016425787233839 0.0531494140625
0 0.8744822483436734 0.3717116400106063 0.20736858891505822 0.054555526632346855
0 0.4663439918966854 0.8610343882579677 0.2036865458768957 0.05420964727338576
0 0.8753844616459865 0.03883132350365847 0.21222956040326288 0.06908139014086187
0 0.46636011086258233 0.31736622993519764 0.2016471787994983 0.05399762084152525
0 0.46733323265524473 0.26297692305204884 0.19910412208706724 0.05243663661527318
0 0.8725963293337354 0.2631760856173686 0.20240656534830725 0.05302853615868171
0 0.18582044103566336 0.15484128535188588 0.3542164973184174 0.05338428825732098
0 0.4666481953041226 0.1547405470285984 0.20344075969621248 0.05393685852454987
0 0.4680517234054266 0.5341824563133796 0.197478874056947 0.055316566315707784
0 0.46587323207481235 0.3717700478256933 0.2015345704321768 0.05534429487013659
0 0.46602041581097764 0.0481678779551525 0.20074661105286842 0.05196515266468984
0 0.4682025909423828 0.6976005503673427 0.19609989839441636 0.05427343103269868
0 0.18576301312914084 0.2095113994269971 0.3549239775713752 0.054207100773489246
0 0.46876331404143684 0.6437816089352235 0.19732456581265317 0.05408353489755795
0 0.18502915752869026 0.10007266114089662 0.3547670017270481 0.05393946565539632
0 0.4664997026032093 0.8060281715645695 0.20139664294672946 0.0538997826986755
0 0.18598426761580447 0.8607203603580297 0.3531384707665911 0.05469186542839404
0 0.18603490439115786 0.2628529529697847 0.3542389764505274 0.05244670135295944
0 0.1853746920824051 0.9679472058024627 0.3555214036913479 0.053691131389693704
0 0.18526983787031737 0.9147003375931291 0.3549705661979376 0.05307212981167218
0 0.18663053243767982 0.31687965645695365 0.3538413269847047 0.05412492562603477
0 0.4671783821255553 0.75144289534613 0.19997630399816177 0.05336889810120034
0 0.4674935621373794 0.5888129227998241 0.20022265116373694 0.05466070112013659
0 0.39934084034461187 0.01193385374861837 0.7570576144628586 0.023781388050673022
0 0.1847962921156603 0.048278164389907126 0.3546764599341972 0.05017896740641815
