0 0.12001977292591072 0.3916472055055934 0.20998099994840383 0.07181452940783184
0 0.11997986020806618 0.8917810227518436 0.21016885297800603 0.0716061963708576
0 0.1196739017624104 0.24851105114185973 0.21108571401809606 0.07228983012933585
0 0.11959077058752303 0.10635753278739245 0.21187622587866303 0.07221773707423866
0 0.5103916407083877 0.3919832211554875 0.19155246799765774 0.07125087663021212
0 0.32169860318670696 0.8915765794280317 0.1926407063029975 0.07183975697605609
0 0.32175094488675954 0.3915344371642843 0.19265745622609554 0.07205855889817006
0 0.5103176920418495 0.8919889779309678 0.19152999964791864 0.07098508697309723
0 0.5103460525425834 0.7488009903609796 0.19161283721055206 0.07192137427166788
0 0.5104348546413588 0.5337920053458439 0.19176982611813626 0.07203090859431902
0 0.3215853566236695 0.7482929271411827 0.19369088449785787 0.07273959210556263
0 0.8966897750941354 0.7483615639082984 0.19223769475658206 0.07310553631987436
0 0.5105850972532096 0.6758937849585192 0.19175227995841734 0.0723519099514066
0 0.3215094680351822 0.24846414120112206 0.19295915752027248 0.07241134476852695
0 0.5106385174919578 0.10670914618706756 0.19205183865223258 0.07213824245066688
0 0.3217421573298706 0.5338053637321899 0.19310824196976548 0.07190345936418882
0 0.3219649226208566 0.10657636804990497 0.19467021211048682 0.07211307044977354
0 0.3220206664228349 0.675996673428396 0.19274440526509873 0.07227993914443737
0 0.5104017746290175 0.6060123318577021 0.1923089796496976 0.07161926580708303
0 0.12061907082400239 0.17643267137676108 0.20932894096881205 0.071948591150338
0 0.8961708025416567 0.8917407475504143 0.19050485223701374 0.072191920492307
0 0.32214079681338575 0.17632727126352823 0.1923598374542294 0.07174988237507397
0 0.8966968398845172 0.676036059552531 0.19056692973938566 0.07235364365213037
0 0.5102640401706298 0.24899396458769577 0.19124399145368834 0.07137299139657684
0 0.8960832165133569 0.39168512465219296 0.19136264518723314 0.07231721370999863
0 0.7040833793509843 0.748580654780533 0.191650390625 0.07254448409334031
0 0.32143881289284865 0.6057390517243832 0.19436529691576732 0.07161477596674709
0 0.8961472339376779 0.5338425049361571 0.19043686810661764 0.07211323715176621
0 0.7034670342982834 0.8918633513092908 0.19170291328792102 0.0715169330105153
0 0.8970632535004299 0.10661759345269256 0.19328403653863263 0.07262252285284278
0 0.5105282749125356 0.1762219656147578 0.19135227963413187 0.07199374516341953
0 0.11913404609491973 0.9628368358236982 0.2130273008256076 0.07140517599462855
0 0.7038021485764794 0.5339210104612391 0.19301881735872273 0.07204193315276766
0 0.7041724999444082 0.6758552656847461 0.19265868677360057 0.07229256404201566
0 0.7035753224787268 0.39193254374971553 0.1917481974361065 0.07191083870573106
0 0.7042362278281398 0.2486821651806036 0.1920434130210804 0.07217431676188092
0 0.7035511168854512 0.17604887337903427 0.19223288838279767 0.07193851123651447
0 0.5105084413821602 0.9630871999897578 0.19207225126378677 0.07149408372405316
0 0.8967801696661527 0.17649946886522444 0.19084361472663663 0.07202592976147124
0 0.8962326194574983 0.2485167634634753 0.19083220682741342 0.07237744869668382
0 0.7041977189297469 0.1064915500760339 0.1903937265587939 0.07208344194894278
0 0.32279525988468405 0.050537905377015004 0.19579607621542192 0.04098282638294195
0 0.7045604843342328 0.6058405621244538 0.19144389027662478 0.07137512518208303
0 0.896453857421875 0.6058984855101738 0.1915919034259369 0.07170390596549527
0 0.3217189578901432 0.9628036732406227 0.19510556534074064 0.07170070528723597
0 0.5102210868241891 0.46264606206328523 0.19208131388423566 0.07096112634001729
0 0.3225818684702806 0.8190210707762426 0.19272578780519894 0.0709578812078933
0 0.5111915979258703 0.8187985347294929 0.191140596509206 0.07089208948811908
0 0.3224542534554932 0.31888925395390455 0.1923288566111613 0.07060671790359842
0 0.5107677105029574 0.31879246677695966 0.19138079938218985 0.07075917243262927
0 0.12063776338349257 0.8191899065544201 0.20871962632354793 0.07075979478673525
0 0.3214403619350021 0.4624456640411621 0.19473008910437917 0.07124109677997542
0 0.12124000961911748 0.036516318942887545 0.20973808172757985 0.06677172154470334
0 0.7057587191094936 0.049822505164650005 0.19164367328332543 0.040470159409780694
0 0.12031433478252258 0.3191486089141023 0.20912353001690456 0.07048702587286053
0 0.7036567412924722 0.8194326246557493 0.1969319005166331 0.07288593422819556
0 0.8966040131715488 0.8189072688825791 0.19147064382708728 0.0707628176495357
0 0.8967252148622806 0.962933745248771 0.19378523129892078 0.07173395677804079
0 0.7047977338932045 0.9626288361907092 0.19049651346803842 0.07118655188797342
0 0.8962161735520192 0.46243255015107204 0.192939135788514 0.0712352288698334
0 0.5127556817128943 0.04976202846007546 0.1898023688589599 0.040640790012745814
0 0.7044235316354365 0.318476888791367 0.19172370230224145 0.07068137816938273
0 0.7044615483148274 0.46243979613102015 0.19051104840562735 0.07069707038362619
0 0.8969048458439576 0.3190485210377026 0.19144551170392549 0.07052458938854242
0 0.8968098186225094 0.05009423913698689 0.1904044395606025 0.039868190179145516
0 0.11946328858044378 0.6048202410025597 0.20966815496079141 0.3568611019124839
0 0.6106202561669828 0.016927083333333336 0.7689292114695339 0.025173611111111112
