0 0.16460636840240783 0.2415674382990057 0.31820907298232953 0.04139047749616002
0 0.16391893957612513 0.4051165885643214 0.31880071405974375 0.040507804004458456
0 0.1649420579805199 0.2007031334955415 0.31620297010036463 0.04011345158560788
0 0.16091305321900295 0.32278847248464004 0.32177998713265876 0.04193707267426054
0 0.16354621770186895 0.48666441570213953 0.31885556386587816 0.04042205213204111
0 0.16563380182485946 0.28193671851637264 0.31996819013745237 0.04048271560834874
0 0.1629998600343631 0.610090483889055 0.32047308983906286 0.04139643764952153
0 0.16205594694873132 0.3644188295607465 0.3202947893604413 0.04137344659022945
0 0.16261521056418826 0.9771852231948672 0.3192107536159891 0.040683449325793826
0 0.16233533630785044 0.5693366808598846 0.3173129964551464 0.040729537638647235
0 0.1653658957632635 0.44599879373929563 0.3175238257457498 0.040381300081217375
0 0.16080699022703857 0.07773438429199857 0.32161398045407713 0.043386478432368696
0 0.39005348320198374 0.5693342914888266 0.12599773120402494 0.040334707345585044
0 0.391103346479158 0.029298598064241742 0.13030241646233306 0.054595328559560216
0 0.16107838328473753 0.12002763586388614 0.32101000633980076 0.0415740542019798
0 0.1650621194473292 0.028408436580241482 0.31787388949641004 0.05426945412558232
0 0.6516166521432205 0.8146814426788822 0.13388948010681864 0.04213363826663767
0 0.6518428337593908 0.7730640147550567 0.13402831216089314 0.041748046875
0 0.7822301797755373 0.773089766865349 0.1260678604966611 0.04238149569106133
0 0.3919132595667258 0.8963931806712837 0.13069094242357054 0.040275185457671815
0 0.7816386023825517 0.4457362416828648 0.1283579015970628 0.039722444286238584
0 0.520702355692104 0.7730433599696879 0.12945174534054152 0.04235123032432579
0 0.16151743344985248 0.7919741561554328 0.32303486689970495 0.3268221458730107
0 0.7823773417528563 0.8957784485951773 0.1270029007492957 0.03990387719524793
0 0.16341589368842477 0.1605726709154286 0.32059506621703077 0.03981418286058477
0 0.519632406346189 0.6098414583276697 0.1252038411186613 0.041403871248368855
0 0.5207480556379773 0.8958188820631932 0.12370710420688127 0.040293875649059376
0 0.7817687478805823 0.8146467702499729 0.12739066249739148 0.04150199475315355
0 0.3897597324072021 0.32343005843658246 0.12818274394498644 0.039766488359408984
0 0.39016531305838503 0.8546615408108823 0.12635884738724698 0.04134137592091671
0 0.6506160933505712 0.3233449835526316 0.13639609921157658 0.039528480453458026
0 0.38952696582112767 0.07778338631011446 0.12888069980729602 0.04276196320920781
0 0.16297862844196506 0.5279964199787951 0.3166417056610668 0.042267230657351024
0 0.3902538853615074 0.6103501288773652 0.12732241826383817 0.040822032847161814
0 0.7830771062529345 0.282440650146803 0.1228490456913867 0.0418148961674913
0 0.3904689349395803 0.7737943392932389 0.12632537485164075 0.04268207857016638
0 0.3894734199536663 0.28289157756259514 0.12602172749667415 0.040884899854556324
0 0.7805249655187031 0.40503023934913956 0.12535958775693865 0.04038172485829437
0 0.7804080409080238 0.527178856848426 0.12840166553631052 0.0410037843389789
0 0.6495628293249166 0.6105136680520062 0.1353412303383243 0.040788581652348846
0 0.5203869394547553 0.4861872583018432 0.1258509768070482 0.04115293419013702
0 0.5282060626353167 0.02979396363350037 0.13854262108396806 0.05650062133769151
0 0.6508419692814847 0.12098054359041126 0.13801607822934056 0.04232545830260779
0 0.39192524497616477 0.44598691325542356 0.1320095412520216 0.03997380612154741
0 0.5203816154365348 0.3225244469827235 0.1260668415458055 0.04123486306886146
0 0.3902645843454912 0.4866411591571743 0.12955330926707273 0.040227929007856676
0 0.7813965760805769 0.6506415089610971 0.12879110855331802 0.03975032028191605
0 0.7807367289802666 0.6909911366015116 0.12563118910749688 0.040446848493910406
0 0.3923451800975258 0.7321782918949136 0.12977462539290746 0.03989734624768921
0 0.5199594895708342 0.5687873113565001 0.1276902849964785 0.040504565079246414
0 0.3894431061657124 0.5274342540659662 0.12624987059324133 0.04112452722311331
0 0.9108219815415015 0.4864373723544883 0.12815477374400042 0.04037235321403328
0 0.9096302166208003 0.7730337759368884 0.12969114784406302 0.04275588358729339
0 0.38940297223888776 0.11884650669703539 0.12585062017424875 0.03796487603305785
0 0.5205868576126226 0.8147077523090881 0.12982610788488627 0.04093858105766093
0 0.5195816116460378 0.12001633281135309 0.1273416000136947 0.04230556015140754
0 0.5217941360601002 0.44559448560770304 0.1243248431630843 0.039738453072327644
0 0.6488891754405128 0.8958739172432307 0.13457441887194804 0.04004447840773162
0 0.5211021920078386 0.36373905349472596 0.1276785670616392 0.041067925677604394
0 0.91194881381893 0.7312752158292328 0.12999056655297891 0.039640249921841016
0 0.6527063436619627 0.4048436560180717 0.12943712339576377 0.04142444638803556
0 0.7818882198684005 0.48652333661544417 0.1274159324786102 0.04032403482152566
0 0.7804499197881887 0.568836930628806 0.12911319891877088 0.04251423852762071
0 0.9100611309376305 0.6103917039337755 0.12683034142190108 0.04075396232057416
0 0.5207849671327213 0.0782392119365757 0.12408508402676337 0.042162562930723964
0 0.6512910718710871 0.3638328495830388 0.13197971146572413 0.041880789711559376
0 0.3897083263365374 0.36387317685678555 0.12729727565147642 0.0408819264150174
0 0.9107725878987766 0.6506254736264409 0.12804589884508033 0.039885611780937365
0 0.38984568091187133 0.40456334297010926 0.12528311549522642 0.04136712803120922
0 0.6503394991408207 0.5692865837133673 0.1315375377419397 0.04106081066156482
0 0.5203321198987245 0.5278202702346808 0.12525142612361748 0.04184303764884189
0 0.5202278048048832 0.6504821644600913 0.12557519775798207 0.03928869379349717
0 0.7812374669044764 0.6107419060851865 0.12918676717054467 0.040243539565436054
0 0.7838201252168326 0.24121128926851687 0.12067338182452525 0.04063134776244428
0 0.7819751873239252 0.32355470396011177 0.1239593454911832 0.04005480580041594
0 0.5213104910364931 0.9367301977422248 0.12437630018129173 0.04033045957481514
0 0.6538168472519303 0.28247289338180326 0.13646798619443865 0.04083374076534635
0 0.9116216032254277 0.6909124466479991 0.12952699486122704 0.040620051347053064
0 0.38984305711341816 0.6506550221818589 0.1263009964524207 0.03966626751780666
0 0.9095425358996765 0.8146489737810596 0.12788750293457846 0.04056074184767835
0 0.6493758518429152 0.5276932618886608 0.13375299163971202 0.04149302133740213
0 0.7833395370457924 0.731420887818073 0.12304407288514713 0.04012008872743584
0 0.5221548701367513 0.9761809970877283 0.12389020967563127 0.038329016182307524
0 0.5221344146983253 0.28171181232839004 0.1284062508151607 0.04006444293035015
0 0.7841531947777546 0.16046478417501497 0.12479702498956595 0.039951372582168874
0 0.9111354872459959 0.20051316522214144 0.12859378872013252 0.04034776924070248
0 0.3927251086609192 0.6912147286354121 0.12901639858748956 0.04047222892426054
0 0.5199499623803344 0.16081735578605852 0.12427486362361749 0.03870062975325549
0 0.3906674520400212 0.9762734922962428 0.12959707320632044 0.03880922666784471
0 0.7813871507851627 0.9366904810855263 0.12684970148815736 0.04025038909580252
0 0.6499196149670022 0.6506651637345721 0.13177357770763773 0.039415330459574814
0 0.5226251159566074 0.4047029884341697 0.1286433097317143 0.04162549868828838
0 0.39030897239213785 0.241098358300314 0.1262767454220576 0.04069223690157405
0 0.7816351379496426 0.8552472818514844 0.12661305015194596 0.03985269155747064
0 0.7822774081476942 0.11904644727603203 0.12551518155258765 0.04160104082065232
0 0.6481893854666632 0.44602746619199246 0.13050610473836602 0.039706435500149524
0 0.9106529630683301 0.9366237379873043 0.12860550665497184 0.0403214330619291
0 0.5213318125831464 0.6909159510588841 0.12677913914140757 0.04115792532079165
0 0.5219253514565291 0.24105433413856908 0.12665166838937292 0.04102262054748668
0 0.6490637726696186 0.48661078759616955 0.13084037156654318 0.040382547863881034
0 0.38977273676749663 0.8148423004482248 0.1256601018380243 0.03952736541363093
0 0.5220405693245254 0.8549954952390987 0.12562818320247288 0.04043580428990865
0 0.9106820795890286 0.854609744556057 0.1265048885186248 0.04088341313478686
0 0.6517395121426336 0.9759219892650337 0.13304145825725167 0.03759839960988473
0 0.7809219487720419 0.0791212150769526 0.12379264513120827 0.03887271756657106
0 0.5221224420257722 0.7313929852738283 0.1283959594115192 0.040360884232954544
0 0.7808774715671953 0.9761754749857277 0.12577267043379592 0.03837489210662245
0 0.9115638287119158 0.24110306403387 0.1302357770763773 0.040967744658853035
0 0.9104157767829194 0.976997577921107 0.12685000717341402 0.04002801829599826
0 0.9108744320367932 0.5686810108929834 0.12844318778367592 0.04079628073686929
0 0.9114081075474096 0.8956719888402566 0.127911193541971 0.04026716779034363
0 0.39004342106228485 0.20062523336190666 0.12851856467321837 0.039735015032860754
0 0.7856048685879461 0.20060595910203827 0.12313924289505948 0.04008407559587728
0 0.6531694313520581 0.8553738388718601 0.1367307226725532 0.0397832936025174
0 0.39236881975737553 0.9366197557022075 0.13057582645065996 0.04031028266365811
0 0.7801263774177666 0.36451092654075146 0.12786503506821265 0.04158116258087755
0 0.6493835194481037 0.16079620985219456 0.1415192822184109 0.03874363843230073
0 0.6509942769606245 0.9367181977897999 0.13291515929870096 0.04029732696280992
0 0.5210112761177483 0.200564994662676 0.1250262889320743 0.03997997866344742
0 0.9104558724990871 0.28170765747760573 0.1289762519237792 0.04045600774963299
0 0.6554518812685857 0.24138283283620257 0.13736175893742175 0.04023484490964142
0 0.9109066563576014 0.5275501385622825 0.12855685175161727 0.041683374565028276
0 0.9113284510642736 0.44565095441037544 0.12777643729131888 0.03974742648807906
0 0.6565055019270399 0.7317971872111515 0.138168105696995 0.03974734684237712
0 0.6597165472320404 0.038553368058454 0.12945633061939166 0.04332156076913616
0 0.3903536661240414 0.1602121081856242 0.13181054014992435 0.04021170783322912
0 0.9104300675686692 0.1600454495543239 0.12836248687591298 0.04028391993631742
0 0.9110075070185336 0.4050097305808912 0.12707188372221934 0.04059599834506851
0 0.7835128605863289 0.037159411591649094 0.12075133156497805 0.04607943399883261
0 0.9088570621853479 0.0784180264931339 0.12671535281784746 0.04098575122463231
0 0.9085503325040425 0.03736170578372538 0.13294363897511466 0.04208318286304211
0 0.6518080620614435 0.6911716137620977 0.1315215402135069 0.0412427745419204
0 0.6509105956216089 0.07930479841991422 0.13687750254330133 0.039676926767582374
0 0.9093849042023164 0.11867220871549111 0.12763358038136477 0.04014646472906018
0 0.6520277988134521 0.2005624725487814 0.13886705503638877 0.04026784477881009
0 0.908712320216311 0.32342066024375404 0.12817214685608827 0.042461114844429645
0 0.9088700538087566 0.36498565474713873 0.12795796338624268 0.03994484163461016
0 0.7935370253114082 0.00766358025515485 0.3873042520001109 0.0153271605103097
