0 0.16367049986803078 0.24131773113505642 0.3041924177845822 0.08509964400690578
0 0.16319921009148225 0.5933381200255989 0.3040588181230086 0.085235595703125
0 0.16272087640400174 0.6800133905265424 0.3024860514870173 0.0858952118671234
0 0.15991850103004068 0.5043130138974117 0.30337752647037747 0.0858536750462522
0 0.1627691131603869 0.32765130672477194 0.30297395096549506 0.08526627427667974
0 0.16177070593532128 0.41682620121194497 0.30238734619526925 0.08663883186868039
0 0.1599010372463661 0.9020595751781397 0.2995125296749646 0.17642744987818731
0 0.16096336026734942 0.15218697622820193 0.30314450324336184 0.08800221272118627
0 0.7860088106952137 0.9448877582796016 0.1373911024648932 0.08880350486334994
0 0.15914724333376826 0.7678396531314112 0.2992329559748686 0.08618808044218933
0 0.6507688353333292 0.944841785140222 0.13518123385272449 0.08852351592266267
0 0.16311851370183725 0.055595435333140146 0.30298675992820834 0.1076819688466062
0 0.5145279848122898 0.5054132745525901 0.13613606706450257 0.08702811881777549
0 0.5150674747515329 0.9447265839660572 0.13675747642034217 0.08841346660224941
0 0.5144998815995229 0.6810658713158522 0.1361465936974634 0.08816317237415738
0 0.7873148133483113 0.6801440472619614 0.1379776483849634 0.08873560056876466
0 0.37823225576666336 0.9445085961541985 0.1342616020878659 0.08822249024582357
0 0.37854955166201054 0.24090253286596477 0.13788701310942444 0.08576661229552865
0 0.7874407466453842 0.32809974160591293 0.13822217530842068 0.08856301346809056
0 0.5149565588069868 0.24091487584891103 0.13846481902689872 0.0856623588105858
0 0.9217805983145027 0.3299885042107818 0.13525612746612936 0.09007028845801583
0 0.9228646966475474 0.6804757336239742 0.13610781898981408 0.08812775337961605
0 0.9221274460418314 0.9450556944011943 0.1362364563760878 0.08891026272164419
0 0.515255167514463 0.3283604647601755 0.13904233522053006 0.08869399219436915
0 0.7871892663496959 0.2409713852447474 0.13783568370191357 0.0857764151283613
0 0.7859868399704558 0.5053816121180759 0.13574498816381528 0.08707505792973329
0 0.6514323753646657 0.6802374961647311 0.13572393489789358 0.08859864712320487
0 0.6512709508968305 0.24078174157271215 0.13573166086703917 0.08589034622746922
0 0.37820812418491023 0.592783562323692 0.13822770420509048 0.08706797413082504
0 0.6514476824410353 0.32824982512318657 0.1355836119832872 0.08866798248827668
0 0.7870508749273759 0.592804831608798 0.13765489602390724 0.08708439566465782
0 0.37838941887964184 0.6809580043779309 0.13758823539637313 0.08754945779601407
0 0.37868630131588704 0.329020215087032 0.13729655591747428 0.08799557613180503
0 0.6507074621659291 0.15352610043596132 0.13410983508146262 0.08672204861747143
0 0.3782202563708341 0.05701629176369027 0.13598251342773438 0.10712254508578624
0 0.9218085083780408 0.15392726527009454 0.13438000256502175 0.08665886685549165
0 0.514198375653617 0.15379708257677405 0.13570679290385185 0.08728605138458931
0 0.6512824915632417 0.5927567655288322 0.13553484180305578 0.08695871189917936
0 0.5143938185293463 0.8570289745979264 0.13561190834528283 0.08834098288210727
0 0.5148416833032535 0.5928615914419695 0.13876226883900317 0.0869018984008646
0 0.922878458530088 0.24067893704663684 0.1358647406855716 0.08531698783704572
0 0.6507190994069546 0.5055983656316402 0.13378891763807851 0.08731794636805759
0 0.9218828225437599 0.5056184900603568 0.13428487656991692 0.08716142303359467
0 0.9217050286787974 0.8569609987498168 0.13461728639240506 0.08814778836642731
0 0.7861362167551547 0.8567463024000769 0.13538539258739615 0.08787423924292936
0 0.7857212356374234 0.7695659892360601 0.1370993988423408 0.08859621430337779
0 0.7862313910375667 0.1537196661355487 0.13566729388659513 0.08716783601821237
0 0.9227190138418463 0.592738966589656 0.13591128964967367 0.08676004353888848
0 0.7858800525906718 0.4176167245486977 0.13694516918327235 0.08918792617279088
0 0.9215803025644037 0.7696982559257767 0.1349521105802512 0.08825841011503517
0 0.6505912829049026 0.8570003889649581 0.13359769990172568 0.08797570214042351
0 0.3775750896598719 0.5060334289479228 0.13316350043574465 0.08769571319973622
0 0.9222114176689824 0.07837423881360822 0.1344290624690961 0.06255692082860126
0 0.51612569108794 0.05525431816072006 0.13924301726908622 0.10642898446090894
0 0.37784867347041257 0.8573730754964097 0.1351060263718231 0.08874354300996483
0 0.3778909007205239 0.15424001678073254 0.13476603544211085 0.08808841682961789
0 0.6520045316672024 0.41712157416036233 0.13563923896113528 0.08852720092916544
0 0.5158365225490136 0.4172433045936218 0.13886101638214499 0.08846892058360199
0 0.6507205721698228 0.07805339281053085 0.13480280622651306 0.061692929910747
0 0.9217533159859573 0.41795597769590787 0.13480753838261472 0.08927804783667936
0 0.3777499379990977 0.76933540800392 0.13417985167684435 0.08793598993442263
0 0.3794854321057284 0.41704662184363095 0.1362134233305726 0.08825522598320265
0 0.650468560713756 0.769584414268574 0.13427328761619858 0.08831636846973917
0 0.5160918416856211 0.7686987962979924 0.13847862919674644 0.08803044058653282
0 0.7880566995355148 0.025583116326506415 0.4041711528942236 0.04566129699681315
0 0.7864650774605667 0.07790953892196888 0.13765484773660008 0.06185804861231957
