0 0.929320795516762 0.4225304855270696 0.12490803597751012 0.042177392865479287
0 0.9300023821807614 0.6353319339916251 0.12568948339580527 0.04394663875056587
0 0.9305735791147238 0.8483734476237126 0.1269371670211422 0.04190747324510525
0 0.9306231393325681 0.4650737025069672 0.12573365573934467 0.043119804413408215
0 0.4406082893638919 0.12464840544894465 0.1258036981053108 0.04233264707234608
0 0.9298431725514866 0.12428872905850355 0.1269717974804161 0.0440686261724055
0 0.9317822314979574 0.6779899821663509 0.12460310696912905 0.04184591311467293
0 0.9292063751631991 0.20948346657362285 0.1262299159787736 0.04225739616784321
0 0.9335379793316205 0.9765395669172986 0.13266196854994947 0.04571928315272747
0 0.9301742183551635 0.8901335136444658 0.12787523295358827 0.042148242983250345
0 0.13285887498418597 0.805396878271418 0.2467801442364798 0.0438217501556134
0 0.44198616624199794 0.4220858738399729 0.11871584663493935 0.04253672387816885
0 0.13025865609433773 0.6354113708744766 0.2547602316118636 0.04385927199453939
0 0.3182932604355311 0.12458315668412602 0.12095518703409282 0.04392257282883941
0 0.8092572399869441 0.4221708505819587 0.11766755548770215 0.04246502345695167
0 0.4414497642825556 0.33714393211630683 0.12124691369398585 0.04210621741844443
0 0.1306757305188963 0.7622803618542043 0.2516063355371316 0.04177125625990267
0 0.3192327247475678 0.030280636251647314 0.12394163229394796 0.057652303351164405
0 0.8101009564258339 0.4649551550475329 0.11691999821007412 0.043207917185377996
0 0.1309322772642994 0.2093084222215935 0.2528480850461358 0.04174351551889996
0 0.44205830617735004 0.8480513068873076 0.12397975870219845 0.041697096749094616
0 0.32066100498415395 0.46503488204769555 0.12588867022984754 0.04365069146283669
0 0.3197954491463633 0.42224904410490466 0.1269530838711885 0.04209975194693583
0 0.1349952786437906 0.6772105060264825 0.24579673700255525 0.039870186594612944
0 0.6912085438031713 0.42216387395137794 0.12836162227825976 0.042791363986815295
0 0.5648224411627675 0.4222050844246902 0.12542375014477342 0.04272192924364814
0 0.5622397985741134 0.336820478944446 0.11921519153522996 0.04256982488187529
0 0.8094519437805342 0.3371601234252985 0.12094831852257412 0.04151763846940075
0 0.13550524441701062 0.4651384677429337 0.24246409125726498 0.04341202162142089
0 0.13101812803520343 0.9326084563504413 0.2509811361523651 0.04158768107741059
0 0.13029804319705604 0.549754262348277 0.25393904123023514 0.04185044447077298
0 0.9310305202103689 0.25204850451986194 0.12712339827956537 0.042103537287092575
0 0.13353022410863172 0.8900355921443527 0.2452444696040809 0.04264602902897239
0 0.32127645651927855 0.6778578544537263 0.125268941298328 0.04168046335658102
0 0.808729022660988 0.5081960074552965 0.11903804974414589 0.04197140957446808
0 0.562705644057446 0.12364447521591358 0.11721966273058455 0.041757745082262904
0 0.9303169353310311 0.37933824849161096 0.12505050618050875 0.04294659056346197
0 0.31967246371780766 0.8892983626110513 0.12300992076287694 0.04363729080607741
0 0.9312587439853226 0.7199206647963586 0.12588221300644373 0.04225229839223064
0 0.13153775088549305 0.7202824272684191 0.2525840464306649 0.04118129579985287
0 0.8066366766340971 0.6352586862780811 0.12283728257665094 0.04347609610188434
0 0.3203290440644216 0.6353569393408358 0.1265226502945481 0.04445553214477705
0 0.687083940942975 0.8900562595490039 0.12143511913536051 0.042716983434246264
0 0.4391533576574609 0.5080903218633289 0.11660861197828926 0.0418671331237268
0 0.3200199816104858 0.8475522222212399 0.12306244225514867 0.040771097551918295
0 0.9311247051886792 0.33703785970125766 0.1229904462706368 0.041365451216967525
0 0.44175053928097624 0.635377993568569 0.11849638329683289 0.04480400448095858
0 0.6874060412301529 0.3372222499752433 0.12746266984553992 0.04184342639486193
0 0.805833472074524 0.8896770900382667 0.12213241700534871 0.043141549396644406
0 0.931052812026196 0.29444891470705775 0.12574327988123316 0.042848972995770146
0 0.32029886579899136 0.33763729732680936 0.12464690915336506 0.04159920287920156
0 0.562857676709116 0.46489322190912885 0.12738888475772828 0.04269894090050645
0 0.5607921877961275 0.5074848332195705 0.12296687946165347 0.04267901951179833
0 0.9306638979847541 0.5077915286629273 0.12546903296622305 0.041866469998443866
0 0.9303244619035336 0.8048414555865212 0.12630633331052055 0.04368149915827298
0 0.44174642639982736 0.3793782294201279 0.11942630572460411 0.04264077928714916
0 0.6903623390711864 0.46511822860669416 0.12773502483522153 0.043220516565753736
0 0.9302644549675708 0.08133968631300575 0.12432762618977426 0.04173326470723462
0 0.4409680019491767 0.16675403572521152 0.1176689127384813 0.04303040683620275
0 0.5671128018525734 0.20897542280868037 0.12576729910714285 0.04226398597534235
0 0.32006556261581875 0.5080871720182351 0.12355144325934972 0.04159458863244115
0 0.929932915618156 0.16703131879924812 0.12572345579409536 0.042050418188907604
0 0.3204525024743093 0.2953034483398879 0.12173248044242756 0.0426637123698506
0 0.5628973865766088 0.3793559180173792 0.11862725517499158 0.04284383377482741
0 0.9308444945960033 0.7622838432619398 0.12512593642078 0.041209257582616565
0 0.443512209663494 0.08214341142480866 0.12915902767541274 0.04332159481851587
0 0.443880908894089 0.6777042304298467 0.11969557605342401 0.04132049684882865
0 0.687545735238376 0.5079152291584144 0.12839000115818733 0.04229203064876641
0 0.1331488276427647 0.08156344619688807 0.2463992201093072 0.0431376604431622
0 0.9304242404002064 0.5919050473117785 0.1259746705746715 0.04246670890037914
0 0.5620705946436467 0.54970748438561 0.12531772006875422 0.041005346558114525
0 0.13143136784072834 0.9763736750756847 0.2544788163948573 0.04559174205664328
0 0.4417137495590992 0.46488066397408334 0.11649838676349815 0.043316448690018106
0 0.12987971289781228 0.37944503929238343 0.25013711221134566 0.04197588567012788
0 0.5625672250423791 0.16636469829346917 0.12082497321691794 0.04389014876552597
0 0.3200826722013983 0.7622754436750226 0.12549601346655997 0.041610116816149845
0 0.9291395819733407 0.5497935525212907 0.12675669379632748 0.04118179314381507
0 0.43930405362275715 0.029702037640317303 0.12613091892951897 0.059404075280634606
0 0.13637094034981534 0.12427897904457794 0.24086278982239592 0.04236231502120233
0 0.13051362773478833 0.4223814204895103 0.2517025229744513 0.04284422059790912
0 0.688335737449461 0.37942953873889484 0.12698504095771562 0.043103695995076956
0 0.44213295497020305 0.8899877918635412 0.12429645055066545 0.042954050722894974
0 0.5603811987965834 0.038082581291699544 0.11487505500135411 0.0435083526569883
0 0.3209586541929014 0.5920453811997795 0.12656005694859754 0.042815347017881394
0 0.4423199059828272 0.2092413567698018 0.12128240785830105 0.04158343983862183
0 0.6893756383191543 0.5501013808036724 0.12694769599688344 0.041326520236815295
0 0.4388196179166316 0.5498066216154086 0.11965917705525607 0.040914498394352655
0 0.3192328481340023 0.5499465410501075 0.12362321303539842 0.041603485563320504
0 0.8067719904238966 0.8478745839994057 0.12154698950261117 0.04083039200430059
0 0.8087694934114934 0.7623799411675249 0.1216183068617335 0.041431625594160255
0 0.3205469650720971 0.16702097818936734 0.12498422710079389 0.043144395309317
0 0.6890718403530893 0.8482636727591669 0.1198985878669348 0.041441572473404256
0 0.6857019511837201 0.677539250385497 0.12261366522858407 0.0417021807095971
0 0.13376481192452566 0.16662951323067562 0.2443926315101973 0.04194797914780444
0 0.8091874032650354 0.37936002110506734 0.11929329514824798 0.04275953397323449
0 0.3205407546215623 0.379504844903838 0.1256525702874937 0.042933742511105134
0 0.12999561790507438 0.5921093727895823 0.2508163053713076 0.04204755846112494
0 0.8078146057951482 0.20928340996482786 0.11971412514740566 0.04169412650043148
0 0.5677628838469719 0.8479393216051524 0.12536563513413915 0.041745007550786556
0 0.8078156751442469 0.5500499333338049 0.11980263434973044 0.041490201660819376
0 0.3201224026332969 0.2519792631882356 0.12574599438279144 0.042831317285112046
0 0.44385267396500167 0.7194756248408499 0.12399834892499158 0.04298433344414894
0 0.44471903181461636 0.29453532822049006 0.12821738353636708 0.04304666722074469
0 0.1315686423180881 0.031107478575665468 0.25040758459394513 0.0572328191906578
0 0.6851523057469783 0.12430773174239264 0.12579522557014403 0.04212322381892966
0 0.808243414783735 0.16627248243381124 0.12083579009433962 0.043485255519854854
0 0.8070415897832084 0.2520276367961146 0.12296914154628538 0.04231790634991087
0 0.32079532140027484 0.8048409858727791 0.1258093121880791 0.04374466184147239
0 0.4441228696920801 0.7621914754360712 0.12625323601488797 0.04138349375070734
0 0.3203017962268099 0.7200474046160593 0.12480926513671875 0.04154601470546628
0 0.8077428360190996 0.29459920928941263 0.12140279188952999 0.0423171188886374
0 0.13720752222518715 0.8477816083086945 0.24032807157367386 0.04089200739517315
0 0.8074092402291104 0.6776413164186283 0.12354519168000337 0.041991524374717065
0 0.31933768547448826 0.08188230929843114 0.12286060261276532 0.04240075556494737
0 0.6890436671172192 0.6350113681777672 0.1288144093639446 0.04384606474932095
0 0.3216655556403723 0.976555481924089 0.12693009286556603 0.04548144221791535
0 0.5662259001616199 0.8899758556084483 0.12225317119588107 0.04317951331909235
0 0.32042961429071554 0.20940947975169052 0.1250339312694786 0.04140711758891183
0 0.929644026846256 0.932476577309798 0.12395952332694575 0.04146218461761544
0 0.6883968342989282 0.29446593492265305 0.12405523007128118 0.0436311845274304
0 0.8063953738970899 0.1238552109047858 0.12205427226351921 0.04279537036873302
0 0.5643337691890582 0.6349315721020541 0.12362983477404818 0.04352665940470802
0 0.13438721422879202 0.5074052581856185 0.24662440420803677 0.04246770358830353
0 0.8092581036919853 0.9762409947586578 0.11948865700282177 0.04501913337483024
0 0.6877135819180634 0.20911062438329345 0.12413900946028472 0.041428434303736134
0 0.6959263063826652 0.9765528294229573 0.1119365023795485 0.04517441521191716
0 0.131546887747361 0.2517147176456753 0.24804789615127276 0.042950541684939454
0 0.562740356774343 0.5919356615956739 0.12526264859017014 0.042916086800447034
0 0.5661731113320735 0.29387042078835873 0.12141936680056015 0.042646498742714464
0 0.6915396101712536 0.592227961694347 0.1277927696865524 0.04153054178219782
0 0.44028910922232983 0.5920277807495614 0.1166530722235091 0.04286060531844161
0 0.5666263919634961 0.7620368290940472 0.1209259033203125 0.04155353012533952
0 0.8091166617092739 0.8053070800560209 0.11869166289378369 0.04363972226544817
0 0.6862679453230291 0.16677140822611336 0.12439293874241913 0.04359357979784405
0 0.4430305912809552 0.805119747163592 0.12518071999768363 0.04349549251641014
0 0.8103184044521774 0.5923061552172929 0.11841864984311826 0.04165001485400634
0 0.6822826798631044 0.038258268046346695 0.11617237270092952 0.04404158827512712
0 0.9280024937220983 0.03943064159913104 0.12897559317617083 0.04028174563088856
0 0.6926636194604427 0.8049434939894324 0.1210807944243809 0.0437574822636091
0 0.68654194546517 0.7194742985902842 0.131862588969845 0.04274936605222952
0 0.5657579982377127 0.08184012485985953 0.12365348384065449 0.04181148586040064
0 0.1336040207639216 0.3374452672969599 0.24395164453758383 0.04127073482238853
0 0.6887339260378939 0.762163375502207 0.12487171923696513 0.04185945192253282
0 0.5624699965320187 0.7193375842611194 0.1136702874278765 0.04273731927625622
0 0.44742156488876134 0.25194187950041025 0.1317668822255096 0.04267073044576166
0 0.8015698127026828 0.038711980437196286 0.12995149761518698 0.04090172459821239
0 0.564767801536704 0.677231643144876 0.11877836242840295 0.041839392382724085
0 0.8058433018604699 0.08100727058849273 0.12588015656586926 0.04243755211059515
0 0.748449208211565 0.009365751678288483 0.49009221147233484 0.018308861714890205
0 0.6897184675273228 0.25177425386248375 0.1189674315748189 0.04230008485793204
0 0.8101354223698618 0.7201116448778434 0.12155291205146562 0.04170389378324469
0 0.5696637546919748 0.2518211492535862 0.12375515426265583 0.0422555863884252
0 0.8087734417773964 0.932380728076194 0.12211826869419642 0.041498932810377996
0 0.6878170208789589 0.0820986366531006 0.12286705983616913 0.04166391976228285
0 0.44137320299996846 0.9326972322476941 0.12155961604773838 0.04130933423989927
0 0.31945859389806375 0.9323429299350667 0.12310640895463063 0.041259765625
0 0.12891956738063265 0.2941947028668232 0.24586747598776598 0.04083785216373359
0 0.5682432683651659 0.8051159341932153 0.1285816614197271 0.04367542050984608
0 0.6900725660298391 0.932650426654807 0.12054303521415938 0.04113194822671458
0 0.4503595192798707 0.9766100239786103 0.13135386670053487 0.04515485301607062
0 0.5779160245088233 0.9764594392789441 0.12848155389256233 0.045359869249377543
0 0.5679950354234227 0.9325226092565216 0.12968124019489133 0.041435549085417606
