0 0.19387381927557454 0.49782649822788694 0.3288145065307617 0.4608183083244867
0 0.7988244615462383 0.07212484417615907 0.12218572809832735 0.13563014083298655
0 0.9242986603455395 0.5663356931983323 0.12061003966478526 0.06446935004483427
0 0.9262572637213485 0.30234762106218566 0.12009063586264455 0.06522296915582743
0 0.9254774858247866 0.830375329171133 0.12345731625998074 0.06466956629287599
0 0.8011548550643585 0.6316000704400457 0.11778507988883537 0.06505844398035537
0 0.9272122488147886 0.9618467869418907 0.13038473927502064 0.06514166275869888
0 0.9265231161915782 0.6314724240265296 0.12189009746265832 0.06494333876154354
0 0.6822239207801314 0.8305355263259605 0.12077707971245183 0.06514375631287105
0 0.6823492848400502 0.4344024255596553 0.1204343955422288 0.06738530866074373
0 0.6809600292323446 0.36800824369163815 0.12062899551727697 0.06563149404399943
0 0.9266594706127822 0.8957983334020448 0.12333027171668504 0.06443363884193602
0 0.5619475915043365 0.4344696205964504 0.12214129611784141 0.06779306859642975
0 0.8047556604057682 0.8303810461844492 0.116573653032076 0.06497200434943931
0 0.9278056611048494 0.4345274147697992 0.1271990805470471 0.06676138925678182
0 0.6817895158271958 0.30204892724673793 0.1200529258156663 0.06551409396772963
0 0.8042581364971951 0.36782591324053837 0.11704721324769411 0.06555224094038588
0 0.9260650836423631 0.5008463997954116 0.12795771796272715 0.06524666255256431
0 0.6813079565107034 0.8958769222048154 0.11946731096847467 0.06510277096388523
0 0.7999651736624965 0.5008313423096348 0.11975117822050522 0.06566392400333938
0 0.6814106676547013 0.9614244123876567 0.12068895516416575 0.06494752586988786
0 0.9262520206132124 0.3679849830969657 0.12060714923337694 0.06546471427172658
0 0.8043369511675729 0.3025859037615693 0.11772041488849119 0.06443176672137822
0 0.8006717497031595 0.9617390091626814 0.11875613040335903 0.06472754163918205
0 0.4327045726356002 0.4341934324883534 0.1362169576636495 0.0678975852624093
0 0.8005945146871558 0.5670688800258182 0.11843146101493668 0.06439800816035207
0 0.6811964060241431 0.5006654885324765 0.11807593795171395 0.06552981575434944
0 0.8022800731238814 0.4342030749157425 0.11932446988143583 0.06713887317828579
0 0.802042519993719 0.896205650470502 0.12016511488590996 0.06541285854530837
0 0.5586342832590515 0.3019519896494682 0.127295809170223 0.06550263981076847
0 0.9271844200100667 0.7640222634992372 0.1262342142113505 0.06734456487570085
0 0.6813131323995043 0.2365513703439355 0.12018628897645925 0.06559000543679915
0 0.6814904906151054 0.5662499178682594 0.12064143109426624 0.06529215709515171
0 0.559760694461772 0.23649669637151635 0.12539857704733962 0.06522661274530013
0 0.9257251554648781 0.23697978399674308 0.12280938908917265 0.06553307686757916
0 0.42985000274254886 0.3019638665433295 0.13278803216203194 0.06554020300389594
0 0.431900864655751 0.236506429385384 0.13892260311983756 0.06490889576934573
0 0.5614566718954347 0.8304644260054214 0.12321831791411413 0.06519770559346141
0 0.5640893445709346 0.08600541047753704 0.10818721312444488 0.10520683592302019
0 0.4333630364371816 0.6320677583639099 0.1345905522417917 0.06488874531043866
0 0.558639123051177 0.6978361185119145 0.12553331820450164 0.06541116759770778
0 0.6815079004228902 0.6319364683609209 0.12078460827798045 0.06580676881493239
0 0.9250684897805102 0.6979087688677542 0.12394821906404874 0.06645500565581712
0 0.19193551088744848 0.8304665195595935 0.34183604496691194 0.06586377790546669
0 0.4304947537997746 0.8303591041262987 0.13516870574278977 0.06467576643407817
0 0.5601723960842855 0.764309885633967 0.12206412832117292 0.06745101405322394
0 0.8044835229277086 0.2373354265117394 0.11921234803052724 0.06690697179306151
0 0.8010955340011529 0.6977095792664701 0.11912832386168089 0.06595798784321405
0 0.5609477375047323 0.5006247648777622 0.12136175348895235 0.06505936997546999
0 0.6812097154524883 0.6979572426989713 0.12020625311897713 0.065634332420329
0 0.8045961825332978 0.7643741819034466 0.11472653292349257 0.06689501437788588
0 0.43344927884408546 0.5006291130287351 0.13592962861586247 0.06490001829444261
0 0.6824494416493151 0.7645991584556399 0.11966809512234995 0.0670604051574868
0 0.19480075500084965 0.08587117811620708 0.34952421650487425 0.102261550822799
0 0.6790573859529873 0.07330165595052109 0.12197029012940529 0.13670169269189356
0 0.43358884298853945 0.1697202907036925 0.1380024376419672 0.06761853701949927
0 0.19507928566785637 0.9619467138929544 0.35369395159414685 0.06644739639161444
0 0.560810610061175 0.36808855363750204 0.12319993342597053 0.06565430170627885
0 0.19158400102859027 0.8955941716096016 0.3446630612343944 0.06495630269314809
0 0.43451736046879297 0.9614523532837237 0.1423537804691802 0.06481498778652704
0 0.1967695914701218 0.2368555698042495 0.34955544198662175 0.0646156371426142
0 0.5630838167299784 0.17108945200990078 0.11922474999784897 0.06533532087558493
0 0.6826468648364366 0.17270985001938954 0.11792294674507847 0.06159138742411671
0 0.430385908891451 0.3681677765456227 0.12928227496042125 0.06481778590219946
0 0.43062731032854656 0.764149889782425 0.1359683469528669 0.06743845272819096
0 0.5596273649106467 0.5662988748273624 0.12278636646690871 0.06544724114652045
0 0.4313179553867962 0.6974863943135203 0.13057002937216067 0.06509572534888275
0 0.1910415073848506 0.17046892171170278 0.34076447423859313 0.06823294647136276
0 0.9279118004349359 0.17364293100965994 0.12096287395460491 0.059024810791015625
0 0.4319824353188671 0.08576628733693525 0.14088944086419322 0.10455554933735584
0 0.5602712085068489 0.6322037387334576 0.12422334780251926 0.06645983693467596
0 0.43734400220907105 0.8959181088570864 0.14241905340544248 0.06651616159403856
0 0.5591081963761788 0.9608373717456505 0.12488206367660724 0.06464919440035455
0 0.19292848120701997 0.7639342537026921 0.3414331196688345 0.06941122492888357
0 0.8031370524267792 0.17275730223643118 0.11937703540146613 0.06037574707675421
0 0.9311181291084458 0.07260358742484946 0.1377637417831085 0.13992286546249189
0 0.4346194162242738 0.5663702771028302 0.13691697981914236 0.06511335951671751
0 0.32413489177888716 0.01687085817231352 0.5945899097929968 0.03087814816698865
0 0.5666796683798336 0.8971354166666665 0.11884330641213907 0.06336805555555557
