0 0.4324320410467257 0.9018363415355414 0.15612993827544452 0.1786714795609595
0 0.9063836682880506 0.24092447388340052 0.16574802925126061 0.42209160227171133
0 0.7422316565381999 0.9020268829775527 0.15425119582255176 0.17809817891725352
0 0.5871660916921693 0.9018569731376541 0.15456722445801818 0.17747948874889963
0 0.9051298558585457 0.9020884339238555 0.16631160015260085 0.1795150541923415
0 0.9058197734209129 0.540200332856514 0.16700670116772823 0.17922707141285207
0 0.7431379832533008 0.2879113855496259 0.1569030502546112 0.3330249195367518
0 0.43242486520431095 0.5405222718144806 0.15547348637995953 0.18140396333076583
0 0.9052383844007099 0.7213338502695862 0.16672666513236464 0.18314398107394367
0 0.4329988171278849 0.28628628690477825 0.15441408998868977 0.3294127021037357
0 0.7425646285848759 0.5401820223096391 0.15400083505423964 0.18129564741967427
0 0.5881645542800806 0.28574300416758364 0.15578365123449112 0.33630706357284335
0 0.18764687698105084 0.9012884005694322 0.3396709648666868 0.1831528354698503
0 0.18903093479747732 0.6323376292913733 0.33958120406812925 0.349156855193662
0 0.5874042875447851 0.5403091000839019 0.15303898060144638 0.18148670465173855
0 0.43389150696448714 0.7231115851603763 0.15424517005871816 0.1804010525555678
0 0.7430836865856388 0.72251084018761 0.15295611015044452 0.18304348797865316
0 0.5884108816742138 0.7228213457994057 0.15340007287934582 0.1831084775253081
0 0.18837259478882873 0.24152018587354201 0.3375802151463341 0.4229224191585057
0 0.5897583829748305 0.07148934658876555 0.46979479377200856 0.09233152172719823
