0 0.906098321143617 0.8616657295612374 0.1583419475149601 0.052548269149831656
0 0.5816392776813913 0.8620281180950127 0.16871178809632645 0.052330844249789565
0 0.5810783548558012 0.6524866585779673 0.1727860471035572 0.05277703795770203
0 0.412409453696393 0.9674530132049664 0.1654404660488697 0.05156217119107744
0 0.5814394687084442 0.7050040196890783 0.17318348986037235 0.051158969249789556
0 0.9063951857546542 0.3367856009640678 0.15533538169049202 0.05267210681029041
0 0.7463253914041722 0.5993638163865215 0.1582107219290226 0.052843087450021045
0 0.5804912323647357 0.8108443648726852 0.17156979175324136 0.05404056844486532
0 0.412457226692362 0.7049398402975062 0.16508779322847406 0.05153557876946549
0 0.9066408522585604 0.7051361186737164 0.15920702345827792 0.0515997376104798
0 0.4122771729814245 0.810390361952862 0.16528258628033576 0.05223310579755893
0 0.7473376010326629 0.8109032627709385 0.15792567476313166 0.05492876354692761
0 0.9063426890271775 0.9676523125131524 0.1591663766414561 0.05160138165509259
0 0.5803346349837932 0.5476510096077968 0.1709796662026263 0.05378989274252946
0 0.41184395323408407 0.7568615434948442 0.16434939769988366 0.052369150489267685
0 0.7491101204080783 0.9671443027277988 0.1570241075880984 0.05159924439709596
0 0.7458975284657581 0.8628288500236743 0.1588394489694149 0.050910554108796295
0 0.9071118293924535 0.7571854613846801 0.1606766071725399 0.05219331991792929
0 0.16671310130586015 0.7049125491569339 0.3230961830057996 0.05074117641256313
0 0.7469670397170047 0.7049909700849643 0.1601054090134641 0.051671212450021035
0 0.5817067734738613 0.5992984861637205 0.1707447133165725 0.053304118660563976
0 0.5816690972510805 0.4942969736426768 0.17416661039311834 0.05266277685711279
0 0.9080700164145611 0.6524801646017466 0.16173524247839097 0.05293626367845119
0 0.9056995797664561 0.5990594420770202 0.15818948948636968 0.053657917061237376
0 0.5827689962184175 0.9673828947022307 0.17481455701462767 0.05136488583754209
0 0.7455459270071476 0.7570605961963384 0.16157694065824468 0.05250634601220538
0 0.4129382681339345 0.6523749251959701 0.1638155998067653 0.05262870403251262
0 0.7480823922664561 0.49449849241109006 0.15784405647440158 0.05291497330071549
0 0.7458985673620344 0.5477957677359533 0.15942863302027926 0.05394344650936448
0 0.9067445146276596 0.8103160922374789 0.15997106673869682 0.053843365293560604
0 0.9073235045088098 0.4945987585819128 0.1590595651180186 0.052984228680029465
0 0.7458553233045214 0.6524856104995266 0.1595591443650266 0.052869720972748314
0 0.7486377147918052 0.3363972262501315 0.15666692206200133 0.052640643906513046
0 0.5807304869306849 0.44234047835122053 0.1746221014793883 0.051645277646254206
0 0.5800389715965758 0.7566906039562289 0.17237730634973406 0.05230330650252525
0 0.9060609533431682 0.1278712879527699 0.16163193722988697 0.05363170482494213
0 0.7504508160530253 0.9146299419981061 0.15691956865026596 0.053073541403619535
0 0.907039268980635 0.39015274818497475 0.15892963815242686 0.05239767466329966
0 0.16620285029106951 0.7567834102746213 0.32154814385353253 0.051386422821969695
0 0.41520088682783407 0.2586163042370318 0.16636401237325465 0.10369772349142466
0 0.41341309243060176 0.4944094262941918 0.16338455524850398 0.05281822127525253
0 0.7485861920295878 0.2315344299932923 0.15954252202460106 0.052118207629682244
0 0.4133242667989528 0.861612215909091 0.16789816998420878 0.05250831886574074
0 0.9067659093978557 0.9149911797006522 0.1597381591796875 0.0524978791824495
0 0.1684392401512633 0.5445693507339016 0.3368784803025266 0.2570278797085438
0 0.1659908339064172 0.12714128590593435 0.3235092885950778 0.05281643337673611
0 0.583468903886511 0.9146882233796296 0.17470505085397275 0.05329762468434343
0 0.4128236324229138 0.38967022109111954 0.16533849188622007 0.052681436763468016
0 0.16758342626247 0.3361011954670402 0.31944311984041907 0.05427848225089436
0 0.580561617587475 0.17895417390046298 0.17055011505776263 0.05239993522464226
0 0.4132280714968418 0.4422714284774832 0.1634714978806516 0.051508821943392256
0 0.41490944395674034 0.5994019582215383 0.16359340586560842 0.05283001729534933
0 0.9063169114133145 0.28463840677280616 0.15663666420794548 0.05271158443155514
0 0.7494064006399601 0.3899272263652147 0.15550459192154256 0.052928618871001684
0 0.9065902385305853 0.4423606795494003 0.1596456324800532 0.051609971788194445
0 0.9075553082405251 0.23195219200468226 0.15677087662067818 0.052387193878893096
0 0.9064443710002494 0.5476567226628262 0.1611033987491689 0.05361406217119108
0 0.746933470381067 0.2840133615615794 0.15822279909823803 0.05296382197627315
0 0.9088773362180019 0.1796851675117056 0.16100444387882315 0.05105767555108375
0 0.584967041015625 0.2585812552609428 0.17545594560339095 0.10380945687342172
0 0.41395313993413396 0.06080119714191064 0.16310343640915892 0.07787551879882812
0 0.5825316246519697 0.05096075494682749 0.17103631851520945 0.0983686023288303
0 0.16472815148373868 0.8097022059790615 0.3204044849314588 0.05265241937605219
0 0.4139957996124917 0.33588886710529775 0.16557659392661236 0.053575159965540825
0 0.9100968381191822 0.05056944884836473 0.1602503999750665 0.09993860914249612
0 0.41393406644780584 0.9148326937999789 0.1669892006732048 0.05277670914877945
0 0.748995387300532 0.05073891882141832 0.156328436668883 0.09962983741503371
0 0.5828034908213514 0.3366179186888416 0.17340409299160572 0.05298864704992635
0 0.1659116212357866 0.9144852660721802 0.3206532914587792 0.05276429661195285
0 0.169268658820619 0.25807863999697495 0.3294682482455639 0.10511756152014941
0 0.16457869245650922 0.8619905516756102 0.3205228947578593 0.05193693116056397
0 0.41333476939099895 0.5482045183278094 0.16246893050822805 0.05333079328440657
0 0.7467514362741025 0.4424240574692234 0.15929383622839097 0.05112917094118266
0 0.7472408213513962 0.17889310791837645 0.15934279421542552 0.05243596035222012
0 0.16555788085815756 0.1794867467398595 0.3234583037964841 0.04960007587265888
0 0.5813144602674118 0.3896473072193287 0.17288055419921874 0.05269758950178872
0 0.1673448126366798 0.38952895655776515 0.3193438245895061 0.05210380168876263
0 0.4142838660706865 0.17862776425551086 0.1669501446663065 0.05272752138902041
0 0.16549176561071519 0.9670676902488426 0.3216642907325258 0.05254309040930134
0 0.41341552734375 0.1267441001404014 0.16595491449883643 0.05173392247672033
0 0.16701031238474745 0.06023524570143986 0.32339741930048516 0.08003174367577139
0 0.2492356864416854 0.010348777249706311 0.4852079971749734 0.02059096649339303
0 0.5808308865161652 0.1266874936293271 0.1725558341817653 0.05244743783867319
0 0.7451564707654588 0.12651076397109112 0.16107450444647603 0.05181021642203283
