0 0.6136631656632187 0.4030374822257453 0.10569931863981101 0.040254118496847395
0 0.5039687005204196 0.40279701619522895 0.10742253421070919 0.03987528057444212
0 0.7229763161878573 0.402846275623983 0.10833220621227763 0.040088889433693625
0 0.6136963976383816 0.27983695526335867 0.10532542983640408 0.040750685318965016
0 0.9437673488747816 0.5259153968176139 0.11032232456619281 0.041664850650860064
0 0.5048009928178606 0.8121497643265488 0.10705481096628812 0.04037905470929219
0 0.39477818257623887 0.812061063304495 0.107673771045108 0.04005716590757205
0 0.6138303919092976 0.4849900192906279 0.10710812947953065 0.041063834544615874
0 0.7229624727629647 0.2796725632699907 0.10835384383437897 0.04067574629169572
0 0.6137062470219186 0.8122527664730795 0.10655699054955527 0.040432173171635284
0 0.28553983307854197 0.7299487735991254 0.10793838597919315 0.04116607055947816
0 0.3941546080224548 0.40261491804774674 0.10818555121803525 0.039854822021370875
0 0.3941657952159605 0.07581547125723682 0.10835031511822983 0.03953433070056442
0 0.613955797052444 0.11687856095161951 0.10604532670792963 0.04016522594187659
0 0.11493335783557335 0.8344174663946277 0.22510186401982776 0.08187274587038006
0 0.6135680842126946 0.3207445273228659 0.107183550940081 0.040738881216222114
0 0.2857733390837188 0.525880211511361 0.10825544694175866 0.04209093335948397
0 0.11590199625022529 0.23912251035432394 0.22598267419516965 0.040236345153161185
0 0.5046875310216804 0.1167869727481858 0.10724039816947269 0.04004847598818499
0 0.6135251579623967 0.7300705885344025 0.1051647375317662 0.04015324449384008
0 0.115250603216576 0.07604224800453913 0.230501206433152 0.04073799094284816
0 0.5039370002407283 0.7299743964471466 0.10625282297291933 0.03991580042712692
0 0.6133606073362552 0.07606731221488552 0.10480081444319805 0.040064869787126624
0 0.7231232426218035 0.8121811757249534 0.10874812939266995 0.04037105288964435
0 0.8316304498888182 0.4027356121607683 0.1083000987730305 0.03960997201519642
0 0.5042916556022674 0.2797599164678129 0.10685774574134371 0.04067730693027952
0 0.6134563286089382 0.5258128486750349 0.10490004504348 0.04129733445199907
0 0.9439269941977048 0.7301901618251684 0.11137388197863723 0.04076898735326592
0 0.2855497406277299 0.07579692980678955 0.10772499559492138 0.03993546802018865
0 0.7233870432367773 0.1168165184741018 0.1093812043360864 0.04013174315044238
0 0.6133224894464243 0.36143695825978467 0.1047158925930154 0.040121662843953396
0 0.39490461531254956 0.4848439151439374 0.10790701530485626 0.04079580196166027
0 0.7232970415864238 0.32065362721917123 0.10944099862511912 0.04060804295240586
0 0.5045755621438711 0.48493288573083737 0.1068217993691431 0.041084236347193166
0 0.50422364056792 0.5256484141187965 0.10587784841069726 0.04110829855663064
0 0.8321279600887468 0.3206276354929393 0.11023678228240152 0.04018712453873199
0 0.9436232143920743 0.32069244455703744 0.10717571796577192 0.04011817268857507
0 0.6136939546810475 0.7713559770074238 0.10558919167427731 0.040123677486488846
0 0.5045460527703601 0.3207681497159751 0.10747286688721014 0.04077415164821595
0 0.39423138668152397 0.11681397534259137 0.10744483104351969 0.03992554732446391
0 0.2861990243991721 0.8122284772616659 0.10831688925756433 0.04022968740919921
0 0.5042906861747538 0.44388455825869505 0.10637210133418043 0.03996752850236809
0 0.5039366512468234 0.07620958925013983 0.10599169797788278 0.039526073503693776
0 0.7230128829936666 0.44390896097109633 0.10855657051600222 0.04000617558875232
0 0.7232794755598794 0.4848060625644686 0.10947473470258895 0.04060818482864075
0 0.5044881973363544 0.03726486071272264 0.10887698569776445 0.03646151845480663
0 0.7226515579708348 0.5257712789382119 0.10742272809621188 0.04107334025235356
0 0.7225445719504446 0.7300829885173321 0.10719184923959657 0.040104268817555785
0 0.8315533997900454 0.7709052929596699 0.10864420676322269 0.039306640625
0 0.8315615429811587 0.2796459756635722 0.10873385941967122 0.04047632505593328
0 0.8320576184283672 0.5257238071500175 0.10859139235228717 0.04052688974604835
0 0.8315219515615074 0.07594813440412436 0.1085982171219822 0.03956792344608068
0 0.2857082420261873 0.32099557732050493 0.10825992569687103 0.04104746202710948
0 0.504061784950266 0.7710514254816074 0.10663291611241264 0.03982817766445839
0 0.9434583729376788 0.4025632467229995 0.11120907930134212 0.0401712627756712
0 0.2861011800802345 0.0289271936367856 0.10764311774713113 0.05329288099600182
0 0.8318455852426144 0.48474060086968995 0.10968816386396124 0.04014527104943921
0 0.3946754620369084 0.32050118120478116 0.10696066016617695 0.04020894510365818
0 0.7229896167333425 0.6474636898989569 0.1087067154492932 0.04147672276339494
0 0.39460106816952234 0.6889032694640573 0.10748132029512786 0.041132304015574155
0 0.9442786249454018 0.2797040314188895 0.10848064495314486 0.04066990099081822
0 0.6134680392933013 0.6475895624945519 0.10555444739219345 0.04147751727031032
0 0.7226159993696393 0.07591133525569957 0.10703394888619759 0.039940667784197394
0 0.2859605840079515 0.2796799833970755 0.10832611820749286 0.040358539405726986
0 0.6136990344812182 0.6890148125599285 0.1070055640486023 0.04152155565362041
0 0.5044395708522772 0.36192301205289695 0.10810260699998014 0.042002856592863784
0 0.3941761874789053 0.5254826459259502 0.10745192725291852 0.04100206163194445
0 0.5037266926359494 0.8941199791702986 0.10612544019764533 0.03990320181746862
0 0.5044165178660063 0.6476079212793467 0.10653449983124204 0.04156803430817062
0 0.7229430454355941 0.36175637841501773 0.10934211701874204 0.0412059945319764
0 0.2854297061130082 0.4848853571921489 0.10756108479093869 0.040654010852510455
0 0.8317012568744044 0.6888017144551226 0.10986110973236976 0.04054238263089842
0 0.9439609629377779 0.8939210119384878 0.10774946394536214 0.04073119152429103
0 0.28538739060204393 0.11693659542550158 0.10734930365633934 0.040261687593978815
0 0.28551418202653467 0.4436176464979951 0.10878236957244679 0.039498968049017896
0 0.3946581286729669 0.27956199912014035 0.10786408905455845 0.040602566529739065
0 0.8318683086235308 0.7299959332596031 0.10887027725937103 0.03979373011462692
0 0.39470043448965614 0.3618751146359978 0.10853314914727605 0.04183890441582403
0 0.9436564851443378 0.11703280524728686 0.10799220859474269 0.04011966238904143
0 0.9441714450395092 0.8534928396766766 0.1094461947565915 0.04169464466018712
0 0.39428569401083025 0.8532910916706621 0.10753770219931305 0.04166445339740237
0 0.7228336164578701 0.8527256297488813 0.10740574372617535 0.040395058348587864
0 0.831721343412484 0.8121072014560814 0.10911674451040343 0.04025647364234658
0 0.39408808590647837 0.7298407490338795 0.10812564059770093 0.040363334822466304
0 0.11430547925083882 0.484795024593394 0.22861095850167765 0.04007387892804219
0 0.5045752131499662 0.6890288583071827 0.10722981202102526 0.04157166633978382
0 0.39389937714670026 0.894002505647809 0.10793210408890565 0.0400102332490702
0 0.9442413989288834 0.4850354196857929 0.10945255420108005 0.041031146260097046
0 0.9447605855280139 0.07588780685559587 0.10959796832810514 0.039357382660408675
0 0.2853545657864368 0.8939290137581356 0.10715708556896245 0.04014325640690377
0 0.39444846089034713 0.4437140230243564 0.10806681573618171 0.0397059654757235
0 0.7225993639935078 0.8942871093750001 0.1074844612402716 0.0402732150380637
0 0.7230885758939207 0.03769111367282841 0.10883002662901048 0.034931638638732714
0 0.39455263557094783 0.6475232211671169 0.10669841063522474 0.04132043190303929
0 0.28550638782932614 0.40267920216977565 0.10841026451566471 0.04010778734818108
0 0.613454874467668 0.8531179459136012 0.1050366567686825 0.041046100015254536
0 0.28540508265416537 0.8531939915755028 0.1076862572714819 0.04141282170720015
0 0.7228502518340018 0.7710235042385808 0.10767260773209181 0.03994610519089958
0 0.28548178375903355 0.36139866586398767 0.10785935824829257 0.04013394932589494
0 0.11596971545770783 0.5867780315659868 0.22586344460823027 0.08204033007903302
0 0.11423592282674516 0.11667818559817744 0.22847184565349032 0.04005803135260489
0 0.6130536284198301 0.8942103543319242 0.10419468958465693 0.039786125548436774
0 0.832492891381929 0.037624340509603546 0.11076205688631671 0.034783220135960566
0 0.2854335450459617 0.6891652581194068 0.10823076531726493 0.04169952520266737
0 0.8315121797321712 0.36173159263678234 0.10940524613842122 0.0409435518726755
0 0.8319238762086045 0.8531263449867068 0.11023127593412484 0.04080820194458973
0 0.6135801632795128 0.4439114438052069 0.10568803450355384 0.04011618642128661
0 0.9434268471549397 0.8122490493157253 0.10834042695759212 0.040325879496455136
0 0.5045233681665442 0.8533304481382206 0.10785327024350778 0.041848041245351
0 0.28571243964732074 0.6477553306873983 0.10721641453278867 0.04141055168744188
0 0.9435237123520887 0.7706941243716584 0.1073604520727446 0.03879429716556253
0 0.2853827082671538 0.7709342073363404 0.10786975051123729 0.039485574932444215
0 0.9435140956311546 0.443660081679851 0.10745848058290978 0.03914129806085832
0 0.9431252388669393 0.36184212841138574 0.10898211041732847 0.04122086316139296
0 0.9430162364373212 0.6891316334517376 0.10757613030594822 0.04077432189969781
0 0.9436206163263381 0.6476848181986575 0.10858681665442345 0.041245464500523014
0 0.8314866256229153 0.15742021646681414 0.10965225626886119 0.04027796789193253
0 0.6135246926371903 0.15759052469917698 0.10660321285339897 0.0411310696923306
0 0.5045670505703026 0.15748412461682068 0.10682959356635165 0.04082727011055904
0 0.39441567485184054 0.7708989369043467 0.1079364083470656 0.03962682691190144
0 0.2856646856480057 0.1578614089944539 0.10864523435638701 0.04135358837913325
0 0.8310237821508696 0.6475075580307851 0.10823782274956323 0.04122849610283009
0 0.393880473310187 0.03779986446705157 0.10742059535568219 0.034585121896088485
0 0.8318907993418441 0.4437460870534417 0.1087751958088469 0.040024562748794165
0 0.72312801220517 0.6890709387984514 0.10900925438770648 0.04168442957127499
0 0.11478333915506869 0.029330842886232653 0.22956667831013738 0.05551415063901482
0 0.8314908523268743 0.11683406147054605 0.10845474184998412 0.040350473741773446
0 0.39465029569865784 0.15745648712626395 0.1080780610953383 0.04082786599074559
0 0.6138155402797908 0.9350067237985239 0.10441474963022157 0.03892970384414226
0 0.9441379416246427 0.03741866962569417 0.11136147330646443 0.036330210225962306
0 0.2852607542859553 0.934940495972077 0.1072193034267789 0.0393048246091934
0 0.831644797416018 0.8942242865781904 0.1077873103954892 0.040151541979021384
0 0.2855784550706798 0.9771157038150861 0.1083972741869838 0.045632618186308684
0 0.39428637261008975 0.9345558978745351 0.10691149080269219 0.03819648746222687
0 0.6139572705822646 0.029034555484837344 0.10482152141488645 0.05248551189151269
0 0.11486667114412921 0.7303575474070927 0.22973334228825842 0.041154152955747335
0 0.7230666668321156 0.15758496315076925 0.10839626598236976 0.04097903511902167
0 0.5040865635175111 0.9348071606865267 0.1062784934134768 0.03884667787148419
0 0.6143081839536015 0.977241746662163 0.10612524631214262 0.04514717446100651
0 0.9430605586632386 0.15773791991960498 0.10793140610109592 0.04074039929193543
0 0.7226448107553408 0.9347939094461879 0.10700222921795584 0.03872767208565783
0 0.9430812268578264 0.9352302639942178 0.1073546355076636 0.03936725015254533
0 0.5045654607091804 0.9769026057102801 0.10631013552751747 0.04473516587488378
0 0.7229934168891955 0.9768607805962344 0.10829397199114517 0.04474753748256624
0 0.28529305561070517 0.5659463976167839 0.1074037273169472 0.039564395107172454
0 0.11459740519220674 0.5262539418893103 0.22787707801695245 0.04092454045720015
0 0.8313693248937817 0.9349556483539633 0.10802354049197901 0.03887613137784751
0 0.9439031075037723 0.977244130182909 0.11028796805511436 0.04551173963418178
0 0.1147296646328257 0.7709641715971496 0.22901776370508395 0.04043603220522431
0 0.5042888054853777 0.6071487080626856 0.10581250899628739 0.04024682292768588
0 0.1157242001579859 0.9584177780683403 0.23060599651088254 0.08316444386331939
0 0.11418389643541285 0.6892351463527138 0.22832788010110094 0.04031838843125291
0 0.11536283185646373 0.8943954744432095 0.2305525318924172 0.041220324031700374
0 0.394128511033791 0.6078592852747398 0.10744599435653585 0.038609903125555456
0 0.8313468341754685 0.9763668810473327 0.10887880822148982 0.04337042999622269
0 0.11682501815263446 0.36293400927104646 0.2259368935370198 0.20603377223109395
0 0.39546814559115234 0.23902879087667825 0.11066434272296612 0.03969590227296824
0 0.28707711245235074 0.2400173611111111 0.10913675349428206 0.04079861111111114
0 0.11862690597204574 0.15711805555555558 0.23250873570520966 0.03993055555555557
0 0.11981317503176621 0.1987847222222222 0.23013619758576875 0.03993055555555554
0 0.28707711245235074 0.1996527777777778 0.10913675349428206 0.03993055555555554
0 0.39621386594663277 0.1996527777777778 0.1091367534942821 0.041666666666666644
0 0.5065368885006354 0.1987847222222222 0.11150929161372304 0.03993055555555554
0 0.1174406369123253 0.6488715277777779 0.23013619758576875 0.040798611111111216
0 0.4519685117534944 0.012152777777777776 0.21590096886912327 0.01388888888888889
0 0.8351334180432022 0.01171875 0.3274102604828464 0.013020833333333336
0 0.6156736419949175 0.23958333333333337 0.10201913913595924 0.04166666666666668
0 0.5077231575603558 0.23914930555555558 0.1091367534942821 0.037326388888888895
0 0.616859911054638 0.1987847222222222 0.10439167725540024 0.03993055555555554
0 0.723624126429479 0.1987847222222222 0.10913675349428203 0.03993055555555554
0 0.8351334221732124 0.1983506944444445 0.1091367617543031 0.04079861111111112
0 0.9430839024777637 0.19878471366776754 0.10676421537484132 0.03993057266446478
0 0.7248103954891996 0.23914930555555558 0.10676421537484117 0.040798611111111105
0 0.8327608799237612 0.2400173611111111 0.10439167725540031 0.0390625
0 0.9430839024777637 0.23958333333333337 0.10676421537484132 0.03819444444444446
0 0.2882633815120712 0.6080729166666666 0.10676421537484117 0.0390625
0 0.39621386594663255 0.5672743098327829 0.10913675349428206 0.04253479921231354
0 0.5077231616903661 0.5677083333333334 0.1091367534942821 0.03993055555555557
0 0.6156736419949175 0.5677083333333334 0.10676421537484117 0.03993055555555557
0 0.723624126429479 0.5668402777777778 0.11388182973316403 0.03819444444444443
0 0.837505956162643 0.5677083333333334 0.10913675349428217 0.03819444444444443
0 0.9430839024777637 0.5677083333333334 0.10676421537484132 0.03819444444444443
0 0.614487372935197 0.6072048611111112 0.1091367534942821 0.03732638888888893
0 0.723624126429479 0.6072048611111112 0.10913675349428203 0.0390625
0 0.8339471489834817 0.6076388888888888 0.10676421537484117 0.0399305555555555
0 0.9418976334180433 0.6076388888888888 0.10913675349428217 0.0381944444444445
0 0.39621386594663277 0.9756944444444445 0.1091367534942821 0.04166666666666671
