0 0.7518882816230501 0.9398274739583333 0.09044669237120649 0.1012699011600379
0 0.16541320075405883 0.8413934418649385 0.33082640150811765 0.0954324433297822
0 0.6603154958002838 0.9397699991861979 0.09237556910879138 0.10004651618726326
0 0.16567703013913943 0.5982574925278173 0.33135406027827885 0.19510488799124054
0 0.37736570814874254 0.9395564223780777 0.10795419689754882 0.10056855172821971
0 0.16501467175313697 0.7438109426787405 0.33002934350627394 0.09603123520359849
0 0.5693143057701746 0.185319602504776 0.08980836204438146 0.23948699997581616
0 0.16441233817911716 0.9403112238103694 0.3288246763582343 0.0989559289180871
0 0.8450426448180842 0.9399436257102274 0.09596027056915853 0.10159172289299243
0 0.4768588806048718 0.9396457556522253 0.09130608084246339 0.10110584605823864
0 0.8456452504078681 0.1849189639244538 0.09108155125875425 0.23892552855691537
0 0.5687045500517296 0.9397772124319366 0.09149667322129669 0.1005340576171875
0 0.37798111143257906 0.45222415346087835 0.10687359484428055 0.10020294189453124
0 0.37978742563866197 0.15911956772659763 0.10675059190630305 0.2877014348001191
0 0.164981019517157 0.3522361292983546 0.329962039034314 0.09951981053207862
0 0.6602779058122877 0.5509254917953953 0.09040467241219227 0.09832527854225852
0 0.16494731546865052 0.159136624769731 0.32989463093730104 0.28699616518887605
0 0.660362101167896 0.45224313446969694 0.0904446716826719 0.10023119377367423
0 0.377882978507335 0.5511122732451468 0.10715726842702143 0.09820325446851326
0 0.3777843404099573 0.6477128924745501 0.10750739157503447 0.09618567264441288
0 0.9375982883628236 0.5507935495087594 0.09210122178082555 0.09780920780066288
0 0.7538251893022467 0.18346798721496108 0.09532100761685586 0.23753896940654384
0 0.9372339944888052 0.9404205322265625 0.09282711527748302 0.10174819483901515
0 0.1657124180947581 0.4504993785511364 0.3314248361895162 0.10016812411221591
0 0.6597849873411635 0.7446492744214607 0.09038928409181345 0.09636928673946496
0 0.752266331722862 0.8416568640506629 0.0905288152257534 0.09652894915956439
0 0.3775947972347861 0.744112303762725 0.10752337573946838 0.09626672918146306
0 0.6602110935593299 0.8412040479255445 0.09155413331321625 0.09616893421519887
0 0.6606541942861974 0.6477585763642282 0.08996753012587541 0.0967825224905303
0 0.6595929960241139 0.3532977017489347 0.0902924464797326 0.09718378240411932
0 0.7519543425943733 0.7448133988813921 0.09170283526435168 0.09632549863873105
0 0.37785854890107706 0.35406341552734377 0.10679623874217423 0.0970279578006629
0 0.8451526169056397 0.45217407688950045 0.09461081331573641 0.10082818233605587
0 0.9374806221150785 0.7441773154518821 0.09322399923068762 0.09702393502900093
0 0.9376165781846879 0.4519028634736032 0.0923898175535866 0.09970471931226327
0 0.5687934085347252 0.35419964645848134 0.09094196831228779 0.09664304328687263
0 0.751893955094705 0.35368789904045334 0.0914940825949703 0.09718380552349667
0 0.3776123357750159 0.8411641901189632 0.10750902366962013 0.09726331306226327
0 0.5689209450687739 0.5511499347108783 0.09167102237306345 0.09796295166015626
0 0.5689614624645187 0.45233383178710945 0.09111020358592423 0.10011360862038353
0 0.9369986101807884 0.8413922396573154 0.09300794099506579 0.09729715983072916
0 0.9372685016314728 0.6478864727598248 0.09232018151793292 0.09688683712121213
0 0.9374493273490555 0.3537969762628729 0.09216018443601443 0.09555333455403646
0 0.7520816977845793 0.45227917757901276 0.09158294107796582 0.1003374041933002
0 0.7522063069108792 0.6481122797185725 0.09178169392972729 0.0968339862245502
0 0.8449875421961215 0.35406808564157194 0.09421993961560908 0.09570599180279356
0 0.8448736323565498 0.5509314565947561 0.09408486435895055 0.09736776640920927
0 0.4773542472178745 0.744469706217448 0.09179656412484082 0.09686972878196022
0 0.8443757139766156 0.6477577209472656 0.09407989035640388 0.09640526049064867
0 0.5686737734109719 0.8412338256835937 0.09197345209040747 0.09668958259351326
0 0.4769778162595169 0.8409260605320786 0.09136260830890545 0.0964633826053504
0 0.5686740324736046 0.6475415085301256 0.09179915475116723 0.09609240907611269
0 0.7518642665170044 0.5510460824677439 0.09148527446546054 0.09827515573212593
0 0.8448652387272523 0.7443210023822207 0.09392258752586483 0.09639679879853219
0 0.6600341796875 0.18503273472641454 0.09602208291330645 0.23769700021454782
0 0.476867429671749 0.4523900118741122 0.09174161694045788 0.10054723566228693
0 0.8441097343716839 0.8410106774532433 0.09373228011592742 0.09653514515269887
0 0.5686955864846402 0.7444971951571379 0.09140320342344016 0.09613929517341382
0 0.4771611678377679 0.6477263248328007 0.09170304251445777 0.09633026123046876
0 0.9390523551073062 0.18573714882578918 0.09000716670866944 0.24274843659348774
0 0.47676680974523156 0.35412420793013133 0.0918709410066718 0.09635169289328833
0 0.4766840262809714 0.551336854876894 0.0915865679548228 0.09866120309540721
0 0.4776364830030043 0.18096204526496656 0.09609252204312128 0.24117404475356594
0 0.7071724349211912 0.037372424416373534 0.5519981274252334 0.04990692710534475
