0 0.5237498342255016 0.35608117388665944 0.10563593734929592 0.0663631132412391
0 0.5240090688069662 0.8277960677429107 0.10452586044499905 0.06743680870044576
0 0.4214935420471945 0.8277498514409853 0.10401151209701727 0.06745774033217944
0 0.7289645348066165 0.8282098842499288 0.1029428552698206 0.06676125417891692
0 0.42139151066909597 0.3561197029079038 0.1047175136613257 0.06659678805037225
0 0.524239033828547 0.9629812515559797 0.10358490178614486 0.06432762782743741
0 0.9327886134018134 0.8278182960243978 0.10337226773485725 0.0670980126434465
0 0.42219087812635636 0.9629565689017451 0.10515592127670477 0.06456760064965858
0 0.832223962854456 0.9629191049856552 0.10418343249662425 0.06421889448382967
0 0.7296858422550154 0.3558167036458827 0.10493205506124614 0.06606034552381686
0 0.6272197770483701 0.9630118617519443 0.10561050603419174 0.06448165129457512
0 0.31947074701756606 0.9628154656232217 0.10441330332814912 0.06435930312855652
0 0.6271816536232278 0.8277738857703433 0.10534051023883585 0.06760750337869878
0 0.6269845844786844 0.35597745348361626 0.10550228165991513 0.06594936619760053
0 0.8319435590579185 0.6937304715285352 0.10491453571084106 0.06625690373375853
0 0.729814906179169 0.6935262955012922 0.10539495209116995 0.06580465082333554
0 0.5233839058581694 0.4236130895310722 0.10594591682339892 0.06696737518079002
0 0.7294634595329379 0.6273876879030729 0.10315855049792631 0.06414822707226858
0 0.6266559082784771 0.15286876580060343 0.10602098629798418 0.0674985616449521
0 0.729705763451847 0.4237300195534782 0.10500147313247492 0.0663435014137187
0 0.5230938946759259 0.15299736567079025 0.10535430908203125 0.0673386106360845
0 0.7299321727988161 0.9630151033763277 0.10513027803397473 0.06461631763325114
0 0.4216458591414087 0.7611563744783763 0.10381802217459973 0.0667652367460167
0 0.4216628839940201 0.4901804945718537 0.10397235258125964 0.06724069042524185
0 0.8315660217661915 0.7616662819939064 0.10344710173430266 0.06607495598800266
0 0.8315357396632065 0.8274763046519347 0.10500359240873362 0.06629751665639226
0 0.5235845071298105 0.7612156267412153 0.10454705320758585 0.06677880525950777
0 0.8311749446539232 0.4907257589476242 0.10282092624240452 0.0677580999857739
0 0.9335483032980083 0.9636445805226908 0.10387043894073109 0.06520823824568475
0 0.3197863661212686 0.8279524066560365 0.1032400013488016 0.06748756327650797
0 0.42133542049078293 0.4236468255791208 0.10349285455397618 0.06682108530325304
0 0.6269342398937837 0.7610930470305981 0.10567125862027392 0.06681594501315914
0 0.6264607700300805 0.49032861365172137 0.10524820398401331 0.06727713554509673
0 0.7290180818534191 0.7619555506612172 0.10451300350236303 0.06593264867756544
0 0.9327244699737172 0.7612161592937927 0.10287607452015818 0.06638596669314302
0 0.5232630600163967 0.4902782063925574 0.10461661256389852 0.06711834225922325
0 0.7291473577051987 0.49041372944624906 0.10493685875409914 0.06721489635693285
0 0.6267645800555193 0.42375095118521194 0.10523803145797164 0.06651725248067622
0 0.4215173132625627 0.22070718860770935 0.10492602689766589 0.0672051020204026
0 0.8316438462999132 0.4240585350302898 0.10410450122974536 0.06581085621858403
0 0.6268062356077595 0.6935051091704999 0.1061553955078125 0.06620480619902314
0 0.5231884614920911 0.6935203679595623 0.10562670672381365 0.06654624186444898
0 0.42186220192614904 0.2883654581397003 0.10352219475640193 0.06821461331681525
0 0.9323885411392024 0.4904381805558849 0.10255799470124422 0.06718349890933233
0 0.5242268833113305 0.28842664379993954 0.10437261322398245 0.0680602425327793
0 0.8315191622133608 0.28862143069370017 0.10346659907588253 0.06771345818712064
0 0.4216458238201377 0.8963907383642354 0.10508607935022425 0.06870872949070561
0 0.8314348385657793 0.15303755602453115 0.1037478976779514 0.06693582722920026
0 0.9327782054006317 0.42377933855302774 0.10295076723451968 0.06625384734505406
0 0.5233834113603757 0.5582889678445679 0.10390495959623362 0.06868608442894063
0 0.5237685780466339 0.6258440958350128 0.10368224720896026 0.06775972079796566
0 0.8315558256926362 0.8961396514012709 0.10613156542365934 0.06984941080235205
0 0.8319441241982543 0.22044062867692824 0.10580293631847994 0.06627453585495899
0 0.729749279257692 0.28832694069568593 0.10515801700544947 0.06792372383731268
0 0.7295334662920163 0.15298433549849144 0.10384872813283662 0.06736087364926142
0 0.31939077966007184 0.35622159410861626 0.10393679583514177 0.06662686569375949
0 0.4214828750233591 0.6257885019768351 0.1018174018388913 0.06763251019537178
0 0.9327370914412134 0.15302273138159142 0.10326168860918211 0.06706392927849962
0 0.5240084801191166 0.8964535795683566 0.10627529944902586 0.06895314796922421
0 0.5238697852617429 0.22074285805315821 0.10534498426649305 0.06736086207203149
0 0.8314447520691671 0.35614638842291824 0.10398728170512635 0.06619508132587254
0 0.9341569070961236 0.061255001877074174 0.09866690930025075 0.1191458698469518
0 0.9332489673002266 0.6937906036608499 0.10357016104239004 0.06641653058018779
0 0.6269199936478227 0.22071799016324448 0.10559246863847899 0.06718187809714056
0 0.7293940179141951 0.22079567916476492 0.10565623530635128 0.06729022939216023
0 0.6273523495521075 0.6263896612187618 0.10412607075255594 0.06675139037900701
0 0.6268913834183304 0.8965161429189586 0.10528781090253664 0.06878801036134294
0 0.42106972211672933 0.5582877638126541 0.10356328516830633 0.06879111305896718
0 0.730110733597367 0.896265241191673 0.10646904839409724 0.06859203101289833
0 0.9323395623101127 0.3562168127126506 0.10312765615957754 0.06575887445614804
0 0.42091905334849417 0.6936053448273307 0.10367539488239054 0.06662163278582606
0 0.9326645180031105 0.22054529262421163 0.10314555227020641 0.06700314882130833
0 0.4211016878669645 0.15324207936867235 0.10273829801582995 0.06669909603136262
0 0.729377911414629 0.5609345964307308 0.1029349904001495 0.07071552652871302
0 0.6274491533821012 0.2883950958483498 0.10472544917353878 0.06808944030669101
0 0.9329025833695023 0.8964316754493078 0.10307707609953703 0.06903937517782625
0 0.320209620911398 0.4235881753322387 0.10313156504689912 0.06665497520805672
0 0.8318325325294778 0.6270677627308777 0.103499565595462 0.06482660643790307
0 0.8307373612015335 0.06188102747131371 0.10200670030381945 0.11801535641839545
0 0.8309557879412616 0.5594157333258251 0.10431228449315201 0.06955683104727807
0 0.3193380096812307 0.8963052984072695 0.10413916317033178 0.06888664836044196
0 0.13524740364080595 0.7610314561673107 0.26785726422145045 0.06753002855593228
0 0.31995522534405746 0.28842207079411275 0.10373685389389227 0.06852358642948596
0 0.13537365400496823 0.2884840089742982 0.2678352936550423 0.06745783295001896
0 0.31996264281096276 0.4904004156318167 0.10459045127586082 0.06737841315262234
0 0.9325368904773099 0.28856649673762924 0.10234926953727816 0.068149294585487
0 0.13497436193772305 0.964332036436599 0.2699487238754461 0.06585165437689681
0 0.3195164056471837 0.22046076147979599 0.10496219587914737 0.06697234181243479
0 0.31968023747573665 0.6935365297725602 0.1040744310543861 0.06611945885989662
0 0.9329519860538436 0.6261665448433351 0.10191731394073109 0.06713751415200588
0 0.31972329410505884 0.15303959940561576 0.1045133802625868 0.06718539757504267
0 0.7288763729142553 0.063236664567985 0.10168551221305941 0.11625239628399629
0 0.1336195674943335 0.060059195765956946 0.267239134988667 0.12011839153191389
0 0.13540270032338153 0.8286068906190723 0.2679129288888272 0.06629214482169954
0 0.6268498691511742 0.5589975406258891 0.1044571958942178 0.06963041592078434
0 0.13486607243985305 0.15403085341041112 0.2670949896176656 0.06572583304189586
0 0.31774705722008223 0.06310711066169333 0.1035824292971764 0.11476521788670911
0 0.13559821073287798 0.3563440696241642 0.2671987419878995 0.06725965392788552
0 0.13307573765884212 0.5901426509226219 0.26615147531768424 0.13325766764569896
0 0.6261133029137129 0.07578661228347801 0.10265063062126253 0.08730969407308807
0 0.5230523097662279 0.07516451851551015 0.10351911003206983 0.08831458026613921
0 0.4197348959651994 0.07412438544590304 0.09927445870858652 0.09075121669740344
0 0.13439322106632184 0.4903369955661988 0.2687864421326437 0.06529215000829856
0 0.13505818290107044 0.6935448885325777 0.266545135481858 0.06536466977665023
0 0.5221245023939344 0.01725757423965755 0.3084566799210912 0.027570635599233725
0 0.13529761002203564 0.424122094022667 0.267596257413611 0.06760111274777124
0 0.13559796688733278 0.220525536081317 0.2663810477580553 0.06649042803890245
0 0.13581533095350973 0.8964859958121917 0.2668407013018926 0.0683246433101764
0 0.31956124011381176 0.760983572744274 0.10390689049238039 0.06733701297835262
0 0.3203543439323518 0.6261763477024131 0.10259849642529899 0.06734778591156233
0 0.9327332296489197 0.5589952946432806 0.10350111973138504 0.06906345581610394
0 0.32053537721987124 0.5590373662968868 0.10370480572735823 0.07003802703255406
