0 0.3342345653136084 0.6569658031636494 0.2512141268677507 0.21460398878575812
0 0.336571769480325 0.44473832467531516 0.25412099639330904 0.21289747071050086
0 0.847553417931501 0.6567015863977528 0.24891400670752004 0.21397607348116496
0 0.5911322751659557 0.6562232625448452 0.25476121024851417 0.21441742588746224
0 0.3353779798636407 0.8687453716543145 0.2502576207822086 0.2126343142229985
0 0.5923086763159628 0.8684378448209733 0.2594413991354726 0.21454604226656912
0 0.5928436934582294 0.44458280949434126 0.25776457055214724 0.2146125862605622
0 0.8497362149715193 0.8688556636568282 0.25143647012588977 0.2127956148360792
0 0.8458966741971691 0.44646799477601007 0.2490517699359173 0.21297385685393472
0 0.3353655996498155 0.22379240744783802 0.2553112287462855 0.2301609004732345
0 0.5902164669855972 0.22348082965954552 0.25451126566693827 0.23058251095682472
0 0.8485833453549212 0.16923102295290662 0.2466444843975336 0.33846204590581325
0 0.11145261752824842 0.22421613848821637 0.19276318228317915 0.2279644415817952
0 0.11020500782816005 0.654611087940182 0.1923315941630706 0.6343888999905756
0 0.36953256267608503 0.0591045196683025 0.6995676576610654 0.09947616456138401
