0 0.3919389495538839 0.5562158896411806 0.0803833940121404 0.1730923662772857
0 0.47247002129642146 0.5555101787461849 0.08030035636575547 0.1734580264729299
0 0.3920344024471741 0.9048158682076035 0.0799888719609216 0.17418928207105894
0 0.7942288276377131 0.9059032918035098 0.08177349766500126 0.17365525685045116
0 0.7938213775696918 0.557295521859657 0.08090551807535641 0.1725586326258957
0 0.09719332469226043 0.3830617646367939 0.1877716064552697 0.17529898380944706
0 0.3915728318472744 0.7312433522218352 0.07980946465082421 0.17584111887937898
0 0.4722059447993572 0.7307507622267283 0.08057728318721359 0.17589781289394243
0 0.47239702150923657 0.9056285040140659 0.080394270949354 0.1750737086982484
0 0.09646113767166961 0.8172090984712487 0.18965634602411677 0.3484304058059761
0 0.9550417338757796 0.5558872425379014 0.0811679941088022 0.17246805178891322
0 0.22984405641885977 0.5561855664425341 0.07954997200587131 0.17329892686977508
0 0.23002019287855224 0.7304115700367403 0.07970238897319724 0.17647395366822585
0 0.9549021050789206 0.7295930380527635 0.08137739068864562 0.17713173382348063
0 0.09804900342244291 0.15607831018043153 0.1851936586087128 0.2786536346434784
0 0.7941971602119399 0.7307358921966229 0.08127036162646385 0.1771915379097001
0 0.39195534265211307 0.3824154961134471 0.08018123836478487 0.17549334159575702
0 0.09878333097200119 0.5579887131897886 0.18625079893796007 0.17110765803844744
0 0.712746614351292 0.19510880245524603 0.07927012394984725 0.20726150059143195
0 0.6332594799655518 0.5572252860747579 0.08153470227771767 0.17454843055417327
0 0.9555672142510503 0.9059253538743198 0.08193926218813646 0.17557760509968814
0 0.8746177844263143 0.5558132487497511 0.0784717567583694 0.17256899953141588
0 0.6333459360779181 0.729946322754943 0.08220136529802062 0.17720566281847133
0 0.9556000004475083 0.15568511349380396 0.084020610739403 0.2820830203418772
0 0.5523349117115899 0.7310546097482086 0.07978214799993635 0.17737606882795912
0 0.8741682250727948 0.7312665805695164 0.07839891235600178 0.17760407595624336
0 0.5521728764240708 0.5562354247787702 0.079767231057472 0.17445567914634752
0 0.310926449031791 0.5568165708246251 0.08134911065189028 0.17276726659948913
0 0.7133104747764447 0.5566290918176088 0.08059387828570518 0.17281799964337846
0 0.8741219203972281 0.9059132375534932 0.07853204606749618 0.17342426923682988
0 0.3109754729416608 0.9052162251401605 0.08147574927801998 0.17378587986000532
0 0.6329934611582707 0.9059074709622976 0.08198855025219577 0.17457033064208466
0 0.5525332759694024 0.9063606019232684 0.07934439789253436 0.17372523346271232
0 0.22992216836653515 0.9051413566443571 0.079320903708153 0.17472142829004114
0 0.47248242100484505 0.19334832776630506 0.08123894281639829 0.2065900733769573
0 0.3919246075352437 0.19349505592556768 0.08021045071044425 0.20718525524098907
0 0.31089283929580097 0.7302015430102178 0.0817581145680849 0.1768622590731157
0 0.5522084750857228 0.19523985066990945 0.08067644977763813 0.20731248470881436
0 0.7940913742282969 0.3833997851977176 0.08166677937245417 0.17565082136992433
0 0.47227832304727274 0.38275567639911756 0.08020554055021639 0.1747255102590897
0 0.7130373393445296 0.7300499918101447 0.08040126326613418 0.17792123847200106
0 0.7925691934806994 0.19430020812210763 0.08151854225671461 0.20859236828587363
0 0.7129016262450675 0.9058410579738091 0.07914444870958504 0.17462994034882567
0 0.9554533482569054 0.383645302677357 0.0816539756635056 0.1767058807826599
0 0.8745547914213658 0.3834714788287055 0.07863752128150459 0.17501111850617035
0 0.8754377811843648 0.1582951581396621 0.07949940978630982 0.2754948520323271
0 0.31015546064512767 0.1567512108835825 0.08110627525935588 0.2750435138283509
0 0.6334162010923172 0.15760564090451365 0.0806873577918151 0.2732197181412111
0 0.22977920656534415 0.1570154056427585 0.07876004220997486 0.278896639554617
0 0.7131675207444946 0.38423718818939917 0.07989675984120417 0.17624539579808585
0 0.31102724716279756 0.3831463629526191 0.0815232348781982 0.1757900942662719
0 0.22959613994279848 0.3827933860179472 0.07917328813168278 0.17544024360154592
0 0.5523218438484518 0.3832589734638319 0.07953418490842987 0.17320957710282311
0 0.6330303495139066 0.3839159275063031 0.08162824393775459 0.17673701389580013
0 0.47232091567433293 0.05212918512380806 0.23860451523937892 0.07423478124501093
0 0.7531000481164725 0.051888513970020735 0.1615707424746712 0.07423041783067579
