0 0.6185953839225058 0.9723374991581357 0.08227886571153598 0.04308429586476293
0 0.7839847667370275 0.9722632572568696 0.08107781262131213 0.04335990116514009
0 0.45246530220868914 0.972589111328125 0.08436713998608955 0.04307103650323276
0 0.45281682300765075 0.6633828261802935 0.08481561569940477 0.056540285307785564
0 0.45253357186327314 0.524823234821188 0.08335285700132636 0.04591585356613685
0 0.28688408671945764 0.9722909861597522 0.083476712244638 0.042994847790948275
0 0.45312002430791437 0.6131576538085938 0.08380212250703609 0.04361498602505388
0 0.9502434898360669 0.972589690109779 0.08437642794464932 0.043946470063308186
0 0.9488988208968199 0.8786185955179149 0.08178211788706652 0.056865087048760775
0 0.4525021855135142 0.473742544239965 0.08437481676816447 0.05590583538186961
0 0.2870597286500793 0.06702388401689201 0.08332736250283061 0.06550397872924804
0 0.6181934111853811 0.8778539460280846 0.08180094653775233 0.05812414761247306
0 0.3703385031247979 0.972082677380792 0.08347590665639558 0.04331317770070043
0 0.7016817965616103 0.9723607030408137 0.08391177728309394 0.04290297935748923
0 0.6183585725709272 0.6634442296521417 0.08161329186480978 0.05625415670460668
0 0.7845910429707719 0.6633597538389009 0.08242456661248058 0.059618193527747845
0 0.6184513257897418 0.3728034183896821 0.08129307843636775 0.057134957149110994
0 0.20600358003414937 0.9722973001414331 0.0840672242221872 0.042972748855064656
0 0.7836826869419642 0.31714987919248383 0.08167287380305382 0.055747775373787715
0 0.2059272387012932 0.473877163591056 0.08245781687229069 0.05610562028556035
0 0.4525924903759059 0.20992560551084322 0.08339740129237837 0.04452609358162715
0 0.45289215340624195 0.770983728869208 0.08461857829281509 0.04422891551050647
0 0.4527360272456894 0.3727070380901468 0.08393885136637876 0.05700360002188847
0 0.8664673988863548 0.3166829997095568 0.08269758204742494 0.05671042080583243
0 0.8667721007921682 0.8214025563207166 0.08334186309119436 0.056683349609375
0 0.2869877232774691 0.6634120020373114 0.08319172355699242 0.056347866716056044
0 0.45252526324728265 0.9284465921336207 0.08395568974023034 0.04421470905172414
0 0.2872949209272491 0.7205640332452182 0.08310137130705712 0.057816972403690735
0 0.45241646144701086 0.8778723881162446 0.08419376475964027 0.058119043810614224
0 0.4527524075399521 0.7204895545696389 0.08423635036555382 0.05807463547279095
0 0.28703925723121276 0.8778818064722522 0.08300139938575635 0.05798108331088362
0 0.2872357654768981 0.25995228208344556 0.08230996773603293 0.056746384193157334
0 0.784261983867511 0.21026294313628097 0.08104034487011516 0.041866460339776396
0 0.28731058251043284 0.7710459478970232 0.08295284294934006 0.04422760009765625
0 0.205841064453125 0.663196747878502 0.08270965007521351 0.05609320278825432
0 0.0856156003647956 0.6755713827576684 0.152383516047065 0.45936325396496
0 0.866552570098182 0.8780045607994343 0.08314580502717392 0.05817755337419181
0 0.8672158693428118 0.9722996678845637 0.08306518301953934 0.042909714271282325
0 0.9499639033284 0.7709887537462958 0.08357905354312241 0.041984768571524785
0 0.2877295831715838 0.1651357124591696 0.08160779490974379 0.04480400085449219
0 0.7841402610636646 0.47377642927498653 0.08219287311561853 0.056814943510910564
0 0.2871737588760028 0.3727915928281586 0.08275804855315087 0.05727399628737877
0 0.28809295875438745 0.20989149027857287 0.08134714762369794 0.044067527507913526
0 0.618597942849864 0.47365346448174833 0.08148054355913562 0.05633781696188039
0 0.7841320788144571 0.8782812973548627 0.08193818086422748 0.059181950010102374
0 0.6190812642036264 0.2099211857236665 0.08075690417556287 0.04415535762392241
0 0.28688706423678506 0.3167674360604122 0.08296061450650233 0.056854879445043104
0 0.9491614742555481 0.5243292709876751 0.08217410764832428 0.0444494313207166
0 0.6184416271391369 0.2601118021997912 0.08128619144668738 0.0567492517931708
0 0.8663270685736931 0.25997018485233697 0.08255200751326346 0.05692556973161369
0 0.7840515199902142 0.3729880760455954 0.08160950086131599 0.05696574244005927
0 0.536111851409849 0.3171586003796808 0.08306060222365101 0.05654315290779903
0 0.28680946713402156 0.9284330170730065 0.08240840746008832 0.0439453125
0 0.784161585458317 0.7711802778572873 0.08138494708770057 0.04478712410762392
0 0.4524042354607434 0.31673593192264954 0.08410631894571688 0.05724463627256196
0 0.5356441363538027 0.9736768525222251 0.08283838623552342 0.04476244696255388
0 0.28711131788929056 0.524993896484375 0.08265332208163496 0.04566902949892242
0 0.45266505650111605 0.5693133387072333 0.08398709188583721 0.04301342142039332
0 0.7843160372589933 0.5701372343918373 0.08113960597826086 0.0403717041015625
0 0.20526262840128834 0.5248378885203394 0.08335909636124321 0.045110136887122836
0 0.2870632195324631 0.8213878763133081 0.08288751132246377 0.056951904296875
0 0.4525462401332816 0.26005358202704065 0.08419806123026657 0.05677471818595097
0 0.6186677604975415 0.6132299488988416 0.08105645663496377 0.04359614931303879
0 0.45280529203869047 0.42386924480569776 0.08346216426873058 0.0440069264379041
0 0.7841052574647387 0.2598686218261719 0.08139044404276657 0.058183183341190735
0 0.28698345050061463 0.47381586535223597 0.08296010903936983 0.056042059536637934
0 0.45244903248536167 0.16520333783379917 0.0837870532681483 0.044473411296976025
0 0.20558055143178622 0.8779039580246497 0.08207688420455649 0.05786669500942888
0 0.61847530388684 0.5249358341611665 0.08124385857434006 0.04584808349609375
0 0.9491448254318712 0.663177779625202 0.08236890204451346 0.053011506179283414
0 0.20540821083337377 0.8213309452451508 0.08380578714374677 0.056780058762122845
0 0.20547868400873848 0.3729508498619343 0.08380820390847406 0.05683088631465518
0 0.6183997365505306 0.3168904534701643 0.08168601594849896 0.056963058997844825
0 0.45274462018694195 0.8212848794871362 0.08421610008855784 0.057119698360048494
0 0.8669818696521578 0.6634556737439385 0.08226256439651268 0.05673943881330819
0 0.7007905948236122 0.2600869145886652 0.08215805906686724 0.05651921239392511
0 0.9494893960577607 0.37409461448932513 0.08304616481867882 0.05377841817921605
0 0.9491145921790082 0.928637642695986 0.0814850295799366 0.044048125168372844
0 0.28733062744140625 0.5695325917211073 0.08286504962676307 0.043265875454606674
0 0.6185609173824081 0.8213122400744208 0.08200104833883282 0.056997838513604536
0 0.8669606084408967 0.7710536035998115 0.08291859755111282 0.04459775727370689
0 0.8664628496821623 0.7204068940261315 0.08256300142339544 0.057895844558189656
0 0.20519088366016838 0.31677688072467675 0.08387625242118757 0.056754013587688584
0 0.8665831824513943 0.37293941892426585 0.08297489395299561 0.056857904894598604
0 0.6185497339221014 0.7204311502390895 0.08212248681741718 0.057857329269935344
0 0.6186906012935914 0.9283166819605334 0.08075222860458721 0.04434888116244612
0 0.20551157096404712 0.7709582361681707 0.0835392953939813 0.04412910198343211
0 0.8668125381627686 0.9285119944605335 0.08266112523049302 0.04406706711341595
0 0.36999587538819884 0.47409381208748647 0.08169871581020317 0.055552462873787706
0 0.7840781201980623 0.42392987218396416 0.08172575830179218 0.04295814777242726
0 0.6189813712615652 0.7710761234678071 0.08172954930528598 0.044230073073814664
0 0.5360120848345706 0.8780735147410426 0.08287825495559976 0.05701067694302263
0 0.37013560545864066 0.6632100335482893 0.08167628570619824 0.05600328116581358
0 0.5361100190914937 0.16651635992115943 0.08192090020663496 0.13399793032942148
0 0.7008390880766369 0.7206205696895205 0.08242425069552278 0.057953933189655166
0 0.7007757783182907 0.8214920833193023 0.08273372294739907 0.056770535173087285
0 0.7011558896019345 0.6636645349962959 0.08210744917022515 0.05774025752626617
0 0.7839645164600317 0.9291870117187502 0.08060096756518505 0.04297338025323276
0 0.7014434056252427 0.8779720174855199 0.08162908771270057 0.0578387556404903
0 0.7009659919185914 0.3168501097580482 0.08253652758233049 0.056843487969760235
0 0.5365496649258378 0.7716321484795933 0.08182609352759446 0.04314612026872307
0 0.20514359878950728 0.6131077733533136 0.08341717769393762 0.04347418423356682
0 0.7008519774885158 0.6131985894564924 0.08211730577930901 0.043492705246497836
0 0.8663433382970206 0.6132132694639008 0.08142032978697593 0.0434051513671875
0 0.6187283217783546 0.5693765574488147 0.08141502238208463 0.042894139783135776
0 0.20519151549408401 0.72041015625 0.08357341442542539 0.058062744140625
0 0.2873566511008063 0.6131372386011584 0.08276112874348956 0.043439773033405175
0 0.9493890608319585 0.47488984732792294 0.08286065838104943 0.05361175537109375
0 0.9498484988637098 0.052881072718521646 0.08245432598990683 0.09099943966701113
0 0.9497868950569358 0.31800506854879446 0.08473233998932454 0.0597887499579068
0 0.7009862106038917 0.21027442669046334 0.08232549505450958 0.04414867532664332
0 0.7019143114425627 0.4738156285779229 0.0820088198959951 0.05601064747777478
0 0.20521352700811982 0.16618256404482085 0.08198913826952316 0.1325513905492322
0 0.8664336273635642 0.42396296797127564 0.08247056412153857 0.04390545549063847
0 0.6188507395995082 0.16520014138057312 0.08089824542248963 0.0446173174627896
0 0.0854999402048178 0.9285748711947739 0.15421618783449287 0.04304557011045258
0 0.7009501644790049 0.16536481133822736 0.08232884377426242 0.044557242557920256
0 0.37015561879791825 0.21009382708319302 0.08233588872242172 0.04409746630438443
0 0.08595867384047735 0.972876187028556 0.156934766789154 0.04548676589439655
0 0.9491454888574825 0.1661484225042935 0.08129876494160843 0.13489875793457032
0 0.5363866991631486 0.4235187004352438 0.0835372577296034 0.04372776952283136
0 0.7840455807514073 0.7203860315783271 0.08180524300837862 0.05653186666554419
0 0.36966451009114587 0.5249308882088497 0.0812491027958398 0.04555511474609375
0 0.5362768232452203 0.8214636704017376 0.08264409730646674 0.05665056952114763
0 0.5353706628392695 0.26026933604273306 0.08247789339495988 0.056383409171268856
0 0.2873873345353342 0.42409291760674833 0.08238725681976256 0.04388885498046875
0 0.9492564704847632 0.8211161646349676 0.08302095464544515 0.058283417800377164
0 0.9495443656084207 0.6135535141517376 0.08294241768973214 0.046398767931707975
0 0.20505540267280914 0.26001689516264814 0.0837488115204047 0.05681499612742457
0 0.3696322707656008 0.7206274361445986 0.08259253965895122 0.05814971923828125
0 0.37012295298448017 0.8778877258300781 0.08216333488006276 0.058053220551589436
0 0.28728838934414624 0.12135729954160494 0.08221634574558424 0.043590190492827315
0 0.5358691797987027 0.5251091792665679 0.08219002986299818 0.045337861159752156
0 0.7837742396763393 0.8212104008115572 0.08186520404697205 0.054566587250808186
0 0.8666295274691059 0.4738999202333648 0.08179355408093944 0.05545080776872306
0 0.535975454263312 0.4741124120251886 0.08355213741831652 0.0580169677734375
0 0.9492650002426241 0.4244209158009496 0.08261228446881469 0.04613750063139817
0 0.7015484796054122 0.3728340148925781 0.08160735262600284 0.05715495142443427
0 0.8666792527982661 0.1651138897599845 0.08204843588250517 0.044323927780677536
0 0.7012246331319553 0.569367139092807 0.08200496570910973 0.04283868197737069
0 0.7016132425817644 0.05328702762209136 0.08183064273178701 0.09002869375820817
0 0.20578209065502479 0.5692265477673761 0.08361795871647743 0.04336169012661638
0 0.9488340895121635 0.5684474024279365 0.08213209069293478 0.043775361159752155
0 0.7010122421612156 0.9285013133081896 0.08273302793009188 0.04410316204202586
0 0.866671449649408 0.053056570990332244 0.08161076452914726 0.09067788206297775
0 0.3705574177807162 0.05320761943685597 0.08224259844477873 0.08999632802502862
0 0.20517399000084918 0.424017439217403 0.08343793343806612 0.04379083041487068
0 0.5361616083307049 0.6130239552464979 0.08346908285010675 0.045207793137122844
0 0.36981194853535837 0.3167650420090248 0.08332151803911103 0.0567174977269666
0 0.3698678342451961 0.2600739577720905 0.08248414855072465 0.056280517578125
0 0.7012719890839318 0.7710335567079741 0.08252047900087345 0.044521147629310344
0 0.6193646733064829 0.05302089534956833 0.08242589346370342 0.09010316832312222
0 0.3698277443832492 0.8213304453882678 0.08275008744581394 0.05663604736328125
0 0.7006145658947173 0.5250863963160022 0.08173435124304478 0.045823827283135776
0 0.6188242973501391 0.4241093602673761 0.08152546695053701 0.04372432314116379
0 0.784327189127604 0.612029713597791 0.08158410113790762 0.041726579337284485
0 0.5363160285396853 0.928729721595501 0.08239016325577446 0.04456902865705818
0 0.784001036460355 0.16591839625917632 0.08102581269005564 0.04531451258166083
0 0.45213242051023883 0.05245536339694056 0.0854446063624159 0.09126665715513559
0 0.8669215611049107 0.5694906037429284 0.08185951754173136 0.04350243930158944
0 0.20496614033637825 0.9285206235688307 0.08211362534675044 0.04409884748787715
0 0.3698998998164144 0.16520704729803676 0.08274313727274198 0.044058609008789065
0 0.37035493080660425 0.5694086009058459 0.08177305107037719 0.04257075868803879
0 0.6189255171434234 0.12132255619969862 0.08151952771173007 0.04371392480258284
0 0.7005377980739681 0.4241871011668238 0.08220557297732273 0.04368554477033944
0 0.9489187552568581 0.7199282679064519 0.08202442619371117 0.05994836215315194
0 0.3697016935170808 0.9285646635910559 0.08092149691058488 0.04367296942349138
0 0.5364009944054897 0.052655956662934406 0.08221429228535843 0.0908837811700229
0 0.5360767372399876 0.7204812148521686 0.08291638613240812 0.05804522284146013
0 0.36943591258047026 0.6133560969911772 0.08168898556790244 0.0435339039769666
0 0.5363330248720157 0.3732471466064453 0.08248089460605913 0.05544604597420528
0 0.7836354889484667 0.05289449691772461 0.08262820668348861 0.0913839340209961
0 0.7837179432744564 0.5258557286755793 0.08092528791407867 0.047218112287850215
0 0.08529170625698491 0.2498542426914558 0.1557069629369068 0.3027112703749982
0 0.3700891972575376 0.7711816985031654 0.08117410411005435 0.0435705250707166
0 0.08533381181720869 0.42382770406788794 0.153967473324288 0.041905054552801725
0 0.5364310065164822 0.5688039056186018 0.08265013132036103 0.041698639968345906
0 0.9494281397596401 0.2597920516441608 0.08247492377555642 0.05675325064823545
0 0.7011298580446106 0.12111932820287244 0.08220462522644928 0.04331069157041352
0 0.7842337408914822 0.1210238818464608 0.08131392895558359 0.04319464584876751
0 0.37033584942235215 0.12093595636302026 0.08237291418987772 0.04370379612363618
0 0.8665800548735119 0.524896292850889 0.08173719449566512 0.04574953276535561
0 0.4519852821871361 0.1210977784518538 0.08564537158910779 0.04459730345627357
0 0.36966939100814417 0.42409257559940733 0.08183838269725349 0.04379872289197198
0 0.8658896183622056 0.121134850074505 0.08142386805690346 0.04399333822316137
0 0.08610397268773112 0.06626529035897091 0.1563358025521225 0.06503038077518858
0 0.5361625560815783 0.6639780768032731 0.08275435232474443 0.055719572922279095
0 0.865906488327753 0.21080658353608228 0.08116961808925337 0.04471426338985048
0 0.3702078398710452 0.372998099491514 0.08323511475114842 0.05628672632677802
0 0.20481739873471466 0.06630585275847337 0.08032425590183424 0.06387452421517208
0 0.16856004715542583 0.020014297551122183 0.32088318162163454 0.026045440805369385
