0 0.3917964881574603 0.8688708012646967 0.11000882000990315 0.2160020582746751
0 0.11399846110545413 0.6565977417596497 0.22587661810324225 0.2133227811001315
0 0.11314585511113556 0.44320431322154435 0.22629171022227113 0.21151336820998995
0 0.503135487731074 0.8687836675360653 0.10984746368838028 0.21531518615118347
0 0.11692730876761423 0.8700603825030941 0.22485441154157612 0.21488982852142635
0 0.11400699111777293 0.1742375333710472 0.22512253707563373 0.3257338481374306
0 0.28165349826006825 0.17670971273195626 0.1138153935821963 0.32386896987952807
0 0.2809264169612401 0.8689172574789218 0.110308085696798 0.21653233896387686
0 0.8323629459864657 0.21540019535782315 0.11093002104423416 0.238681170019773
0 0.7216635690608494 0.21649018844755571 0.11043623803367078 0.23852161369701425
0 0.9426622417611135 0.8696568932863745 0.11359906263754402 0.2160905139281018
0 0.8309577189700704 0.8690675036741955 0.10941024565360916 0.21583995252552599
0 0.3916022502200704 0.6553851401451791 0.11102793518926056 0.20956016767143024
0 0.7221143695670115 0.4436160927951926 0.1111997792418574 0.2113957169032333
0 0.8303873841191682 0.6546020885505298 0.10894904338138205 0.21071639863571318
0 0.9425027766697842 0.17454384164054793 0.1122499277893926 0.32331223417036603
0 0.9422258403939261 0.44101250525748376 0.11062235227772887 0.2102680772838026
0 0.3915350900569432 0.17720794913792376 0.11172695965834067 0.3263829250146847
0 0.6112564086914063 0.8682756707219794 0.10966698015239879 0.21466842500290068
0 0.9422726483412193 0.6562262620076094 0.1112762880996919 0.21374470172542157
0 0.6119005874848701 0.1756412853108774 0.1076716463330766 0.3286608540185607
0 0.5011194363446303 0.17698409533736728 0.11208590655259681 0.3268643983519903
0 0.2804657734615702 0.6545775574032624 0.10926498627998459 0.20894709672078052
0 0.28102487913319757 0.44283266350774475 0.10970639510893486 0.20902112450930152
0 0.5014249774771676 0.6554062720572595 0.1099368243150308 0.21061638558265006
0 0.832204727387764 0.443568503502572 0.11073531029929579 0.21401902000502784
0 0.721715878768706 0.6545513266384012 0.1083370584837148 0.2084469181476253
0 0.502861366809254 0.4419557174833695 0.10942146408725792 0.20863772854946627
0 0.7213555349430568 0.8680623120600635 0.10827271367462588 0.21697484384668936
0 0.3914154052734375 0.4418991202175027 0.1105984540052817 0.20933959507706143
0 0.6119197791730854 0.6567028347808536 0.10978204431668134 0.2111079527599977
0 0.6118101522956096 0.4432714292318514 0.1093778798277949 0.21222373282555307
0 0.7772116647639744 0.057256783589278125 0.2157007351727553 0.08124770740471264
