0 0.15571665131778395 0.7187725141936662 0.28956112180662263 0.5321216957241881
0 0.7843977564530408 0.25820042105282054 0.14147224700708183 0.13266959844851026
0 0.5085847017576368 0.9209247165256076 0.14230107918060084 0.13328233108021856
0 0.7837730243051653 0.7862853505253012 0.1408121671608026 0.13009773204529207
0 0.7843433901560393 0.6551458072039037 0.1413635144130789 0.13297271728515625
0 0.7843410848713607 0.9207019681244892 0.14101289159102406 0.13255040785845587
0 0.5081779425092738 0.7863359638288909 0.14171133796088128 0.13021132525275736
0 0.5079762575437696 0.6547710692960453 0.14294186598963018 0.13277804306130003
0 0.5079131092098977 0.38923753476610373 0.14203594399870728 0.1303810917474086
0 0.7844407061021105 0.38912338057374646 0.14032910024519446 0.13055075851141237
0 0.5080677142246164 0.25791567758797046 0.14334723932279958 0.13410559510873035
0 0.15840578550915066 0.10213346418991585 0.2911851431826036 0.1765938179165709
0 0.7845903849430222 0.5239200467377707 0.14054151576199977 0.13380023233251634
0 0.5087037532449626 0.1023395096958173 0.14305293131217683 0.18072645250985378
0 0.15952183617104732 0.3889824362362132 0.28825185110243107 0.13131115483302697
0 0.9244636700307721 0.257933261347752 0.13988522316912094 0.13125144110785592
0 0.1594538251273066 0.25645593256732213 0.2899952603758668 0.13343029396206724
0 0.508395078370897 0.5238032870822483 0.14209094150460883 0.13315542383131637
0 0.9241079152059213 0.6545358296313317 0.14073526945045525 0.1307718114915237
0 0.6475038048174742 0.25720567640915415 0.1371987980904339 0.13219908172009037
0 0.6475792205590994 0.6542762556886362 0.13690657581356788 0.13052861830767462
0 0.7851735945228192 0.12967861399931066 0.14023639486848022 0.12035205317478553
0 0.9241188653081441 0.5232931897531148 0.14055375572588805 0.1335244770922692
0 0.6476966528583773 0.7860416836208767 0.13619166312457845 0.13083838169870812
0 0.9242112139146105 0.13091442943398468 0.1408259439811432 0.1213971243964301
0 0.6451636389862719 0.13034728617449992 0.13766616711513602 0.12437610376894086
0 0.6482923768407151 0.38921475877948836 0.13733524898830934 0.13138814689287173
0 0.37245873924639583 0.10215509327408535 0.13680912264817052 0.17724495931388506
0 0.9239187446429575 0.7869380876129749 0.14244979748622977 0.13039592668121935
0 0.9238832871690928 0.3895054362178628 0.1424719721293278 0.13039031683229932
0 0.37230090957751377 0.25689744014366 0.13604525010362803 0.13256827211068348
0 0.3701028428455856 0.9198257845211647 0.1358950328550856 0.13272822760289008
0 0.6474106054511859 0.5234108719171262 0.1365872389978642 0.1333947275199142
0 0.6472675131379272 0.9207026662390217 0.13564020609684127 0.1327825808057598
0 0.9240360671667743 0.9204990162568935 0.13969734246782262 0.13239821889042075
0 0.3688434902712595 0.6542174894046161 0.13802189449612184 0.13044898338567198
0 0.37249519842134104 0.38972518023322616 0.13643294958759555 0.13051670049530228
0 0.37015763452249784 0.7859621484295216 0.1367602007061562 0.12981085683785232
0 0.36966053530466636 0.5235920575709125 0.13804173641067616 0.13220519022224775
0 0.7874195414603681 0.03938165634952317 0.4141708565885927 0.056815297968794004
