0 0.9227093783291903 0.7568367807488693 0.13875205300071022 0.05266073126541941
0 0.9224763812440816 0.8099452771638568 0.13923173384232954 0.05383043791118421
0 0.6444056424227628 0.9708526611328125 0.13699456417199338 0.05267751593338816
0 0.503765869140625 0.9703657451428864 0.1478079131155303 0.05410670230263157
0 0.6442304437810723 0.6504261016845703 0.13976722486091384 0.052312469482421874
0 0.644785586270419 0.2772716923763877 0.13556782115589489 0.05283078645405016
0 0.9226091789476798 0.650451640078896 0.1394067012902462 0.052999275609066615
0 0.7836358272668087 0.8102736623663651 0.1367483428030303 0.054133365028782895
0 0.6458213343764797 0.8102035522460938 0.1369273330226089 0.053634322317023024
0 0.6460409915808475 0.91781957525956 0.13752728086529356 0.05605203728926809
0 0.7834934350216028 0.9699054517244039 0.13872990463719223 0.05430257696854441
0 0.923070271809896 0.5972916653281765 0.14016649650804924 0.05389536807411596
0 0.7832081881436435 0.8633888244628907 0.13715418035333807 0.053016341359991774
0 0.9222263682972301 0.7039793717233758 0.13869101784446022 0.0525564896432977
0 0.7836702982584636 0.6503207357306229 0.13815700646602747 0.05300859150133634
0 0.921567928429806 0.8631715473375823 0.13862202962239584 0.05309865851151316
0 0.9217835859818893 0.3305741761860094 0.13877184318773675 0.052611622057462996
0 0.35980258132472187 0.9171554565429687 0.13918528701319838 0.054461991159539466
0 0.35934546499541314 0.8632078471936677 0.13767411203095406 0.0527069091796875
0 0.35939255916711055 0.6503103155838816 0.13875290841767282 0.05271799187911184
0 0.6445193897594105 0.11819740596570467 0.1389473192619555 0.052843886927554484
0 0.6451087951660156 0.4914498379355983 0.13888693144827177 0.05396194458007812
0 0.5028653693921639 0.8631802609092312 0.14658369584517045 0.05290856612356085
0 0.9214515917228931 0.9169916253340873 0.1372326475201231 0.05406831440172697
0 0.6449056220777106 0.7569349590100739 0.13618279659386837 0.05290495219983553
0 0.50291791973692 0.2771573618838662 0.148165107495857 0.053100967407226564
0 0.7823576493696733 0.27741262536299854 0.1380303585168087 0.05299877367521587
0 0.6455851699366713 0.597455496537058 0.13801861387310607 0.05328541805869655
0 0.9221551143761837 0.5445368716591283 0.13868075284090908 0.0526009810598273
0 0.7832875107273911 0.5447526831375926 0.13685219504616478 0.052905956067537015
0 0.9216104680841619 0.38394809522126855 0.13688826127485795 0.055054875424033714
0 0.7830990415630917 0.7040012560392681 0.13764417243726326 0.05289708187705591
0 0.6444983048872516 0.330679652565404 0.13786838415897254 0.052679824829101565
0 0.782825215657552 0.757187170731394 0.13573099772135416 0.05334496749074836
0 0.9217427571614583 0.2773614883422852 0.1387793338660038 0.05316525509482936
0 0.3591911200321082 0.7036419517115543 0.1393338983709162 0.053069747121710524
0 0.9225171638257575 0.2240266398379677 0.1379385283499053 0.05305213928222656
0 0.5026172291148793 0.5447106210809005 0.1477449821703362 0.0528594970703125
0 0.35911316149162525 0.5977456946122018 0.1393924366344105 0.05342579891807155
0 0.3606111584287702 0.9701395135176809 0.1413946671919389 0.0540008544921875
0 0.6452060352672231 0.3849705545525802 0.137200234153054 0.05592173526161595
0 0.6455144708806819 0.8630343387001439 0.13640969016335228 0.05273172478926809
0 0.9244301998254023 0.9700707285027755 0.1424280340021307 0.054725807591488485
0 0.5024491050026634 0.7570031417043586 0.1460893573183002 0.05309400056537829
0 0.35926898609508173 0.2772208263999537 0.13864928736831203 0.05289906953510485
0 0.9225811120235557 0.11829125755711604 0.14005931507457386 0.05260338030363384
0 0.3593446789365827 0.8104890923751029 0.13904509110884233 0.05280817935341284
0 0.923489287405303 0.17083669963635897 0.14043449633049243 0.053362274169921876
0 0.7829944494998817 0.9172242817125822 0.13644954796993372 0.05371286492598684
0 0.7827895886970289 0.330721042030736 0.13661808823094224 0.05296590704666941
0 0.6453229499585702 0.5447162828947368 0.1380826083096591 0.052978515625
0 0.6447560165867661 0.43829321610300165 0.13724836869673296 0.05112039666426809
0 0.5024777961499763 0.8103102834601151 0.14617263331557764 0.05398029528166118
0 0.5031327681107954 0.91720922369706 0.14743541370738636 0.05448038201583059
0 0.9216839877041904 0.05975819637900905 0.14025222315932764 0.06459149812397204
0 0.6433805061109139 0.7037239074707032 0.1385363954486269 0.052640011436060855
0 0.7827990445223721 0.059708690643310545 0.1364828398733428 0.06384194022730777
0 0.7829287211100261 0.5974623629921361 0.1358583854906487 0.053699493408203125
0 0.782757753314394 0.22400658256129216 0.13725789388020834 0.053241147493061275
0 0.502140507553563 0.1710411523517809 0.145021796948982 0.05286354265714946
0 0.35882860819498696 0.5444843693783409 0.13774689183090671 0.05329674168636924
0 0.3596401099002723 0.22415667082134047 0.13830173376834753 0.05331934878700659
0 0.7831380439527108 0.1709503173828125 0.13681506532611268 0.05335773668791118
0 0.5011587663130327 0.7036996941817434 0.14475314978397255 0.052873792146381576
0 0.502350477738814 0.11855542032342209 0.14553597190163353 0.05334063078227795
0 0.6441486705433239 0.22423740186189348 0.1373217958392519 0.05202970002826891
0 0.9210715553977273 0.4366608067562705 0.13545014352509469 0.05393636603104441
0 0.35915090387517756 0.7571419966848274 0.14020316384055398 0.05291860480057566
0 0.36060562133789065 0.4389634182578639 0.1383082071940104 0.05280171444541529
0 0.7830561782374527 0.11832120794998971 0.13683194247159092 0.053213681672748765
0 0.5013074470288825 0.6502904992354545 0.14460458466500947 0.052835845947265626
0 0.5025764927719579 0.5974517822265625 0.14641663522431345 0.05320627312911184
0 0.5023800243030895 0.3849525853207237 0.1445296316435843 0.056453182822779606
0 0.5028234770803741 0.22420222633763365 0.14668042732007575 0.0524250632838199
0 0.7823617183800898 0.3844272814298931 0.135145615086411 0.055790389211554284
0 0.3601276628898852 0.38505977831388777 0.13998887033173532 0.056549754895662004
0 0.7831611170913233 0.4912057374653063 0.13766095710523202 0.055103221692537015
0 0.5020653002189868 0.3305930890535053 0.14468679717092803 0.053169611880653785
0 0.9224332867246686 0.4903270721435547 0.1384700890743371 0.05662042718184621
0 0.6441644148393111 0.17100093239232111 0.13588048761541194 0.05283861662212171
0 0.35930747985839845 0.3304923509296618 0.13933246496951943 0.052825546264648436
0 0.5014523824055989 0.4913954684608861 0.14590033328894414 0.05458337884200246
0 0.35987548828125 0.17116363425003855 0.13767432010535038 0.053854942321777344
0 0.5015588702577534 0.4386992404335423 0.14500283905954073 0.05208262393349095
0 0.15119872743433171 0.46773549130088404 0.28241487127361875 0.1031280517578125
0 0.3596207243023497 0.11822340613917301 0.13796106974283853 0.05326786041259766
0 0.5043461886319247 0.04773149835435968 0.14915341463955967 0.08678549026188097
0 0.14765699054255632 0.7032884698165092 0.2895958625909054 0.051738779168379934
0 0.3601588278105765 0.49178601315146997 0.1357421181418679 0.05187004490902549
0 0.14806225227587153 0.27693538665771483 0.2873701095581055 0.051583280061420635
0 0.14988686677181362 0.046647989906762784 0.28630719907356034 0.0901608827867006
0 0.1484953967007724 0.330426045467979 0.28484283216071854 0.05232909353155839
0 0.7818718881318064 0.43761405944824217 0.13613415342388732 0.05370752434981497
0 0.14946835113294196 0.3870670318603516 0.2828945188811331 0.05916671752929688
0 0.35820099801728217 0.04762004080571626 0.14019692160866476 0.08717860108927676
0 0.14774570681832055 0.6502712852076481 0.2902320009289366 0.05148813348067434
0 0.14853538816625422 0.7567767093056126 0.28379373116926715 0.05230769107216283
0 0.14776524485963763 0.2240471187390779 0.28492688554705997 0.052749011391087584
0 0.15102232441757665 0.9709822002210114 0.28667531446977096 0.05385019402754934
0 0.6441794655539773 0.049009715883355384 0.13511361786813447 0.08475843479758813
0 0.14747149727561257 0.8104204278243217 0.2873827500776811 0.05368307013260691
0 0.14753548882224343 0.5976308722245066 0.2876335086244525 0.05304621646278782
0 0.147520755999016 0.17131712060225637 0.2850189497976592 0.05264019213224712
0 0.14748365806810784 0.11821657983880293 0.2834887995864406 0.054058888084010076
0 0.14767678650942714 0.5449832916259766 0.28456322496587577 0.05273361206054687
0 0.8564584905450993 0.015952920619078995 0.271269179835464 0.022456490955317016
0 0.15074930769024472 0.9171232926218135 0.2844266775882605 0.05390279669510691
0 0.14713248917550753 0.8633867364180716 0.2818071134162672 0.05227010626541941
