0 0.4035579891441982 0.9630268564581751 0.1309503585788327 0.052251411909511145
0 0.5333763651060169 0.963111637815033 0.12918519042101465 0.051627579431041036
0 0.664091147495629 0.9632138887074944 0.1294502000825655 0.05161131575718718
0 0.7932973695690636 0.9634337884193738 0.12589032188401977 0.05135517835375507
0 0.9224975477526921 0.9632599588102362 0.12885280358431395 0.05164260632361322
0 0.6637290019548595 0.909848075024142 0.12945562061153973 0.05417367921653369
0 0.6638578750312223 0.6281932146715901 0.13084278818133882 0.05372101726744554
0 0.17149855696710348 0.7144654495254718 0.3307057426411983 0.22871282977536095
0 0.66580831686938 0.06162368224626133 0.13026046075363565 0.11097710376573308
0 0.40414848801933007 0.9096987027648492 0.12845585824752997 0.054248071610625635
0 0.5326123957523867 0.7352048493204628 0.12732746673096138 0.05419730173901342
0 0.40394977142713423 0.41294324385962833 0.12955015463685057 0.05223533375284954
0 0.4043194515031777 0.6280609718330483 0.12876753866354906 0.054201321278178824
0 0.5323438356443578 0.9099007000676766 0.12666242203111122 0.054242320577665905
0 0.5325500054638933 0.5740972671586088 0.12705101975327487 0.05251428977092832
0 0.406017242485846 0.6813612051889406 0.13085601427203597 0.05227299374287614
0 0.5325376737604768 0.681577332717911 0.12781840404015873 0.05298228780790906
0 0.6633311622307949 0.8559417879207035 0.12943236654224022 0.05399780891828141
0 0.534967452975827 0.30546786260943043 0.12922324253441386 0.05335656874327191
0 0.4054394276485139 0.3054530212340505 0.13065889673588754 0.05336256713248797
0 0.5350161022233709 0.36001126213035084 0.12815274226729018 0.054299150677558264
0 0.6657553311986568 0.6813974428804932 0.13071388800233127 0.052225872376044834
0 0.92361870286308 0.909784164351412 0.12609792814373336 0.05459610186328521
0 0.9231851689557199 0.3057350692053334 0.13147205738995893 0.05384503551046416
0 0.6629208552900895 0.7353762053670372 0.12802156546611346 0.05390925537851444
0 0.40567859493818 0.855825283123971 0.1304534315851188 0.05383034873274442
0 0.40494838192873694 0.5740748195783466 0.12724320460805671 0.05320503211673632
0 0.5350302227013488 0.6278330021233062 0.12978600185251998 0.05273777614852457
0 0.53387662572505 0.06236638051760595 0.12753225431560836 0.10909150026006419
0 0.6633476677415214 0.3596075767200165 0.12900842697116452 0.0544458947766274
0 0.923181347482793 0.5742670463090489 0.13050378829928952 0.05286906048157295
0 0.6631898490404363 0.3058579588854325 0.12906951633270428 0.054060390051133486
0 0.5346510024943106 0.8557182706235753 0.1287526322088699 0.05388260274189463
0 0.4054108479094971 0.25181708678890025 0.1313599066454818 0.05179576622558099
0 0.663485213664243 0.46720488914482017 0.12882266544321713 0.05405865855733916
0 0.9233974639729962 0.6280353704605179 0.1315652362830262 0.053694735665210234
0 0.9229907616840586 0.8558437730041318 0.12551820256993784 0.053995087999461754
0 0.6632438104063749 0.41308491715544254 0.1284635553986734 0.05187635798584726
0 0.9235802442100077 0.6816754713126109 0.13048134730933614 0.052402113708681614
0 0.40388084940122676 0.3597078642221932 0.12887253430978018 0.05442075719707764
0 0.9237681739495449 0.7351173470447853 0.12625539451043516 0.05442524052922366
0 0.663462068005523 0.25185271381969515 0.1299106740189276 0.05275221556998797
0 0.7948754210666906 0.7352623596500603 0.12805056529612566 0.05415104611907928
0 0.5326231555024007 0.4132493781463716 0.12675565512946826 0.0512797346955737
0 0.7953855741511018 0.681344261285382 0.12688444689789632 0.05219557123464413
0 0.9230210624410248 0.2518584803124208 0.1311925207107571 0.05260104997783688
0 0.7944989653294293 0.3604395904077223 0.12791635299872336 0.05429172998986829
0 0.7944055967178479 0.30566213002924736 0.12823426702306284 0.05383081252572505
0 0.5345255443512017 0.2517604035567851 0.12958495443286522 0.05207881908165527
0 0.40492796008582643 0.7353040700987842 0.12736307960632215 0.055006094858156024
0 0.92345874305305 0.412889397494578 0.13113739393108903 0.05236633981010955
0 0.7924251522518179 0.6281459077875665 0.12475905748709479 0.053859289414735306
0 0.7952472964569688 0.9103642147725114 0.12537634732668185 0.053797141155331824
0 0.5344137188384631 0.1980346787905862 0.12833194495517872 0.0544077864533862
0 0.40444741664093725 0.06149670080090245 0.1282767910728658 0.1105245862688337
0 0.17211434324511837 0.059242614496805034 0.33478216887790824 0.11214369964213117
0 0.5338944321627304 0.14469705599057275 0.12748861905736567 0.05363230913001837
0 0.6652748284077348 0.5741551485225905 0.13010196448642872 0.05391902595063956
0 0.5325479727655279 0.4671886563904984 0.12718300963379772 0.05424213506047366
0 0.9235496453239481 0.35981013057442063 0.13083070040172623 0.053507610657294834
0 0.7938041348228657 0.2519856523477077 0.12837173163784968 0.05286770002216312
0 0.4050787185479227 0.1980958453548474 0.12955327144101078 0.05437357399118224
0 0.40354315044613115 0.4672259608059065 0.12973298907915187 0.05498182302550342
0 0.7923883739627275 0.07948689910053845 0.12391849605905861 0.0761647287231569
0 0.7928056733858098 0.5741601265672494 0.12566493628927064 0.05281884716153749
0 0.6648360365872696 0.19817600424166507 0.1299692699371392 0.054476381435220364
0 0.793926367751235 0.14486816468089064 0.1268299163764154 0.053455202050484416
0 0.7942272884172402 0.1982159058977647 0.12645378587089254 0.05436473100501837
0 0.922538825080831 0.4670530587827302 0.1294287347878275 0.05451592751670149
0 0.664435269777559 0.7958677034851508 0.13167744123279307 0.06647427297049138
0 0.40546777701504916 0.5208570640741752 0.12963972887814998 0.053438381825053824
0 0.6653345626370311 0.5209251643434967 0.12974193295195938 0.05416681508042047
0 0.17013985471763576 0.9634554320918027 0.33872919454244266 0.051628135982617784
0 0.532222361590045 0.7957744501765134 0.12685463398853797 0.06601987952760892
0 0.794335292457052 0.4134466756803286 0.12555880233195493 0.051772406519123605
0 0.7944820803816746 0.7960657121683448 0.1285425867111179 0.06657173133548633
0 0.79443359375 0.8560295684721696 0.12773910170126554 0.053987110760195044
0 0.6650167841259159 0.1444830039351907 0.1298728387266874 0.054479960371054174
0 0.5348724853081983 0.5208961618224417 0.12831768896397647 0.05400924914513678
0 0.9221432619789354 0.07953506400157614 0.13062575020121003 0.07417425292845072
0 0.7928583338247946 0.46729603992527863 0.12575854882465587 0.05419884771561549
0 0.9231505317755745 0.5210867652777118 0.13155889426412634 0.053374502071856005
0 0.17012157660394536 0.14405096917891574 0.3366830209220493 0.05218031244558163
0 0.7934108212404944 0.5211369631379812 0.1264974211291352 0.053262109572885005
0 0.9232197790332205 0.7960119431021245 0.1307638652794738 0.0665414920331497
0 0.40491682089878445 0.14456351839662684 0.12898137853158304 0.05363183760715473
0 0.4055954982290047 0.795412382456307 0.12938504532429507 0.06505890047175786
0 0.9232388321925649 0.1984927284681326 0.13126824550052732 0.05387119343457129
0 0.9229242246908997 0.14460920973510125 0.13045429886975465 0.05397088573575624
0 0.17009013806524328 0.8555838015787266 0.33573730017321574 0.053343180585897924
0 0.1714920754119304 0.3594182100460281 0.33502591227976936 0.05301360929386715
0 0.1709296165520514 0.46632978908921446 0.33837216277317306 0.0536274238439558
0 0.1731535092552009 0.5747577392825481 0.33155923795954156 0.05183486397384752
0 0.17363115483448308 0.5203097419777418 0.3322229503950048 0.05400788868572695
0 0.17154589935898992 0.4146325788720159 0.3310881186124487 0.05559514286307941
0 0.17155906446873612 0.9098335737636144 0.338156447740897 0.05368076003672746
0 0.1690572507110413 0.25145577659722884 0.3356964405010691 0.05249210500668852
0 0.1696505005575624 0.19758513971423425 0.33655499797943006 0.05547327352753768
0 0.17080684982862185 0.30522764876499964 0.33312881437542174 0.05319158212029826
0 0.8584183308413355 0.023130290293282892 0.25254211967834145 0.035024109582408224
