0 0.5528705799637209 0.3806570215162888 0.16973010814132322 0.054802057270390794
0 0.7224759825185878 0.43669731788385924 0.1706804653296724 0.05786914035905161
0 0.2380938322647758 0.7191159117455577 0.47068307480374394 0.1665275091699006
0 0.23918770534404807 0.08505896402600024 0.4733964222064916 0.1634456168592366
0 0.8914659656764229 0.11549993278154361 0.16689923420044536 0.10036864104094328
0 0.720758336753661 0.8340333095043573 0.16784638483167272 0.056367894922726036
0 0.8900958812179196 0.2032566112111077 0.16964810136435687 0.07246747983047386
0 0.7228501914204031 0.5504833877995643 0.1707405422044837 0.05604104434742647
0 0.7217261641497772 0.20294718856645308 0.16713909941594957 0.07202549022267327
0 0.7221807212645305 0.4944954998872379 0.1686908519210447 0.056710436453227125
0 0.8902046830181916 0.8343922733481414 0.16829736681951993 0.05642281326593137
0 0.5537889452948087 0.08586234802254404 0.1652122534415572 0.15984546592812132
0 0.7219811038694519 0.38038771552457795 0.1680810900701993 0.0564413631663603
0 0.5532242226715826 0.5501373058310781 0.16903948207984226 0.05562726189108456
0 0.8092792743129732 0.035637981573084565 0.3442223280643516 0.05773319226024267
0 0.23846815807231958 0.9558544616034348 0.46097574487400517 0.06893269324874046
0 0.7210851107242603 0.9552665161930658 0.16786702473958337 0.07201117887476172
0 0.5527769632385549 0.4372147703482435 0.17020762715362697 0.0567644239770561
0 0.720904585243999 0.323939404456444 0.16805882845523853 0.05536008348651961
0 0.5530177683070086 0.833979454954725 0.16967648123773396 0.05631138088916122
0 0.7230475973967768 0.7205517006335954 0.16917647946859904 0.16966250882948666
0 0.8890905702747586 0.38077483665449685 0.16705676092617755 0.055395122187329796
0 0.889911190899098 0.7781460165717762 0.1680577227458862 0.05355050413177423
0 0.5538840915845787 0.20308030404816005 0.1687967051630435 0.07189097020101444
0 0.7206670051611564 0.8905236736621731 0.16776913260492146 0.05665339052287582
0 0.24165601085349558 0.8300651932593784 0.463621595631475 0.05870551481226171
0 0.889952986712617 0.5504663837241711 0.1665958275541591 0.05563450898480052
0 0.5541792054107224 0.7173225884863494 0.16399682086447012 0.17034912109375
0 0.5537489554732319 0.9552491630604065 0.16962056920148325 0.07173578931355529
0 0.8892340176347373 0.3241670562810628 0.166923633520154 0.05430021265233524
0 0.7212838066948786 0.6065046522352431 0.16688493369282156 0.055665591703261165
0 0.7223915431810461 0.11557084127189286 0.16972122560952596 0.10163708190253097
0 0.5531259066816689 0.8905788579537718 0.1696527453436368 0.056791683687363835
0 0.8905962146998604 0.955293875634021 0.16986032384605224 0.07304206133408224
0 0.7223123006774607 0.2675339360122847 0.16968422120320048 0.056580071875212766
0 0.5533520058157363 0.32384866618902336 0.16961540922450558 0.055444488857826116
0 0.553265889485677 0.49429580588745914 0.16957637768436742 0.055633278973481755
0 0.24091477785709398 0.26673098794775074 0.45594399677958464 0.056095613633365675
0 0.88999352938887 0.49458125162228517 0.16728254677592844 0.05583782653143723
0 0.8899104537595298 0.267742190225971 0.16915959897248642 0.05580393473307291
0 0.5532496355581975 0.2673941219554228 0.16909878495810687 0.056003080214290575
0 0.8901610443557518 0.8905006691261573 0.1679924858940972 0.05566858362268518
0 0.8902974888898325 0.43708415644361037 0.16773684589183277 0.056813624429806635
0 0.2396632643137577 0.20277929202144182 0.46469037486735165 0.07026501159003097
0 0.5533300574850921 0.6067019526994826 0.16887513681310387 0.054922864328022875
0 0.24054705635936938 0.8903583867357706 0.45612452110806523 0.056036523224741286
0 0.8902241435027929 0.6071424629693457 0.1673553024513134 0.0565525295947372
0 0.2386966362091654 0.3779462427874796 0.4571704795395119 0.05395747166053921
0 0.8915571129840353 0.7213593526603348 0.1688618683008756 0.056158061640454796
0 0.24024418413927012 0.3228301170864396 0.4581369489863299 0.05276339661841299
0 0.2376308688794933 0.4354486569340192 0.4564397012553929 0.056981471109494135
0 0.23972435216396906 0.4940215798504732 0.45622392668240314 0.0554872733055896
0 0.23661889747720985 0.6060613162637017 0.46072445111574184 0.05850086752365877
0 0.2398198572333884 0.5499574914736945 0.4552169767554831 0.056277838148063045
0 0.8931913145498378 0.6640837426279105 0.17053731282552087 0.057262079907918026
