0 0.680528183613927 0.9481695831039262 0.2073849764737216 0.08765924020352371
0 0.4705429392412674 0.2912191713131503 0.21762734405265366 0.17222621171471564
0 0.47206664282428334 0.9482242032650174 0.21091114390980115 0.08785139341111027
0 0.1865031064049272 0.33607432850945473 0.36290696140163203 0.261779488509075
0 0.8882608019615994 0.9483371145959901 0.21078472295083292 0.08810762240849028
0 0.18749226666679067 0.16082840614736008 0.3587429139239729 0.08498427992458042
0 0.18721606785600833 0.5106343006305533 0.3597032634679936 0.08547098523646339
0 0.4722792254991767 0.6839627790856622 0.21173808200300231 0.08617852582966283
0 0.18836712935739314 0.9461362521239937 0.3575871463649529 0.08971863905395656
0 0.4710562367084597 0.508792084593095 0.212684158451301 0.08704076792460888
0 0.47125381280568024 0.4214338114890265 0.21094181912004456 0.08593542346977522
0 0.4720776455461486 0.7715467821494343 0.21094588602869963 0.08595047831390494
0 0.6799070500145273 0.5978939570893929 0.20577612002033832 0.08711678376319487
0 0.47063080338407154 0.858477345648542 0.21369353995835486 0.08670804103698358
0 0.47379036580235506 0.15882619531012682 0.21165847778320312 0.08598607597490128
0 0.6799468048347914 0.7730178925710055 0.2056761812572637 0.08786540999012757
0 0.886787036233697 0.248169881605146 0.20706365916354597 0.08691185618663616
0 0.8870142471691794 0.42297628409662624 0.20682803067294034 0.08726555232144212
0 0.4712709001273164 0.5972658252368431 0.2127895197592491 0.08657492061721599
0 0.6799246102325186 0.42322339119337593 0.20552081904135458 0.0873141282963434
0 0.8868276737938242 0.597992666436864 0.20697771813258656 0.08754291743003872
0 0.6783557292843654 0.6845231455991798 0.2076293062572637 0.08576336810829283
0 0.8882708273643304 0.06233011213281754 0.2092609878413933 0.11012546520766192
0 0.6799536145423069 0.24821980176255884 0.20504023023873322 0.08691691772905909
0 0.6786563022077575 0.33255511037054786 0.20574175621852406 0.09067083940471217
0 0.8868916409074769 0.7730058412795222 0.2071113271161544 0.08730674919786603
0 0.8890896001137978 0.685281746587371 0.20984428973237346 0.08429511291578068
0 0.6791951833677686 0.8594190150245862 0.20319271875807077 0.08706127366057867
0 0.8899685568060757 0.15930026994151306 0.2126878470428719 0.08710359223413294
0 0.8885663875863571 0.3351475007623833 0.20868626113765493 0.08386762579620102
0 0.6787589207168453 0.15998020380699185 0.2042793715295713 0.08708312357906003
0 0.6789778086764754 0.5095342216630753 0.20332342731065986 0.0871280563558437
0 0.6795010212039159 0.08458839036424713 0.20610304903392948 0.06440631963792433
0 0.8898749548541613 0.5089163426785103 0.2123784467208484 0.08611144648722281
0 0.8909549870766884 0.8593186741176527 0.21486008068746773 0.08710235929431195
0 0.19162010013564557 0.08425720696895408 0.3612441888525466 0.06506063987388935
0 0.47062103019272983 0.08379109546017098 0.21012310942342455 0.06462411428569734
0 0.39401418159940477 0.029613948814576182 0.7772757921639025 0.03715908254117046
0 0.1867980035868556 0.7290467921921479 0.3559431546975755 0.3494957182812545
