0 0.21129707084907282 0.4220810004825985 0.42259414169814563 0.08167738816304833
0 0.2114030272096068 0.6693488166283151 0.4228060544192136 0.08337713803365601
0 0.7024862100789835 0.7307925040741103 0.18208423656421704 0.039700500433639214
0 0.5167716225424965 0.7307994436129142 0.18591140914749313 0.03971088242082587
0 0.7033995240599245 0.48385144731458424 0.18402354481456043 0.04052073206342323
0 0.7028343787560096 0.27759396955170795 0.1823141580099588 0.03970883334440745
0 0.703624985244248 0.8126911378483102 0.18394983312585855 0.04029773790706132
0 0.7037448421939387 0.027643921979325307 0.18197618421617445 0.04716240473912033
0 0.5173265561952696 0.48394860085783636 0.1885449419964801 0.04056193215994293
0 0.21261230746468346 0.07193358411934084 0.42233438125023476 0.04062273850265954
0 0.890609607067737 0.27752619976429616 0.17917634733430632 0.03955187409075649
0 0.7035718645368303 0.3595465486777501 0.18419491275326239 0.040077694420741945
0 0.5174859183175223 0.7719664543787068 0.18836586082374654 0.03989366003734893
0 0.21217912946428574 0.5251227424095652 0.4243582589285715 0.03990600913789727
0 0.8904355227292239 0.730796629547966 0.179489504635989 0.03951619284005707
0 0.8913557786207933 0.027647144578884196 0.17883548946171016 0.04717719480195212
0 0.7030881776914493 0.6068830498650123 0.18268600296188187 0.03945712479716876
0 0.5163379375751203 0.27758642895048813 0.18611409952352337 0.03957922243068767
0 0.21457959013980824 0.7314882338207112 0.4277412800998478 0.04124473906459825
0 0.21662844190230734 0.6072577029973562 0.429833145063002 0.04092694097261078
0 0.8904812655606112 0.4840710809856199 0.17962686727335164 0.04065236473254252
0 0.7031924740298764 0.7717617653050162 0.18307153052026098 0.03956296642443487
0 0.21139991113117756 0.8961523116114644 0.41918907872923117 0.20726370467825672
0 0.5161962320516398 0.8537877696693851 0.18488907028030563 0.04083251953125
0 0.5178747994559152 0.5247715853534858 0.18946395706344435 0.04019140450145478
0 0.7029583270733173 0.8538451711301198 0.1814854213169643 0.04120042437192256
0 0.7024590460808722 0.11276041234083868 0.1815714071085165 0.039902928693014914
0 0.5169799469329499 0.3595603321317914 0.18858850500085855 0.04027885908299296
0 0.8904713054279705 0.8128676589515024 0.18084830818595468 0.040570019181540955
0 0.5165904118464543 0.6068141462553157 0.18600581242487985 0.03950958115348031
0 0.70257568359375 0.5657859809076348 0.18122491522149725 0.03967093909117614
0 0.5178491278009101 0.8126159777252825 0.18904164073231455 0.03988644728835609
0 0.5160589532537775 0.11266827903481179 0.18410590873969782 0.03962118068548218
0 0.21596515414479014 0.4839298313178436 0.4267842376625145 0.040866015100436436
0 0.8902443686684408 0.7718516514572376 0.17831038590315934 0.039598265180869514
0 0.8900705861521291 0.6069122560342296 0.1779410896720467 0.03948286119698411
0 0.5176543518737122 0.07208610370741855 0.1894365583147321 0.04022140639534782
0 0.7034324226798592 0.31867185915380897 0.18340252886761677 0.039674572786691474
0 0.5168619847559667 0.5657700254325901 0.18543248438573146 0.03955837649325761
0 0.7038475623497595 0.9784221871153201 0.18517435933207418 0.04195000384679946
0 0.21332113860727667 0.7719915077530495 0.4243601749231527 0.04064001563199418
0 0.7037155654404189 0.5248553789184899 0.18458909254807693 0.041003221257413826
0 0.8898078666938531 0.8538353355633113 0.17747279575892858 0.04083847551337287
0 0.5162904341142256 0.9776699848226277 0.18479671268672734 0.04045171916965085
0 0.8908257117638222 0.5250575271374217 0.18114530123197115 0.041259765625
0 0.8896886133885645 0.1127162581591491 0.1769051017342033 0.03977411691909831
0 0.7036226377382383 0.2364315623776018 0.18487716507125687 0.041512539691976276
0 0.7037910545265281 0.07192067493790479 0.18455307509872937 0.041244537572083774
0 0.8896717113452953 0.35974866957566304 0.1783699454842033 0.040464286838350495
0 0.21214130108173074 0.257397203746445 0.4242826021634615 0.24605139620952773
0 0.8896593366350446 0.07140269061765611 0.17802969125600965 0.04037149099761499
0 0.5168006310096154 0.31858795630472947 0.18784528459821426 0.039680419484738695
0 0.889839122059581 0.5658183016730081 0.17735796917925825 0.03935527203866383
0 0.8898475395454155 0.3187599147977633 0.17733670748197117 0.039725062029641336
0 0.5160430740524125 0.2362048867139415 0.18477913992745534 0.040254939530935265
0 0.2150983954851444 0.11330267992420931 0.42864968481954635 0.04107969961960399
0 0.8896788209349245 0.23616554444670781 0.17732617724072802 0.0404664042173162
0 0.21811917692750363 0.03462839510788743 0.41499750745165476 0.032101922304158564
0 0.8891622019338083 0.9780018805603737 0.1751932332803915 0.040930383420993734
0 0.2107424557864011 0.565781882754798 0.4214849115728022 0.04039975459167972
0 0.5170153272020948 0.0343580023988401 0.18617359203296704 0.03390291021034562
0 0.30686813186813183 0.010850694444444446 0.6137362637362637 0.013020833333333336
0 0.5242330586080586 0.1545138888888889 0.1960546398046398 0.04166666666666666
0 0.7138946049129095 0.15451388888888884 0.18326848248187277 0.03993055555555554
0 0.8971630799755799 0.15494791666666663 0.1747443528693529 0.03906249999999998
0 0.5221020299145299 0.1957465277777778 0.1832684676434676 0.0390625
0 0.7096325475258521 0.1948784722222222 0.18326848248187255 0.03906249999999998
0 0.8950320512820511 0.1948784722222222 0.17900641025641037 0.0390625
0 0.5242330586080586 0.4019097222222222 0.18753052503052509 0.03993055555555557
0 0.7117635836385836 0.4019097222222222 0.18753052503052486 0.03993055555555557
0 0.8950320512820511 0.40190972222222227 0.187530525030525 0.041666666666666644
0 0.5221020299145299 0.4422743055555556 0.19179258241758249 0.04079861111111107
0 0.7096325549450548 0.44270833333333326 0.18326846764346755 0.0399305555555555
0 0.8971630799755798 0.44314236111111116 0.1832684676434677 0.03732638888888886
0 0.5221020299145299 0.6493055555555556 0.19179258241758249 0.03993055555555564
0 0.7096325549450548 0.6484375 0.18326846764346755 0.03993055555555564
0 0.8907699938949938 0.6484375 0.18753052503052514 0.04166666666666678
0 0.5242330586080586 0.6896701388888888 0.1960546398046398 0.0390625
0 0.7138946123321123 0.6901041666666665 0.17474435286935283 0.03993055555555557
0 0.8950320512820511 0.6901041666666665 0.17900641025641037 0.03819444444444443
0 0.5221020187857258 0.8958333333333331 0.19179260467519005 0.03993055555555557
0 0.5221020299145299 0.9366319444444443 0.19179258241758249 0.03993055555555557
0 0.7117635836385836 0.8949652777777777 0.18753052503052486 0.03993055555555557
0 0.7117635836385836 0.9361979166666665 0.17900641025641023 0.040798611111111
0 0.8992941086691085 0.8958333333333333 0.17900641025641023 0.041666666666666574
0 0.8971630799755799 0.9370659722222221 0.1747443528693529 0.0390625
