0 0.9415468142705289 0.9700763561107495 0.10574559894746452 0.04756656222873264
0 0.9415196082826847 0.497755206072772 0.1064227936860914 0.04631664134837963
0 0.7454318649979783 0.9700065612792969 0.10322792422592342 0.047540904857494216
0 0.7461755717537041 0.3089179992675781 0.10343186723967028 0.047469697175202545
0 0.45617707623464243 0.9699019255461516 0.08734372860203203 0.04732925980179399
0 0.9409995357659902 0.87572917231807 0.10601052616991861 0.04664187961154513
0 0.9407488229079717 0.30892229433412904 0.10584616939691152 0.04807439733434606
0 0.6405523742777676 0.97002603036386 0.1079736878358462 0.0473835132740162
0 0.9405793713806867 0.733821671097367 0.10511558163345158 0.04691975911458333
0 0.9402595736546588 0.6868990862811053 0.10516724244183014 0.04610821759259259
0 0.9412677236311822 0.4506138836895978 0.10607227459176753 0.0468820642541956
0 0.8418078287216976 0.09508361529420924 0.09166614360522746 0.1885411920370879
0 0.7454189752696553 0.5452632197627315 0.10250681270542049 0.047441383644386576
0 0.8440198946078752 0.9698248121473525 0.09014907862387835 0.047734861020688656
0 0.7451231483625053 0.45062151308412907 0.10207207732288187 0.0468150951244213
0 0.9411889587300449 0.9227344654224539 0.10611731221958473 0.046394743742766205
0 0.941805067364879 0.545082770453559 0.1071084457168197 0.04870684588396992
0 0.9411154923733567 0.6395990442346643 0.10507533307465568 0.0472919605396412
0 0.9417881527806761 0.4033498693395544 0.10481947451481637 0.046674544722945605
0 0.5434040712792806 0.969729444715712 0.08700744934591506 0.0478473804615162
0 0.6406518493550449 0.5450783058449074 0.10540048029267529 0.048253829390914355
0 0.7458717206085664 0.922905335602937 0.10371870190551961 0.04645233154296875
0 0.7453510621951299 0.4976110387731481 0.10285407115700647 0.04652608235677083
0 0.9406137609720627 0.8283678125452112 0.10478493208081177 0.04659610324435763
0 0.640650881351732 0.4036577436659071 0.1060546467419658 0.04612520005967882
0 0.9406271601758139 0.2618470651132089 0.10433526906823873 0.04633890787760417
0 0.9408449099736539 0.7814013445818866 0.10618507245148164 0.0475261546947338
0 0.7454784565258502 0.7816378558123553 0.10333659533467238 0.04696598759403935
0 0.6410345927701768 0.9225764521846064 0.10521212722701899 0.0470062255859375
0 0.640294732553931 0.3566631882279008 0.10697104019394303 0.04760818481445313
0 0.6408072903080655 0.26173553466796873 0.10564156406510851 0.04629380967881944
0 0.6407570050833421 0.45077151545771843 0.10594521142007512 0.04648400765878183
0 0.7451691285198637 0.828387451171875 0.10306733757108201 0.04621005588107639
0 0.939925663459281 0.09508492372654104 0.10683811805483097 0.18893049999519632
0 0.7461852772606037 0.3565927576135707 0.10403676741509287 0.047124679000289355
0 0.9409323869046066 0.35647854275173607 0.10613483817430092 0.04776526557074653
0 0.45563026899487424 0.9227184154369213 0.08772835707624686 0.0469512939453125
0 0.4559341838244405 0.7338095488371671 0.08746371006527806 0.0468221593786169
0 0.7456025392662902 0.8758203577112269 0.10379242299992172 0.046953215422453703
0 0.7449066722532346 0.40346976386176214 0.10201481228479758 0.0463300351743345
0 0.3668097876547175 0.5451118469238281 0.08875849091747966 0.047332028989438654
0 0.45530047281357594 0.8759570934154369 0.08802683325562134 0.047028322573061346
0 0.4561922840761621 0.30858264499240456 0.08818400642509651 0.0462352611400463
0 0.6399843091757748 0.8284081353081596 0.10676755570808118 0.04653342918113426
0 0.45563964334274565 0.8286890948260272 0.08809548506951691 0.04681571677879051
0 0.7462142409386737 0.733934501365379 0.10341189580290067 0.047289869520399305
0 0.16224601372255507 0.8767174614800346 0.31426161836105115 0.23620017722800926
0 0.5435954047761894 0.30893239621762875 0.08634365381103923 0.04697895756474248
0 0.6405279194572334 0.7337848804615161 0.10615730604066673 0.047764417860243054
0 0.9406113664375522 0.21478604917173033 0.10407360248852254 0.04673309326171875
0 0.4556556918187213 0.49762087221498846 0.08761515163619052 0.04685612431278935
0 0.36675239524777625 0.9227808069299769 0.08891851714935047 0.04679486310040509
0 0.36733607577163113 0.9700314557110822 0.0881715752246583 0.047157683195891205
0 0.5427892363330159 0.8285696806731048 0.08689098326312082 0.04667318838614005
0 0.9413127612589994 0.5922868799280238 0.10589966431683014 0.04651302761501737
0 0.7451643139770711 0.6867526019061054 0.10349718198951377 0.04584520128038195
0 0.6411398503935595 0.6395837854456018 0.1061613818440891 0.04705980088975695
0 0.1612841706841139 0.09540784623887805 0.31502242677398834 0.1908156924777561
0 0.16383799408035407 0.40397495693630636 0.31714082281657174 0.046426024260344326
0 0.5434964646481114 0.7339980513961227 0.08702319213663397 0.0470478199146412
0 0.7452558157639033 0.5924505163122106 0.10265430584176753 0.0461151123046875
0 0.8435247609133713 0.49754712140118634 0.08996612599775668 0.0468719482421875
0 0.6408072648342942 0.4976128472222222 0.10652046012559996 0.04669969346788195
0 0.5436659161753965 0.5451047826696326 0.08793780242461394 0.047973237214265045
0 0.4559753367021207 0.40336733217592596 0.08861871633386373 0.046881951226128475
0 0.7446709379727932 0.26180781611689813 0.10249096801961603 0.04581965693721065
0 0.5432955275393886 0.49788589477539064 0.08727354836185308 0.04657609727647569
0 0.36723987407397746 0.3087944737187138 0.09027369631351732 0.04626699376989294
0 0.6401922515716297 0.7815268905074508 0.10709316145398581 0.04735113073278357
0 0.7453476232359922 0.6394574765805845 0.10297201471854132 0.04677836100260416
0 0.4565095344250508 0.3561149314597802 0.08826572628371504 0.04791056315104167
0 0.1632317461832139 0.35686625727900756 0.3170857946940376 0.04719323052300348
0 0.1602531713316954 0.5445551271791811 0.3181025102261908 0.04818448667173032
0 0.45557602259869967 0.5449264526367187 0.08824127146318082 0.047780015733506945
0 0.5433335344063022 0.35659563982928233 0.08718296363079091 0.04688313802083333
0 0.5433907484968437 0.9225928412543404 0.08743922977097246 0.046453292281539355
0 0.3665430135838376 0.8759352789984809 0.08945619204207533 0.04719809072989005
0 0.45586751896471334 0.6866405910915799 0.08861690769609504 0.04635540997540508
0 0.5427583621220915 0.8758073877405238 0.08717914256508243 0.047132308394820605
0 0.5428112711452681 0.4509005511248553 0.08735017346619366 0.04740159776475695
0 0.8439251067045336 0.545005120171441 0.0908350872874061 0.04816951045283565
0 0.8433288930851549 0.9228538513183594 0.09057530576677275 0.04689788818359375
0 0.367091438408089 0.7336914910210502 0.08914245707363837 0.04741804334852431
0 0.5429874986957429 0.4036935311776621 0.08703501196655884 0.046608818901909724
0 0.3667326276011778 0.4977413318775318 0.08936400246341558 0.0465658117223669
0 0.6403969587985183 0.3088861959951895 0.10642014441386687 0.04770081131546586
0 0.5434357606508895 0.26188587612575953 0.08688252597101939 0.04654244316948785
0 0.6408773941269302 0.6866227043999565 0.10519312379356219 0.04663961905020255
0 0.8438646829187969 0.2618202915898076 0.08910653905597872 0.04638618186668113
0 0.4560518853851471 0.639395989312066 0.08879117376617279 0.04708997938368056
0 0.15931757941269914 0.4973167419433593 0.31582819440329013 0.046709244339554395
0 0.8438313122782763 0.3087788617169415 0.08869763407762939 0.04783240424262153
0 0.4563523612555757 0.4506243670428241 0.08692244337078725 0.04665985107421875
0 0.7457515353551492 0.09469710566379407 0.10144654339263354 0.18854889825538354
0 0.45572639427121375 0.2617031097412109 0.08870616779104497 0.0464676751030816
0 0.4569370862040575 0.5922280205620659 0.0893794395688778 0.04681475604021992
0 0.7448398545508791 0.2147020622535988 0.10246890773359246 0.04638724150481047
0 0.16385800054355934 0.30849280180754485 0.31701129505749737 0.047534829598886
0 0.4555178277679597 0.7815008375379775 0.08779234718997808 0.04750823974609375
0 0.8433765035638825 0.8758532488787616 0.09089337127634599 0.047118914568865744
0 0.36656303596815 0.6868295175057869 0.08955426606192612 0.046149811921296295
0 0.542709121321995 0.781500385425709 0.08762967168588272 0.04713332564742477
0 0.3669132111665602 0.5922348022460937 0.08970249793764347 0.04652348271122685
0 0.36656716271911516 0.8283971715856481 0.08961066499178318 0.046063232421875
0 0.36702385649259184 0.40292340031376594 0.09014785588285162 0.04625874272099248
0 0.8437525983246819 0.7338858710394964 0.0887323803018051 0.047263364438657404
0 0.8434055946108096 0.45038938169126164 0.0911492298361853 0.04684227837456598
0 0.6401470356274129 0.8757182368525753 0.1065588745728558 0.046666915328414355
0 0.36687165070853767 0.2619635122793692 0.08982612215019825 0.04610640914351852
0 0.8439881797624949 0.3563344460946542 0.09069671376121662 0.04694843998661748
0 0.6411834360164075 0.09508608491332443 0.10759591180613523 0.18938896479430023
0 0.16026035811944875 0.6394319887514468 0.3185601656345374 0.04676773636429398
0 0.8435500054208185 0.8286363672327112 0.09129570402167675 0.046538911042390045
0 0.16339892338034706 0.7335884094238281 0.3145832657216984 0.04667816162109375
0 0.8435118457112766 0.403081371166088 0.09218494243335246 0.04651754873770255
0 0.6403471830492228 0.5923624109338831 0.1068345517268364 0.046295392071759256
0 0.8431996136953517 0.7814721001519096 0.08924063298857471 0.04739764178240741
0 0.36684099302467005 0.4506726300274885 0.09036517262657816 0.0469707347728588
0 0.45459016217214243 0.09489644721702292 0.0884717071991731 0.18812701613814742
0 0.3665431027420375 0.7814255325882523 0.08986756797624947 0.04744748716001158
0 0.15960434561778786 0.26096957171404805 0.31889858309534036 0.04615122477213542
0 0.5443361820482053 0.6865665859646267 0.08683010094949918 0.04648861355251736
0 0.158640797826802 0.21453576264558016 0.3167150271356802 0.046934650562427654
0 0.5437752496022017 0.6396216498480902 0.08642965326325125 0.04695457175925925
0 0.8439286475587567 0.6394873725043403 0.08957917941034536 0.04750388816550925
0 0.8437113308150301 0.5921945642541956 0.09081022488652964 0.04603915744357638
0 0.36656647492728767 0.09518229762713114 0.08794845046105487 0.188238259156545
0 0.16451848369209915 0.4505136984365957 0.3156092712198554 0.04705932052047165
0 0.8436726361562892 0.687044327347367 0.08860536807765547 0.046547331633391205
0 0.16393294457800203 0.6864493476019966 0.3168017474160171 0.04594907407407407
0 0.5434708635078647 0.5924296343768085 0.08775097778524103 0.0464517664026331
0 0.6406753361722664 0.21498455471462677 0.1053434190447621 0.0465282298900463
0 0.3669115681083055 0.35630206355342153 0.09066884545531616 0.046723740189163775
0 0.8439047531611932 0.21480370274296515 0.08914989541488418 0.046826468573676214
0 0.3669712404177862 0.6395134537308305 0.08817320554602723 0.046698845757378475
0 0.16049534291377252 0.5915447376392505 0.31837952714133544 0.04604339599609375
0 0.5420427784099802 0.09532994340967249 0.0831733920140338 0.18751524112842702
0 0.3672454528299118 0.2148312038845486 0.0905076474299614 0.046167557327835645
0 0.4565219019410606 0.21461538385461879 0.08861810496335037 0.04704684504756221
0 0.5444593477328751 0.21457025739881724 0.08860119037914754 0.0471204263192636
