0 0.9375757390802556 0.9732637875409877 0.12377467299952652 0.04183311442186672
0 0.5747920412005799 0.03861958529043074 0.11995123660925659 0.06992399816003016
0 0.6961119911887428 0.9727737920020203 0.12287380334102746 0.042079131061208266
0 0.9370354854699336 0.049667247212242686 0.12221476236979166 0.04819475587360683
0 0.9378613096294981 0.7228788811502218 0.12427738074100379 0.04201657568644011
0 0.6965125344016336 0.7640402854025901 0.12060223203716855 0.04105366280802861
0 0.9375885009765625 0.7644200812715289 0.12329360499526515 0.04165993889109698
0 0.9380528305516098 0.8057866179886228 0.12266179865056819 0.04251895938907658
0 0.9376823194099195 0.5967640434552198 0.12352193196614585 0.04228122308889772
0 0.8196333407800449 0.04778592133419207 0.11840681596235796 0.053824387850051336
0 0.935457957874645 0.471932156981775 0.1203033447265625 0.041900424522638445
0 0.695425068248402 0.47183754763782626 0.11914483272668087 0.04236489979754571
0 0.9377719763553504 0.1368496343453978 0.12402232776988636 0.043828223329027555
0 0.6945286837491121 0.038620790210098094 0.12290691028941764 0.06771408547950412
0 0.4591546029755563 0.7639168242518712 0.1192045731977983 0.04233058167312533
0 0.6961731881806346 0.8056811083544482 0.120123291015625 0.042236910336347376
0 0.6962465922037759 0.7230755068602609 0.12051784630977747 0.041961394988738736
0 0.6960104740027225 0.3872484976359631 0.12228550766453598 0.04146127544134208
0 0.8178586324055989 0.9727087784015633 0.11910802667791193 0.04209517421833598
0 0.695596590909091 0.1364004946791058 0.12245252204663826 0.04263859573469379
0 0.696392128684304 0.2621038666337523 0.1215707489938447 0.04155569071484168
0 0.33796847950328485 0.9734232487600193 0.12251764933268229 0.04065665935926735
0 0.6957545887340199 0.42949632443507385 0.12011727997750947 0.04274598946947867
0 0.9373429269501656 0.5140856493700733 0.12212626139322919 0.04231825819960586
0 0.6964731852213543 0.21994308851734318 0.1199746796579072 0.04183186913648483
0 0.45871815536961413 0.973110568921403 0.11975139271129262 0.041086007882882886
0 0.6962960907907196 0.6805746607131029 0.11853064334753788 0.04208430627318495
0 0.8176835955995502 0.5961198912894972 0.11956925825639204 0.043546885867945154
0 0.4562822284120502 0.8905766117680178 0.11756980202414774 0.04251992974132221
0 0.575795283462062 0.9731187522253412 0.12049629905007102 0.04138312974049417
0 0.6964166121049361 0.5545536237351781 0.12055271033084754 0.04320972080766428
0 0.6957781473795572 0.8908157065613406 0.11920059666489109 0.04211328746025437
0 0.5753209894353692 0.47198146704839034 0.12266817959872159 0.04199179935910175
0 0.6958822076970881 0.5131698470931869 0.12030352968158145 0.04010446424135532
0 0.9368030432498817 0.6389894712899941 0.12133594859730114 0.04232036062947139
0 0.5771340572472775 0.7638715411470755 0.12032045306581439 0.04181060224976815
0 0.696262822006688 0.5974134031779941 0.11986097856001422 0.04119947440547165
0 0.9376131924715909 0.8909952864169317 0.12254250266335226 0.04282151521926338
0 0.4564677845348012 0.8482694155840123 0.11959801876183712 0.0421195624047761
0 0.5759674303459399 0.8482629465690414 0.12256391120679451 0.04219757872532459
0 0.9377437707149621 0.6808630817455783 0.12143351236979166 0.04188965361271198
0 0.4578027205033736 0.7227961101036697 0.12038088711825284 0.041308541997880234
0 0.3374757362134529 0.471912846972087 0.11801579793294271 0.04224263541459658
0 0.5760524865352746 0.7229196035994634 0.12127149177320076 0.04127335055643879
0 0.937072060324929 0.8483151191747814 0.12274641557173295 0.04226246294548225
0 0.9375695430871211 0.42992433063808294 0.12246223218513258 0.042820933007916014
0 0.6960880395137903 0.6387488239330783 0.11928974498401988 0.04149245609350159
0 0.93592441443241 0.22020526960784312 0.11934287331321021 0.04105705904088832
0 0.33924791740648674 0.38731878348362153 0.11997366240530302 0.04057036269955618
0 0.9378539114287405 0.5553198300408635 0.12250070282907197 0.04158725950789945
0 0.6961921460700757 0.09417978113899171 0.11983355897845643 0.04136410275021115
0 0.8176180752840909 0.722903495752186 0.11950387665719697 0.042274107172429784
0 0.8173453822280422 0.4715884582163735 0.11908213297526044 0.04222659225746886
0 0.9355336969549006 0.17873936882079688 0.1184319698449337 0.04134609462978603
0 0.6956496036413944 0.17830855668254422 0.12046263723662404 0.04125512410675841
0 0.45602257468483676 0.03979745696623033 0.12448781331380206 0.0659499660233222
0 0.33940158034815937 0.7636231956623444 0.12023211392489347 0.04237482973552597
0 0.33739632115219576 0.555178013060165 0.11734029596502131 0.04232372451725622
0 0.818188846472538 0.7644370947809023 0.11909457120028408 0.0409891020386195
0 0.5762224139589252 0.8905796845501291 0.12227024887547348 0.04238893218816243
0 0.696339717055812 0.3034492496718916 0.12085159764145362 0.0411502128564686
0 0.4587026422674006 0.47171939107938365 0.12128138686671401 0.04255373034454491
0 0.5758258472789417 0.6388560478562202 0.12218983968098956 0.04156807887851086
0 0.5762419035940458 0.3873020610799218 0.12048788359670928 0.04113057939603206
0 0.5766396724816525 0.3456967368477163 0.1198551062381629 0.04320684209600225
0 0.8174691402550899 0.13664650727531302 0.11887068314985795 0.04280563378750993
0 0.6964564699115176 0.34540236432146754 0.12078464392459753 0.04278745585544184
0 0.696322539358428 0.9317383394711348 0.11882268732244318 0.04035830838881161
0 0.578664883700284 0.5967003236577569 0.11731937292850379 0.04211186427696079
0 0.8178844105113636 0.17826706603777492 0.11951793323863637 0.04151525937127385
0 0.9348249030835701 0.3877294042088964 0.11800777550899622 0.04215553012801404
0 0.5766930551239938 0.42946279876498744 0.12083088267933238 0.043094442960883675
0 0.14283255952777285 0.7644221837013945 0.2768043171275746 0.12543012480541202
0 0.5770866394042968 0.8056917498840752 0.11923573811848959 0.04207848415971118
0 0.8172535058223839 0.5138020315812135 0.11955571030125474 0.04158755061357313
0 0.9381423950195312 0.09483606270778477 0.12352618593158143 0.04126384919070035
0 0.14973540739579633 0.9328042714129571 0.25955092112223305 0.04139457989699258
0 0.6948787804805872 0.8485474215023848 0.12031194513494319 0.04194677501490461
0 0.45852994051846596 0.3457016694716315 0.11855912642045455 0.042972178577934554
0 0.338904941443241 0.5972303623993939 0.12183824018998578 0.04126836941491123
0 0.9380898215553978 0.9320723347140799 0.12382035688920455 0.03924408525023185
0 0.9347152709960936 0.34569804682324795 0.11822796445904356 0.042134117688460516
0 0.5767195730498343 0.22011205110211315 0.1199450868548769 0.04112650391660042
0 0.45791924216530544 0.3873422174903534 0.11867606423117899 0.040590513681190384
0 0.818173310250947 0.5544018768164994 0.11948963512073864 0.04062454069993707
0 0.45913044322620744 0.13732100316438337 0.11855024857954545 0.04365791842365113
0 0.8170704465923889 0.8484443377488242 0.11943410237630209 0.04197633841332141
0 0.5767283352938566 0.26203027350219016 0.12028988924893466 0.04188737328493475
0 0.93779296875 0.3041201350419814 0.12256155303030303 0.04193338415391494
0 0.8179976954604641 0.2620985701277449 0.11808841589725379 0.04170886081681405
0 0.8177054202917851 0.6389330291343733 0.1189380067767519 0.04167805213301537
0 0.5763658465761127 0.09487329188894203 0.12076147830847538 0.04140338584362166
0 0.5788181189334753 0.5544803459680958 0.11508594859730113 0.042049794078315446
0 0.3374938733649976 0.5138644899207572 0.12044192227450284 0.04125995969544913
0 0.8176906238902698 0.3873305085732561 0.1190118038293087 0.041199312680097376
0 0.5764136805678859 0.5135166995033866 0.11995697021484375 0.04063204475730326
0 0.576338311397668 0.17884114259882583 0.11949911406545928 0.0409458890186142
0 0.45951323075727984 0.8055610434365892 0.11904514197147253 0.0420824302588434
0 0.46177837487423057 0.5964473204822469 0.1270717274058949 0.04174908191739533
0 0.8177790323893229 0.8906113180333367 0.11837426387902462 0.04234429598486354
0 0.45730438232421877 0.22027131825069554 0.12035291267163824 0.04103483797446343
0 0.5765586853027344 0.30360038203414813 0.11858848802971117 0.04150688199688659
0 0.5756205240885417 0.1372406337396392 0.1188690185546875 0.04348631162901182
0 0.5751527034875118 0.6807140356406498 0.12568548953894412 0.04231997248857313
0 0.9333226059422348 0.26212038688073414 0.11268976384943181 0.04200135732872119
0 0.3383959567908085 0.1373840639309461 0.12034128362482244 0.04385958187909877
0 0.14490790222630356 0.8484196261116356 0.2628651647856741 0.0427238977833532
0 0.8173103101325758 0.2199488782857421 0.1188998135653409 0.04141422952996655
0 0.14170613668181678 0.03727020521484864 0.2716105500857035 0.07360785991095586
0 0.33901446949351915 0.3460366512393598 0.11807193178119083 0.042616544479911894
0 0.4563025503447561 0.17894550398284312 0.12290718772194602 0.04149756661532857
0 0.4617622144294507 0.5545324700562235 0.12398468942353219 0.04257278159363407
0 0.3362040664210463 0.0387681091943773 0.11624681877367422 0.06846838211593194
0 0.14584519935376716 0.8906086333921239 0.26139742533365884 0.0423545817186672
0 0.5763460795084636 0.9320479141825649 0.12148016727331915 0.04031774766494436
0 0.8181493123372395 0.09456854063679948 0.11946808786103219 0.040750379213657595
0 0.8177120786724669 0.6809906507208034 0.11963084827769886 0.04071940880448463
0 0.337220186175722 0.8905357922835521 0.11749401670513732 0.04203837626689189
0 0.4538330078125 0.6808311895017721 0.11596910881273674 0.04242166540391494
0 0.81798359264027 0.8055449032442368 0.11894522002249053 0.042349665267289345
0 0.45796150438713307 0.6387148292594065 0.12560179739287405 0.04136948011890567
0 0.3369082595362808 0.8484087581664845 0.11919551040187028 0.0417662248070681
0 0.817062724720348 0.42922600047197934 0.1191282792524858 0.043005494005034436
0 0.4568340879498106 0.4294037528308409 0.11877728086529356 0.04337568338674152
0 0.3391133857495857 0.805546229392306 0.11832344748757101 0.04177476390682963
0 0.1449226661161943 0.63828680688386 0.26177626089616257 0.04204064042213169
0 0.33811325304435963 0.7227370803420606 0.11813597245649858 0.04073829832819952
0 0.45665925921815814 0.26193306037971564 0.12253547437263258 0.04168596050381724
0 0.14369768518390078 0.5552978839075748 0.2647548704436331 0.04067761896777292
0 0.14545757842786386 0.09492487824020021 0.2633015863823168 0.04266726155728338
0 0.3371675202340791 0.932253693548788 0.11763892896247632 0.04083979717309221
0 0.14471779230869178 0.47182716486879805 0.26357853484876226 0.04189874257874602
0 0.14215260924714984 0.5131751355129256 0.2634092923366662 0.040591613413735426
0 0.3379388867002545 0.4294535965911914 0.11715830022638495 0.04268311064396198
0 0.8174917741255326 0.9316210562297131 0.11837523489287405 0.03956029070200715
0 0.817420127175071 0.3035014869677812 0.11868665290601327 0.0408272149389739
0 0.46055552164713537 0.5135396321614584 0.12209370930989584 0.040362739664066644
0 0.1410072525342307 0.3031335548823562 0.26801101872415284 0.29161314928569826
0 0.33678854740027225 0.638769977612033 0.11625805479107482 0.04114998644094462
0 0.3369855822938861 0.6812092387366685 0.11603775024414062 0.04115943120280207
0 0.4567571466619318 0.09421097796368864 0.12084997928503788 0.04163615717481038
0 0.33712236809008045 0.0946064288488569 0.11713238340435606 0.04174978542277342
0 0.457536523992365 0.3035780154148864 0.12374336936257102 0.04096241735186473
0 0.33665815411192 0.3038792127519293 0.11655610980409564 0.040860595056223505
0 0.14566072622934978 0.5968829762954592 0.2617003426407323 0.04035882591000927
0 0.4571003769383286 0.9319053370926074 0.12200705788352273 0.03993361755597509
0 0.14410855336622758 0.6813498427770602 0.2624631578272039 0.04134114583333334
0 0.8172803243001303 0.34499921530848404 0.12005268443714488 0.043097774503593665
0 0.3359708612615412 0.22318142889414003 0.11382191975911458 0.12208921819625232
0 0.14583895423195578 0.9719176178706279 0.2704860745054303 0.046060939156067834
0 0.9362536343661222 0.01276548732729519 0.12144322250828597 0.025154744166827545
0 0.8146522290778884 0.010756047500053616 0.11524584221117423 0.02150825348055404
0 0.14682569755093197 0.13846020571452716 0.265069930928582 0.03993796657740122
