0 0.6576560361541971 0.9335508181837215 0.1292283552406478 0.04000351015764592
0 0.6578080671547103 0.7310954963543219 0.13041263775233805 0.040332860077613164
0 0.5267647513507927 0.812186972167678 0.12665006540117474 0.040214788494825786
0 0.526463404189061 0.5285732866824562 0.12632163945775832 0.03904890431897707
0 0.6572029225147553 0.52884978066604 0.12995459563540715 0.03926643521534395
0 0.7874043040031935 0.3259941314642738 0.1269506746835082 0.03812465247403588
0 0.5272478813672588 0.6093449731750671 0.1269032833349966 0.03976322285400536
0 0.5267904239849452 0.7713330776085096 0.12614073370494983 0.038202264182549135
0 0.5263087697272754 0.7307387369597788 0.12591742077013002 0.04044104389238386
0 0.5259876111998176 0.28561368650308033 0.12601108968692976 0.04021984143509902
0 0.526271235333742 0.9334223862557698 0.12539438957715557 0.03903370914606909
0 0.6574181605429545 0.32580128363586025 0.128205292416315 0.03798055279602814
0 0.6576441187058052 0.5690983038988051 0.13051722171532848 0.0391299694758785
0 0.657363585312001 0.7716791494890931 0.13046537524592267 0.03889353549359738
0 0.5272480623565451 0.9740925937127755 0.12692876105761006 0.03922753848086659
0 0.5265150279024222 0.12353153467320345 0.1256440155697565 0.039621767790421196
0 0.7872854914978474 0.5284918580046717 0.12612976296974795 0.03942034995719178
0 0.5265526458294723 0.44733127687146373 0.12637092423264998 0.04137892777043627
0 0.7874801524364166 0.7305883120184076 0.12629978152087135 0.039176718261427934
0 0.5265949694779668 0.24470114693746745 0.1262924027268904 0.038942701693018535
0 0.3985082668109532 0.7307977727511726 0.12618687205070997 0.04035641623082936
0 0.5274983148505218 0.8522142202389814 0.12694995072636292 0.039377890718061345
0 0.6570890941759094 0.8927057935340976 0.13037916865662066 0.04031824653811793
0 0.5261855995568046 0.8924781204050961 0.12526126499593693 0.040352344796940144
0 0.39930157069742234 0.24508328008964134 0.12621012221287636 0.04030677745426035
0 0.7874632508215244 0.44740100017681655 0.125616644420763 0.04049789855847975
0 0.6572920249326386 0.6905669166333197 0.1281605184513287 0.039695971490656644
0 0.39818319613046027 0.12338728504283149 0.12781118128421534 0.039435399721746575
0 0.6566423847727532 0.8524693391946471 0.12910082740505247 0.039760314686941634
0 0.7875300219459254 0.9332735608062834 0.12690573365148836 0.03878593331223943
0 0.7875810609246693 0.366854133174276 0.12795675235943202 0.04007101598561272
0 0.7872247626311587 0.6093174364681824 0.12738382381244298 0.039746755358007
0 0.6580419053126425 0.9744049308554199 0.13099046693231067 0.039282066613311496
0 0.5263512325982979 0.6899755045088223 0.12537684753863482 0.03866219080367778
0 0.7876156716451157 0.5685708532736655 0.12770453682781135 0.03883635365870682
0 0.398614994800874 0.6501216558986934 0.12737856120088675 0.04079758517439695
0 0.6570528127851277 0.44707286805180724 0.12952818487682483 0.040275460130192814
0 0.6564070151670136 0.8124735356797201 0.128977030733206 0.04102594899307624
0 0.39778059242415603 0.5287322907166654 0.12886364790644958 0.03900135578748511
0 0.6563347865195169 0.20440728356257445 0.1273557008617986 0.04030356029444611
0 0.5266369311478887 0.5689204331307698 0.1263226418599595 0.038964712882482135
0 0.9159292513436645 0.3262890559566241 0.1252424699546647 0.03863590824383934
0 0.39847383707979295 0.7713043594587552 0.12733420490348427 0.03799534809596486
0 0.9166514264406078 0.7310799376605308 0.12697061134950957 0.03963708110761614
0 0.3985262125948049 0.5688152301872393 0.12700163012873517 0.038580907534246575
0 0.16931645844104515 0.9145876059154443 0.32767000772657184 0.08327790851604376
0 0.5269287694109619 0.32581089876321473 0.12696857870060166 0.03967127725776601
0 0.5271194625074845 0.1639614093864582 0.12715722522596373 0.03945127649631012
0 0.5268773406091397 0.20488459556993097 0.12694179228622549 0.04162388631742295
0 0.5270432799401944 0.6502669188435267 0.12725401272738937 0.04155123666896218
0 0.39837074279785156 0.20461302729431113 0.12806431568452042 0.041244734036489344
0 0.3988078040798215 0.4474456223652007 0.12741144556198677 0.040852076954753576
0 0.7873703337063754 0.8926567182148972 0.12564677217580977 0.040079340613832636
0 0.7877978025561702 0.8120566135790461 0.1273203383397012 0.040461255653476774
0 0.3979786225479014 0.4881366777448444 0.12942738776659443 0.03873816666821769
0 0.3985373503970404 0.9332811583927375 0.12758190962519958 0.03875721516248511
0 0.7873491440376226 0.6497170935080405 0.12851715087890625 0.04011772841907385
0 0.39831061258803324 0.6095220441971597 0.12881558828980383 0.04020737266881328
0 0.6572247526071368 0.24475124920316219 0.12897101631999885 0.03909372644384678
0 0.398464161114101 0.8117781929347827 0.12644187203288948 0.04014491978111971
0 0.3977971320604756 0.28555583215455627 0.12754710399321395 0.03956066901801668
0 0.7862289317332916 0.4878488782618002 0.1266937255859375 0.03890218729061197
0 0.6567864800891736 0.609448540274624 0.12855357149221602 0.03992891567246128
0 0.7868560178436502 0.40738522118937054 0.1291370809513287 0.040281639985203246
0 0.6571632162497862 0.6491819544162262 0.12929824494967496 0.04204824242015336
0 0.6568423640118898 0.36625986741084726 0.12718167270187045 0.04116750402490322
0 0.39897842128781513 0.16400927145471172 0.12852246917947366 0.03962332184219588
0 0.3992412038093066 0.6899796122947996 0.12700363493313754 0.03873496768444759
0 0.5262841691065878 0.48822646740293707 0.12573707190743327 0.03902127673187165
0 0.6559460493769959 0.4878381543957526 0.12474071196395986 0.0401579338287299
0 0.9160792775397754 0.8927357476548541 0.1258505939567176 0.040317519496352
0 0.7868807159201071 0.20438414545837363 0.12742068993784214 0.04030475991335989
0 0.39748485593030053 0.8932544556027584 0.12915991344591127 0.039094271725171235
0 0.9166178181223625 0.9743528383128909 0.1266424360066435 0.039237062728000295
0 0.786426432811431 0.12290814634303807 0.1291140257007014 0.0391867150857095
0 0.9162377406210795 0.48832547231541285 0.1266193807560162 0.038367266311327426
0 0.17112208310211974 0.4083879292806011 0.3159795080408849 0.20437672833580747
0 0.9162341208353528 0.6094804755841925 0.1268422481787466 0.0398270934731425
0 0.9163084378207687 0.1236936013708518 0.12603537009580293 0.03993410493306563
0 0.9161449905729642 0.8122894850566743 0.12579936006643477 0.04035249020529333
0 0.9162519134744239 0.6903791217451796 0.12589091280080977 0.03855538836826236
0 0.17188155868627727 0.9732625301286107 0.3261163782899397 0.04162910284209351
0 0.9152948978173471 0.5287402881760906 0.12507662807937955 0.03920129227311644
0 0.9160383461165602 0.4477775896355253 0.1259823541571624 0.04100032077082713
0 0.17587624686361847 0.05249467389169335 0.31691865242310674 0.10255865545941006
0 0.7871506127127766 0.8529217409334983 0.1269451614714017 0.04080296528346486
0 0.6567392836522012 0.16444897268271433 0.12753362725250914 0.039976000714827466
0 0.39779056075715674 0.8527880743048318 0.1295343106680543 0.04197677421456223
0 0.9161351336179859 0.24506418615526354 0.1258375627281022 0.038816614474761764
0 0.7867567521812272 0.7708204041072626 0.1249333959426323 0.03862940122003425
0 0.9152348093742871 0.20425248728258544 0.12415185635977417 0.04037526478861115
0 0.6556582485672331 0.407440058314566 0.1271745445084398 0.040159824137321325
0 0.9161926603665316 0.9338406170316224 0.1257369883739165 0.03918049887861078
0 0.7870329975211707 0.9739493301327985 0.1257040761683109 0.040548355257035436
0 0.9162891137338903 0.7714388258333643 0.12650928358091926 0.03850798524512358
0 0.9162496302249657 0.8523438881379355 0.12727277992415603 0.039299006686457714
0 0.7864765807659957 0.16351555102350035 0.12651585488423814 0.04017799109344756
0 0.9158506184598824 0.2857304857627774 0.1252816750185333 0.03999991130090456
0 0.7868881782476049 0.285540964150443 0.13408020465043338 0.03918711495868076
0 0.3973217010498047 0.062106222819543574 0.13057494337541342 0.0807584225243937
0 0.9161981735786382 0.4072236725089804 0.12730975742757755 0.04017992684214935
0 0.7872370977471345 0.6901367623725059 0.12805860756087478 0.04074429301295414
0 0.6557774230511519 0.12343880503996985 0.1267331534058508 0.04116561371631179
0 0.9165093359285896 0.5690345786880211 0.12654999224808963 0.03923764436141304
0 0.17124258514738433 0.6905841111710839 0.3266841790971965 0.04002045023079214
0 0.17212586681338124 0.2851493340152016 0.3244216494316603 0.04101789700551853
0 0.17373497729753926 0.8522339957750149 0.32217692806772935 0.038959841702650384
0 0.9162509110722229 0.16397995349550049 0.12690467556027601 0.03943294595578655
0 0.3993290532244383 0.9742705735370757 0.12587537556669137 0.04125002326533651
0 0.17462580747229262 0.5684307222700697 0.31948514220855706 0.03915808223370733
0 0.17270636776067913 0.1634494901910433 0.3236460711834204 0.03805940956356555
0 0.7865364742975166 0.24476310907196897 0.1291523397403912 0.041797031313979674
0 0.9150539593104898 0.6497624609142346 0.12394731062172103 0.040735568511762944
0 0.17479232481303317 0.20450917496051627 0.3198895971020929 0.04179498443209775
0 0.5266144745541316 0.40741497537364135 0.12776601749615077 0.03987504187760572
0 0.1728696305386341 0.6497739481741364 0.323198923229301 0.038793349138251935
0 0.4610821382842794 0.01087603475310534 0.25885575009088446 0.02175206950621068
0 0.9155880447721829 0.36697009633594213 0.12497950644388686 0.04047052543599241
0 0.17149633386709393 0.7707026960453581 0.32593944647016315 0.03860569965846486
0 0.1720326392318009 0.5289189768661118 0.3242317025682759 0.03952500761939768
0 0.5257806290675254 0.062495838821892795 0.1271468949143904 0.08074243896557079
0 0.17253637792420215 0.24487598230612995 0.3237909722502214 0.03879983798601288
0 0.1717182493557895 0.7310662329232429 0.32483380728394445 0.03943183721709351
0 0.1727642214832902 0.6100221762279445 0.32460616405611575 0.03895162613069534
0 0.6533302529884952 0.05072981179506031 0.12667094878036614 0.10145962359012062
0 0.17095157808631004 0.8124809878578211 0.3292616418678395 0.03882163106294669
0 0.3949518134124088 0.3663194444444444 0.13032080038523935 0.11979166666666669
0 0.5266023970494299 0.3667534722222224 0.13298045022393018 0.04079861111111108
0 0.65293380601176 0.2860243055555556 0.13032080038523935 0.0390625
0 0.7872440186536902 0.05164930555555555 0.13298040855636656 0.1032986111111111
0 0.9175648190389295 0.05208333333333334 0.13298040855636656 0.10416666666666669
0 0.17420433520884024 0.12413193588998979 0.32181258870640717 0.03993057266446477
