0 0.9107838264700411 0.9559249947732016 0.16355720755098915 0.06594773246297461
0 0.9097622142118567 0.6056590311481443 0.16221050187653183 0.06583258654148559
0 0.9101559508080576 0.40282756390096064 0.16261124811252625 0.06686661031850412
0 0.9104654007599134 0.4705573218957285 0.16317526766566 0.06681936810241308
0 0.7400652246982777 0.9560221037729443 0.17763653923483458 0.06610911544702082
0 0.5640233144038865 0.9561879261850984 0.175700126241903 0.06533453296546203
0 0.9106713730414042 0.267056499177561 0.16340427772671567 0.06672305484921803
0 0.9103886366558342 0.8888811423815617 0.16218896005667893 0.06692049771629117
0 0.9111400785900298 0.8210915219096665 0.16367047307204133 0.06819681933683097
0 0.9092640168860513 0.3353352594680996 0.16239753958223915 0.0684963830108503
0 0.9107587370885853 0.5384081450494625 0.1632885331867122 0.06772266607816789
0 0.7398922917555695 0.47075791982806064 0.17769124861858807 0.06772699382254975
0 0.7409311930338542 0.6057471496079454 0.17703845454197303 0.06668797219879345
0 0.7413035801478796 0.10162125960033308 0.18021600119540004 0.12558748431960487
0 0.5635217832250088 0.6068824426034994 0.1766530098367472 0.06672868091691446
0 0.7420731018237373 0.3352757041212188 0.17604834292115284 0.06899164449372427
0 0.9095109357219451 0.6735599444529821 0.16246139569108894 0.06723555750729071
0 0.7409107197566527 0.821214513612906 0.17847756778492646 0.06858162561470722
0 0.741466233710281 0.40251018667264704 0.17648161559545694 0.06761712495711344
0 0.7405114481095173 0.8888081849875629 0.17829339377352504 0.06726532122026532
0 0.9087789840057116 0.10198397518622145 0.15668776055344014 0.12621345415316038
0 0.9096368100462842 0.19968727021073382 0.16125992633381478 0.06690121831309326
0 0.5677216260039173 0.20012893746560143 0.17990078111322658 0.0665889785361748
0 0.5646638416108631 0.8889728905624571 0.17661462778470763 0.0680846888759435
0 0.5647232312114299 0.36872865165577823 0.17670682164467352 0.1360290471501887
0 0.241138887004692 0.10168300848539445 0.463651830742673 0.13003394501207077
0 0.5636226750221573 0.6741677272897845 0.17691112699962797 0.06525641019913656
0 0.5685343381737461 0.10187416565276458 0.17592687099253765 0.12612426771772967
0 0.7406854495948769 0.2671987633037654 0.17757285409280896 0.06740799718020929
0 0.5646071019960719 0.8214856258577311 0.17601859469373685 0.06771618842206084
0 0.7412022823045235 0.5382302049530392 0.1764253247685793 0.06828091718249657
0 0.24039724126917306 0.20056758227963464 0.4640074250410919 0.06610300076302321
0 0.7428609810623469 0.20002761240520286 0.17812546161042542 0.06747217344125257
0 0.7410454629849987 0.6735318280749657 0.1768150436444109 0.06733992594922232
0 0.7428761116262912 0.7468251108796031 0.17492889489780286 0.08079424105100641
0 0.9087886008895745 0.7460545769331114 0.16211826527485995 0.07981315536010407
0 0.5641497229995514 0.47098617344303956 0.17429610393962272 0.06667822779370139
0 0.24060504977442637 0.2668113813199587 0.4637030219497467 0.06694681319422605
0 0.2423491284784845 0.6448112149062212 0.46628231972025785 0.6859018582708134
0 0.5669024170947676 0.26671519371095537 0.17796787294019173 0.065807806714783
0 0.5651634280421153 0.7470537274666914 0.1778790556750044 0.08209245268183897
0 0.5642729687089679 0.5384465363302693 0.17926709257921916 0.06693490491694305
0 0.5041699703428673 0.023426363117388584 0.9792798253523698 0.033253545621503684
