0 0.7116637203109312 0.9585644725784362 0.05291473511232429 0.0669894640189243
0 0.7636347391519203 0.9580535767087899 0.05353783297251506 0.0678459015500498
0 0.7113578581905747 0.5591049133543949 0.052372919412023086 0.06310232702004483
0 0.711490762856112 0.3583950209902577 0.05263863069465361 0.06895900285576444
0 0.7115450816939634 0.4916811027374875 0.05243214067206326 0.0699774631940986
0 0.6078966991010919 0.9575563468781125 0.052736090847766065 0.0669662171625996
0 0.7633399319935995 0.8914868358596861 0.05288821300828314 0.06469522301419323
0 0.763619198473582 0.35841908245922555 0.05344615767758534 0.06855269352278387
0 0.6077507539925326 0.7572242767212402 0.052255555424824296 0.06344397799427291
0 0.6078130637785517 0.5591320995315613 0.052365859924071285 0.06376092310445718
0 0.6593484288717371 0.559131394344497 0.05184252635542168 0.06355038829058765
0 0.8154679999294052 0.8914455459412349 0.05295189547251506 0.06505248537101593
0 0.9730847216992973 0.7574916885193601 0.05165250847138554 0.06313860767866036
0 0.3455958477464545 0.7571290521507719 0.05170920498399849 0.06323037926419323
0 0.9736467353790161 0.06377665721087816 0.052706529241967864 0.12519392416296726
0 0.2943958328430912 0.9580768721987053 0.052354216671372994 0.06752015375996016
0 0.7636503533665915 0.7572217964081176 0.05362455682103413 0.06318077300174303
0 0.2935429829670243 0.757600554812002 0.052257884075363956 0.06265008326070717
0 0.7631970508989082 0.5595092287101594 0.05297719197100904 0.06388002676792828
0 0.34597111590894825 0.9576891165805529 0.052313207909764056 0.06776925501120518
0 0.6595630569151606 0.9577848274869273 0.0522275625941265 0.06724401223232072
0 0.7112333121548694 0.42519082605126374 0.05195724303463855 0.06407448818009213
0 0.7114442143574297 0.89247969061255 0.05239002886546185 0.06409343096364542
0 0.3978908554138429 0.7572342709241161 0.053213194575175704 0.0634298256193974
0 0.8157374125407882 0.5594525462602714 0.05396184346762048 0.06345482328498506
0 0.6595012618834715 0.3582812305465638 0.051915621470256024 0.06886433757158865
0 0.3980494242595381 0.9578647324763446 0.053634263616967874 0.06751976469123507
0 0.7113530538168298 0.15753612746280501 0.052053281485316266 0.06269913023686503
0 0.39798623203752514 0.5593623552664342 0.053301193053463855 0.06387671968376495
0 0.8676511710906125 0.9578607445219123 0.05336208113704819 0.06734993619272908
0 0.8677634365587349 0.5593511452237924 0.05285026826054217 0.06377298423493526
0 0.7632842404775352 0.4250948476601408 0.05311058687876506 0.06369412486771664
0 0.18590530334227534 0.957926253968501 0.05657123121391818 0.067985382687998
0 0.5550138787572163 0.5590582007905877 0.05314524700363956 0.063545914000249
0 0.6081204946740085 0.8915968936752988 0.05198307879957329 0.0650445094621514
0 0.8156327458270581 0.9579433243588147 0.05323599083835341 0.0675281296688247
0 0.5545361132028113 0.9575036766994524 0.05360514322916667 0.06709976500249004
0 0.711480712890625 0.29154633905783117 0.05215682064194277 0.06456289101406873
0 0.3457147437405873 0.5593017578125 0.05192576948418675 0.06388031856947211
0 0.7637311943084839 0.2915248430107694 0.05352229229417671 0.0650997085875249
0 0.6077897037368223 0.358327906635178 0.05240865806977912 0.0688560941779756
0 0.5021387797282881 0.7571129787490662 0.052711333615712855 0.06326272060196714
0 0.9726953713290664 0.15749297123031314 0.05098068053463855 0.06290196878501618
0 0.5547385587270959 0.7571644817215514 0.053718242109061246 0.06350462408179781
0 0.2940612302726531 0.35875179701117405 0.051880667200050204 0.06838984394453436
0 0.6074213112214484 0.1573807856951102 0.05179109994666165 0.062624854585564
0 0.9202362673349649 0.75732536163938 0.05421480845256024 0.06334588404195717
0 0.8679360998682228 0.8913995871980827 0.053641519201807236 0.06548191997634462
0 0.4504737700803213 0.8913799392274651 0.052547102472389556 0.06497846504606573
0 0.9730766817269076 0.35849718800578934 0.051514652359437745 0.06860409922808765
0 0.659217215541855 0.1575223580774558 0.05171864214671185 0.061995608873101335
0 0.5023744391629016 0.9577954782432769 0.05310764542545181 0.06747093656623505
0 0.8157664103680347 0.49169187507781376 0.05303435421372992 0.07037737720991036
0 0.7114662262330572 0.22382802165361987 0.05263112998870482 0.0699999927049614
0 0.972847640562249 0.8916112892181275 0.05027433954568273 0.06464162879731075
0 0.8160411666196034 0.6903962032728462 0.05297429954191767 0.06980782922995518
0 0.8156996638899348 0.8243574286837027 0.05396007859563254 0.06926147947273406
0 0.8159062274488579 0.7572862602325074 0.05304141370168173 0.06335872330988546
0 0.711348200418863 0.7572177841368899 0.05205592879329819 0.061302786899277886
0 0.18628138040443024 0.7577365343314243 0.056556499435240964 0.06338717396040837
0 0.4505486300671436 0.9578747023624252 0.053541607837600404 0.06740547575323705
0 0.8156830446787149 0.3584425968002988 0.05347228758785141 0.06872018760893925
0 0.6593017578125 0.8918548948736305 0.0510466671372992 0.0642830046999502
0 0.8156199014809237 0.42493401637590267 0.05351229135291165 0.06381006734779632
0 0.39805100529069404 0.8915077483036603 0.052878383651794675 0.06458394935881474
0 0.398027265311245 0.35843341721006605 0.052532199108935744 0.06846979756754233
0 0.659648359061245 0.2914321109118215 0.05195322304844377 0.06462511769328934
0 0.45047391715298696 0.2913549658786728 0.052730453062248994 0.06502311068227092
0 0.5023489955917421 0.8914800757905877 0.052620932950552216 0.06459046625996016
0 0.502285754345507 0.5592356647628237 0.05290625392193775 0.06377507547933267
0 0.9727353260699044 0.5594954897208042 0.05067074940386546 0.06332146997945717
0 0.18652010998093937 0.2915903646157557 0.05728351638977786 0.064276123046875
0 0.7631498895974522 0.8247318343812252 0.05279913599711345 0.06834342318227092
0 0.7635790231237449 0.49166938204214394 0.05365014746485944 0.07028103406685757
0 0.8678196673412399 0.42487210581502116 0.0535380780936245 0.06384644527359312
0 0.45028036952497486 0.5592544130120145 0.05258289015436748 0.06349236841695717
0 0.8678055483653363 0.6904439128252615 0.052988810711596376 0.06945513843065239
0 0.9205390899535643 0.9576640216477839 0.05322971573795181 0.06731132112176295
0 0.2939960648257091 0.6236685825059138 0.051591105633471385 0.06428499867716633
0 0.4501098142570281 0.3584125047660918 0.05290782269703815 0.06845350531467878
0 0.8157434425200801 0.6239333194565488 0.053355021649096376 0.0645035093999004
0 0.8675246395739208 0.7572380643441857 0.05286919161019076 0.06347865374439741
0 0.2936761572657819 0.15686314191476283 0.05157929079599648 0.06187650520963023
0 0.08143223031347332 0.6576254741147425 0.15141268504929423 0.4010534035732072
0 0.3457899223848519 0.2913370079253299 0.05181747497803715 0.06487981180745767
0 0.186666208290192 0.5594105754715514 0.05666408309017319 0.06370373000186753
0 0.6079796725966365 0.690455633520605 0.052203736822289154 0.0693090431243775
0 0.18665971258079192 0.6906305442293327 0.057111233018009536 0.06916105110806772
0 0.39794074981566896 0.491755828249502 0.05343892660485692 0.0706043015438247
0 0.9205259024378766 0.5594118156281125 0.053602790066516054 0.0636466828000498
0 0.6079923453579945 0.4914874924131599 0.05219682440700301 0.0701154853243277
0 0.2409169514973958 0.064737995497259 0.05265782367752259 0.12266921237170457
0 0.18654106170776857 0.4250911271904569 0.05773945390938755 0.06363270064274153
0 0.24073110067222014 0.7576121296065736 0.052797248564570784 0.06253783693351593
0 0.9200785073889308 0.06380209894294282 0.052883506682981925 0.12411937656630558
0 0.34587925677318654 0.49159886333571967 0.05222082176361697 0.07048539241471613
0 0.659619189649222 0.49144878007501247 0.05175918517821285 0.06992873233627989
0 0.9729023515938755 0.29160176919276026 0.05038415380271084 0.06509136792673058
0 0.3459209763860128 0.35833935984577314 0.052472168949234434 0.06887540171345867
0 0.9728178828595633 0.4917781024340139 0.050492301236194775 0.07038155969870517
0 0.5550272623697916 0.8917558768830927 0.05337693547628012 0.06447617732196215
0 0.5020460994368097 0.4248747806625062 0.05220388389495482 0.0636520081782246
0 0.6081122340926206 0.2913059310609126 0.05200107068900603 0.06532388512356822
0 0.7116273688504016 0.8241676604130354 0.052160693555471885 0.07153013920878984
0 0.8677146084337349 0.6236949419120392 0.05345758032128514 0.06483290470928785
0 0.3978344530465613 0.42497544003672805 0.05278055581701807 0.0635203327315737
0 0.18654068177004896 0.891477741378237 0.05768305154210593 0.0649417953187251
0 0.7632359271068652 0.15767967558477028 0.053284671890687745 0.0623176118767119
0 0.3456807944669303 0.15716602583805403 0.052079558468247994 0.0630967098403262
0 0.9730785936715612 0.9584114226687 0.0518802750062751 0.06776653153012949
0 0.3980413107508158 0.15726295866339332 0.052831197838227914 0.06320743636781001
0 0.6592124356802209 0.424983829331113 0.05116373697916667 0.06406060328996514
0 0.24177806195485066 0.8915001128299304 0.05335842883251757 0.06413155969870518
0 0.7635922106394326 0.22442059763874192 0.05328658383534137 0.06892241823720742
0 0.5021980745246611 0.35847740629279756 0.05282168713918173 0.06833430438402639
0 0.4502381596699297 0.42493086735090885 0.0528812515687751 0.06351337812811254
0 0.2938875374545055 0.6907570888321714 0.051957095961972885 0.06992527935134463
0 0.763642681075866 0.6236618953872012 0.053346736555597386 0.06457198549551793
0 0.29400428863893074 0.891576759368775 0.05169854221573795 0.06447141123007968
0 0.6594819953642695 0.6235344996965264 0.051857086549322286 0.06444111250311255
0 0.6079063813849147 0.4248797412887512 0.052144319465361445 0.0642348331284238
0 0.29386593002870853 0.0642250078132903 0.05083412262330572 0.123116496644647
0 0.2410547585851217 0.6237400982009462 0.053318130922126006 0.06436655720866534
0 0.9728485720224649 0.6236617981200199 0.051706925357680726 0.06410539482694223
0 0.7116902914391942 0.6227059778464268 0.052871103554844374 0.06288795015251494
0 0.5549380873101782 0.29149207612907746 0.053169464969252005 0.06458873976749253
0 0.9207833286270081 0.4247643337781686 0.054183923192771086 0.06398446740382221
0 0.4504121711455196 0.7572187324919075 0.052259281265687754 0.06314079619023905
0 0.4505005373054719 0.6903967382423433 0.05336021821661647 0.06934882540151892
0 0.8675200312970632 0.3584618800189866 0.053075681632781126 0.0685975336933516
0 0.5544829464341742 0.35841288167641927 0.05358077819088856 0.06867933539280378
0 0.6591502484547564 0.6903586338240787 0.05072384263616968 0.06917466851344621
0 0.9209068206419428 0.8242212303131224 0.05365514793549197 0.06934362160732072
0 0.6077644072383284 0.6234899999610931 0.05254327858308233 0.06444198790774402
0 0.18675204970271714 0.4918901299100473 0.057849047557417176 0.07061349329245518
0 0.1867881744262205 0.6240411158101967 0.056499962251349144 0.06398220594185756
0 0.9728800455729165 0.6905890840933143 0.050899398374748994 0.06953781553473605
0 0.5548611437939257 0.1571753999626494 0.05384820532128514 0.06310310515749502
0 0.8679360998682228 0.4917178940488048 0.05379016064257028 0.07084902577191235
0 0.24156839761389307 0.9579208556399402 0.05324157959964859 0.06823273312998009
0 0.9204526112261547 0.35841188468781127 0.05393546843624498 0.06891404110122012
0 0.29408794847358183 0.4909773746809637 0.052296490650100405 0.07097863429096116
0 0.24135337737669427 0.29130892202673686 0.053305458160768066 0.0636018669462774
0 0.9729015181821034 0.42493277621934133 0.05102921451430723 0.06417788319378735
0 0.397880964777077 0.2243473068176513 0.053053841341930225 0.06842975996405005
0 0.24118546941672941 0.15725397968672186 0.05324182472075803 0.06252769682986803
0 0.3458243619007279 0.0645071850354928 0.050154034105170685 0.12274925414309559
0 0.34554369823042164 0.8242416321043948 0.05192302412776104 0.06948392951630976
0 0.9207483253325803 0.8914734129886703 0.05310833176455823 0.06527785343002988
0 0.9206218428401104 0.6235887747836778 0.0537621187876506 0.06492939375311255
0 0.6086050255710341 0.06415699867613286 0.051716534105170686 0.12455861862912121
0 0.8679780155779367 0.2913016391465389 0.053341196818524096 0.06521195491471614
0 0.5022538395770583 0.15723482413120954 0.05271398092369478 0.06307206476827067
0 0.7638086035548445 0.6901646587478213 0.053315802271586346 0.06985607375186753
0 0.9207298922251507 0.4918821296843875 0.05407273625753012 0.07120288377739044
0 0.3459114656869666 0.8912877785732072 0.05199261401073042 0.06522639909113546
0 0.3979149017946787 0.623521344310259 0.0526615250062751 0.06419945219123506
0 0.24157522423679093 0.5594362540074078 0.05353168043266817 0.06374750023344124
0 0.659087276841742 0.7572331523515313 0.051712710215863454 0.06284845967691734
0 0.5023401712318022 0.6904517185165588 0.05290105735441766 0.06905648888819721
0 0.6591500523578689 0.22433004797217382 0.05131909473832831 0.0688662342816235
0 0.7115965081027236 0.6904454204665713 0.05267696763616968 0.07184042151705677
0 0.5022988683248619 0.49167288366066986 0.052796390640687745 0.07060804633030378
0 0.5022348181789659 0.824491657393862 0.05260249984312249 0.06886793645729582
0 0.3979546359265186 0.6903774063900647 0.05332742101217369 0.0693111343687749
0 0.3977341494885793 0.8244237892181274 0.05296449469754016 0.06901456673306773
0 0.8680862610598645 0.82414436492312 0.052874878419929716 0.06987222010395916
0 0.5547671643605673 0.6902417916225723 0.05327256290788153 0.06947517546999502
0 0.9726864489206827 0.22450401640508277 0.05094087286646586 0.06879190999673182
0 0.5550780024394453 0.4248151194051917 0.05406082337161145 0.06384535101780378
0 0.24125304930660135 0.6907691013290588 0.05288934056538654 0.07006534409238048
0 0.18654281432370104 0.2245102415046844 0.05733419517915413 0.06849432105562127
0 0.5549302434346762 0.6235406761625374 0.053313007890938756 0.06453302998941733
0 0.8676333752980674 0.15754084492109688 0.05303489348017068 0.06294631046127988
0 0.45025720558013305 0.6237432593843376 0.0537258898876757 0.06452218469870517
0 0.6077801440135542 0.824495621031499 0.05208137236445784 0.06939108799178287
0 0.9203796141597641 0.15750712360518862 0.05410695516440764 0.06341125974617157
0 0.92060546875 0.6905145774324576 0.054429240399096385 0.06989926038035359
0 0.815766214271147 0.2912788786261205 0.05297081882216365 0.06535187375498008
0 0.08280486792445661 0.95809632563496 0.15331148124602903 0.06752132096613546
0 0.18637589910422941 0.1573368513251681 0.057173420243473896 0.06325216711279881
0 0.34581273090408515 0.6234307399309014 0.052098947548004516 0.06422367171937252
0 0.4504414631180974 0.8244761675952441 0.053349825081576305 0.06887421019048805
0 0.34576143931193526 0.2241417447884244 0.052107502274723896 0.06960627947195593
0 0.6076950624764684 0.22438220749813248 0.052255261279492975 0.06884765625
0 0.08199931608146453 0.062617358933407 0.1550649757844856 0.125234717866814
0 0.24132929422769206 0.4252154468065239 0.05264169470852158 0.06283216742405379
0 0.18593757353633286 0.3585926557442107 0.05647869799510542 0.06893748249190737
0 0.3464851593875502 0.42406815608659115 0.05140567151418172 0.06339510123568227
0 0.9726104123525352 0.8245568507221115 0.05074879596511044 0.06937756785358566
0 0.45032900155308736 0.49163254209723606 0.052974593687248994 0.07055148546439242
0 0.29386106437468623 0.29318661632765813 0.05162270174447791 0.06138602328965388
0 0.29388538038874246 0.8248879482071714 0.05145234257341867 0.06907331611055777
0 0.5018736322242093 0.06506632694685127 0.05144969526543674 0.12351017226260971
0 0.5550128002243349 0.4917123255026768 0.054464586863077306 0.07054978328872012
0 0.24115625098048443 0.49138594547590886 0.05231409034575804 0.07084275203872012
0 0.6600538138883659 0.07909307593843376 0.05061177326493474 0.09432635668264443
0 0.8157482223817144 0.22453150654219062 0.05332212639620984 0.06869048464345742
0 0.2940329065284576 0.22533492738032243 0.051872455642884036 0.07340610701724352
0 0.398324805569936 0.06467921971324905 0.05122881663372239 0.12271724222190826
0 0.658953857421875 0.8247454517866036 0.05116662940825803 0.06915968936752988
0 0.7111654381196663 0.07867456413360231 0.05103779375313754 0.09504172336532775
0 0.24139932532865838 0.35899085542595244 0.05372620854511797 0.07008010438713895
0 0.34578691965126135 0.690255822413471 0.05207644543015813 0.06933729924053784
0 0.5022975936950929 0.22415524060982633 0.052451750360818276 0.06861162527623879
0 0.5551058481974774 0.0648434113696277 0.0546760773563002 0.12387420171760467
0 0.29442685291949044 0.5591598206782246 0.05113010636295181 0.06388493876058267
0 0.241204417278489 0.22465238533172 0.05341076218938254 0.06909944450712774
0 0.39794260048004515 0.29149230713863294 0.053568865304969876 0.06513428707046813
0 0.9206239508816516 0.22420983789451568 0.054228535234688756 0.06883153421470369
0 0.8674210023688503 0.06375380379270273 0.051667117689508026 0.12435564253909655
0 0.2942120042670683 0.42407869741736176 0.05100063339294679 0.06290694156965887
0 0.8155077830854668 0.157683183282495 0.053112547847640565 0.06221760905596365
0 0.7634772733512175 0.07862247147883077 0.05303455031061746 0.09462034977764722
0 0.4502472291509789 0.224349173131692 0.05273976766440763 0.06863602718034113
0 0.9206221860096636 0.29138669929656374 0.05356670823920682 0.06524094053473606
0 0.5558822447995105 0.22430488616821775 0.053470963933860444 0.06994900038517804
0 0.5025133983198419 0.6233473576397535 0.05275491614897088 0.06455287249439741
0 0.24124748505741714 0.824394147044634 0.05293934527171185 0.06921449942417829
0 0.8679686029273345 0.22415444423477965 0.05329217259663654 0.06917051034144671
0 0.5551098191594503 0.824343859911915 0.054170245434864456 0.06946155806461653
0 0.18677640861296751 0.8247600175469995 0.056958583847107176 0.06847692238857071
0 0.45028563962882784 0.1573182550559481 0.05254479833396084 0.06290598105624377
0 0.08301787778555628 0.3585380159051295 0.1516800539560586 0.06793198300547809
0 0.08294172938090252 0.22503277904008964 0.15107093106311967 0.06930631964330179
0 0.08328841029400808 0.8913265395449451 0.149623159998392 0.06400968392056773
0 0.4500812821598895 0.0644123451643256 0.05182438739332329 0.12397959545789011
0 0.8156698081388052 0.07861436182759197 0.05160544521837349 0.09427179283354863
0 0.08288328255036749 0.42559207749081795 0.15169032299853713 0.06289098975192978
0 0.08271764004565625 0.15771195005135705 0.15133894571817544 0.062434077167890935
0 0.08346194071942065 0.2911395555473419 0.15065625355425608 0.06395071569191982
0 0.1856488269974429 0.06507931781480038 0.05662100305518951 0.1225998129977648
0 0.5024457203815261 0.2915971490016497 0.05305528755647591 0.0654850082093501
0 0.7375927783399223 0.016339828293636977 0.2059673753608183 0.03106489523473489
