0 0.15025448799133304 0.9376339129547574 0.2707955890570205 0.04249858102639377
0 0.4939191775580945 0.026632547326209358 0.1388392341784395 0.04990060304318529
0 0.14863570315388444 0.7311539084792033 0.2737936981188984 0.04136018694441396
0 0.49393368072022265 0.813875246927129 0.13974847275609026 0.04207567544858429
0 0.14979948974645935 0.8962551314544008 0.27799713040312257 0.0402694849511633
0 0.4924423656524561 0.9372155086527382 0.14018888138353633 0.041691780927622914
0 0.4927975103116264 0.6480595535934757 0.14204938114641574 0.042187885823639165
0 0.49301883587821993 0.11282873111821978 0.1408863006689297 0.04253155019222591
0 0.9163380095753045 0.07154328745640193 0.13130738864691494 0.038576864589192135
0 0.3601226562890001 0.026997597202907224 0.12223113916171625 0.05035748703632573
0 0.1477153434540136 0.6482864393279466 0.2725216245498901 0.042165486617921424
0 0.35403670289645944 0.6486950104858292 0.13361719393501648 0.04095630461547959
0 0.9165372025852386 0.937113318974978 0.1314836690981929 0.04166166524912204
0 0.14769127460333487 0.814523511020838 0.2790695676407494 0.04176449796628073
0 0.14725124683623877 0.6898574896084833 0.27728957261521214 0.04017195730904302
0 0.4932194426417732 0.6896157871745363 0.1402747791034345 0.04058923629211479
0 0.14450308461539663 0.3377682459136244 0.28900616923079325 0.4095148998814875
0 0.4934022312347119 0.5250011842642257 0.13869834631776656 0.04188195982975747
0 0.4933651811398637 0.565674899857331 0.14092700702313798 0.041048634355794554
0 0.14806973439055127 0.6074800700655729 0.27922456790083133 0.04073333070401668
0 0.49449048027062953 0.9776323567994127 0.14150294099752894 0.04068456688295654
0 0.9149309347231929 0.6484015701736034 0.13371652231429712 0.04197637944811786
0 0.49353193094174314 0.3594314267072267 0.1376351548459964 0.04074983538191396
0 0.15012640655992893 0.07097026399607403 0.2808219594315599 0.04012730291163953
0 0.14910012464553782 0.8551543305273952 0.27776931269100297 0.04091547161366879
0 0.3538805074965993 0.9376169259973114 0.132384400779066 0.043273121982001755
0 0.7822672688542083 0.2773102181746941 0.13937923931085264 0.040052753880528424
0 0.4933580392465805 0.89571685389116 0.14065766258361623 0.04046207525104259
0 0.492640266784083 0.2765742461863477 0.14083301678252297 0.04092297373998574
0 0.6409483595778005 0.2771181235510179 0.14916192685453275 0.04077673586342186
0 0.6371156735161242 0.937212668562061 0.14297066100489217 0.04214651695566286
0 0.6403954356623154 0.07218571898181571 0.14886698859949082 0.03746290265519542
0 0.9154327197577626 0.026582935538806862 0.13317412842576876 0.05055412657957939
0 0.4937247864354532 0.3179418146871913 0.13922479891548523 0.041625896182575166
0 0.6393639561467278 0.11191897438323949 0.14725945323420028 0.04127162836223866
0 0.49304364969174314 0.1533724321829216 0.1411874789399461 0.04073342448059565
0 0.49287048924845245 0.7723967675266817 0.14015904630715856 0.04024842541085931
0 0.4933385635717228 0.8547535026356043 0.14045559331631888 0.04160266638430092
0 0.9181818367955021 0.977762840210711 0.13494473295851636 0.040394234594490784
0 0.4933197216484874 0.235458226660242 0.14090570321860024 0.041918934595176684
0 0.7796111914296501 0.9374570771201437 0.1419372071092502 0.04218820734333845
0 0.4928762173881165 0.07107793123079456 0.14069017891685803 0.03996148247589031
0 0.35293452351238025 0.565622545732962 0.13448092427116615 0.040826785763279194
0 0.9165430038500899 0.2363040512125151 0.12994599266174123 0.04310408300009603
0 0.7818464821519943 0.07215701999948985 0.1407180639882438 0.03749424412754986
0 0.9165482201134435 0.8957616790959038 0.13263456204447882 0.03925782321732331
0 0.4937684665472743 0.4007711971507353 0.1368846954248203 0.041099166535200835
0 0.9172628481928914 0.1533613196583146 0.13645296431958867 0.04108309055023595
0 0.14729478374456825 0.566745560455992 0.2759072567327335 0.03939484419584065
0 0.49318424505166725 0.44170332080549685 0.14125992162539935 0.042519935293088784
0 0.9170970002683206 0.11255157443909816 0.13505929575179712 0.04212146521242592
0 0.9180389989298372 0.8551636813919831 0.13112330817566892 0.04098893886495829
0 0.9168012332611571 0.4832718123250933 0.13357114944214257 0.040061568878950835
0 0.7797822799926368 0.11245691033179975 0.13757704469723442 0.04199782079306478
0 0.14818189166986143 0.7725859014897937 0.2753476502415471 0.04074554845259
0 0.7781966090583192 0.483582802254239 0.14365272400097345 0.040369209644562115
0 0.6370258026610548 0.8961893270892779 0.14270658157884883 0.03973769136852502
0 0.354181771080334 0.8959037908029934 0.13120525713545828 0.04033662898169996
0 0.7793590557841829 0.23645344400112833 0.14291103960226137 0.04292227700679736
0 0.6384702201087634 0.3593539806496584 0.1456424115945737 0.04081384459538247
0 0.49405158289705225 0.19407816577941517 0.14041591071473142 0.040863184472570514
0 0.641479857813436 0.7728992492300675 0.15111627060765276 0.03916190317369952
0 0.917029091344474 0.44309262082281614 0.13282312752720646 0.039044173377140036
0 0.9174197260944988 0.27731729160807866 0.13083402493510382 0.040179432642051684
0 0.6407140908530725 0.442561443486268 0.14891676247691193 0.04082298111350417
0 0.6387744940127047 0.6491181036167964 0.14591351103858827 0.039906810730355576
0 0.7774194589438149 0.6486840788160531 0.13872813264401956 0.04105050988737379
0 0.49354687285499454 0.4830659861309263 0.13845732570075378 0.040930743799385425
0 0.35119188936373674 0.5249170800695512 0.13889351744240466 0.04261840070099868
0 0.49334563233981876 0.6065449032268575 0.1413389455777007 0.040415186961561676
0 0.35248207360410844 0.48330519678720374 0.13822512885632987 0.04072818638882792
0 0.9170140275559107 0.3601870113972303 0.13320289099940097 0.03992950466246433
0 0.35332246481800994 0.7303936215635976 0.13194857466335114 0.04094660543788411
0 0.642149538277818 0.1530267784111954 0.15311278321872504 0.04213070890378073
0 0.1511745121532355 0.026067692161757656 0.28194515773663503 0.04990392939054306
0 0.7783982883246182 0.8962201929804103 0.1440258574561951 0.03975676820401668
0 0.35751326929646937 0.3597503340589675 0.13309683510289785 0.03997307058171916
0 0.3545575736048885 0.07193374131414533 0.13324605923491165 0.03819891483350424
0 0.1447383043484185 0.9784153108538192 0.28169642850613824 0.0380859375
0 0.49360081486808605 0.7309755454260178 0.14074170779877196 0.04200992467007792
0 0.7057073428607977 0.012378549513990048 0.2799827892559405 0.024648314592108797
0 0.7835863741061178 0.15333204796902436 0.13094541897027256 0.041454177869841964
0 0.6409775852776184 0.23610645056398843 0.14946422637841952 0.04145441900961644
0 0.9176912642896365 0.730841391331486 0.13235132381938897 0.041130943398814755
0 0.6424337027552791 0.3182397830685154 0.1520364779633836 0.041144098913177676
0 0.7827260806537665 0.31824301166216257 0.14241583583453973 0.042037253844518216
0 0.9184359224459615 0.3185823221181546 0.13004749042157548 0.04188067375096027
0 0.9192241632138578 0.7724223819293925 0.13044577894119408 0.04035088302170215
0 0.3532541415181023 0.23548417597930613 0.13415456656069039 0.04197721004067438
0 0.35071215157310803 0.27691931720361884 0.1372234112919329 0.041134533702123575
0 0.7779620722079048 0.40215665232831704 0.14578632196298422 0.043035894030536655
0 0.9166297790722343 0.19433426961655986 0.1314847416009385 0.04004164805424852
0 0.6415939331054688 0.8142688942123024 0.1519470702344998 0.041965287018492094
0 0.7795131549286767 0.4437893004245775 0.14352909368447983 0.03815710052677788
0 0.6394146075263953 0.4833293911445758 0.14676892947845946 0.03992808461712577
0 0.35312434431082146 0.15326671918512333 0.13525792813529602 0.04066301166644946
0 0.638556995330908 0.5248725763845067 0.14639189601325378 0.04195280133683604
0 0.3558123530671238 0.11298536479839427 0.12949434713052865 0.043084510488401284
0 0.3546866395602973 0.6895468479923452 0.13041314073264026 0.040184496577315626
0 0.636828389030676 0.03916741338500441 0.14337518954048523 0.027917821748514145
0 0.6407439746795752 0.19485430763519263 0.14858262912153056 0.040289687105602504
0 0.7771241306877745 0.35997500934550586 0.14514735407722643 0.04044905370322103
0 0.6389710301408372 0.6897433233219243 0.14546934865153255 0.04092329525968503
0 0.3568812726785581 0.8144591534943619 0.12788788426798373 0.0433027553809537
0 0.6396951401195586 0.5656183927701794 0.14655506268096047 0.04082833977515912
0 0.35504637891873003 0.8553520115558467 0.13005363293730032 0.040414436748929985
0 0.6417054733910119 0.9780771257167745 0.15124789594461363 0.04073601003484415
0 0.778027373000075 0.525377657038795 0.14172119530625998 0.0423307477433604
0 0.916787095724965 0.8144403713852613 0.13193041524186302 0.041954998388114575
0 0.916079585163738 0.6896140188161902 0.1355113069089457 0.03966347390460382
0 0.35268725069186174 0.19411485251677046 0.13656969649342302 0.040136724108661655
0 0.7802326092704795 0.1945119159487489 0.14136361314084964 0.04043755937397114
0 0.6394279650605905 0.8552150709572541 0.14686418722231928 0.04134486117208077
0 0.3554541249625599 0.4008821616369554 0.13526053626697285 0.04154862428151065
0 0.3532580293405551 0.44212093470492214 0.13216392833965654 0.041543774692712906
0 0.9164512561152156 0.5255867252232632 0.13153700173472443 0.04295112000315518
0 0.7780379761522189 0.6895650942352805 0.14072420650396866 0.03988157143396071
0 0.35359310113583886 0.7723518887353216 0.1345050799580047 0.040186318522278316
0 0.6395490603705946 0.7317063329092132 0.1469744600046176 0.04145524960217296
0 0.9166324603290985 0.40219030472351025 0.1323541513266274 0.04280348887456102
0 0.7804833067872653 0.7725885540273129 0.14157669993635183 0.03974953401078248
0 0.35398120087937424 0.6077634093005788 0.13208541626366563 0.04125521076259328
0 0.638241703898762 0.40166837107831704 0.14464747029752395 0.04258185462851185
0 0.3512348869738106 0.9779441773211149 0.1372683832820612 0.03906485781112818
0 0.354385826915217 0.31922975561930694 0.1329794935525035 0.04093819233908582
0 0.7801408615356056 0.7310660532213702 0.14037535061089756 0.04205172223098661
0 0.6410965355821311 0.6082048558477144 0.14880619719386481 0.04182054956719162
0 0.7814671574309231 0.8552216621110896 0.1423002005385134 0.04085904490644206
0 0.7792638711655101 0.5659973037358017 0.1441928266336362 0.04071387876220918
0 0.9186193691655851 0.5666651001512428 0.12774365702376198 0.03899814247352393
0 0.9178325909014327 0.6068204456091555 0.12771177444214257 0.03973281498641901
0 0.7825819021596695 0.8141959360338703 0.1358949703911242 0.04239810612036326
0 0.7792731093141598 0.977382857512758 0.142791991797499 0.03872994145769315
0 0.7784437721910568 0.03953899889268616 0.13658941591890475 0.027520478661380597
0 0.15003646029451023 0.1129268281181409 0.2751937133435624 0.043656078737173504
0 0.7785181405064399 0.6073909823155592 0.14175249288638178 0.040620959569112165
