0 0.6620555442023742 0.9646150088570045 0.13295161425237204 0.06272541567345977
0 0.7919337025591922 0.9649423373814701 0.132108300509227 0.062490893329578794
0 0.5331602601287757 0.9646375197277085 0.12836513678675573 0.06332747914265507
0 0.727456754296603 0.02791517868026004 0.2558939304192418 0.04943352453067137
0 0.5344726860025135 0.06200696756533985 0.12711162088973277 0.10935956134780155
0 0.40540435918526396 0.9649424397036096 0.12801883878150025 0.06299043001493085
0 0.7912221499472275 0.39939818977810015 0.12828612261163824 0.06359763517163924
0 0.40534338778440004 0.06159971745595749 0.12860220056390365 0.11010171981389445
0 0.5341724831413758 0.6507204859974197 0.1284190313397676 0.06322479887560248
0 0.5338991425495625 0.14862029210719757 0.12874562893073208 0.06406257418355119
0 0.7909000152332869 0.1485732622938004 0.12765528431841922 0.06421411327224565
0 0.6623513266900788 0.14868762007503078 0.12959323553653812 0.0634136727549704
0 0.5340964017140167 0.7769547212253772 0.12684546340474842 0.06303289370284995
0 0.5339215419418633 0.3995416965788388 0.12886200376207782 0.06395320460662458
0 0.6627990595145478 0.3995549984569821 0.13077993578897545 0.06376114595066272
0 0.9229627093896893 0.06181582061562934 0.13042796355436106 0.10951871624136811
0 0.11037586924093348 0.06137279992531251 0.2047461825825046 0.10994645675889406
0 0.40526157899819376 0.14870223295558727 0.12966230387143104 0.06450339075106087
0 0.40558159915849695 0.9021953828976319 0.1274814233806472 0.06313112295683151
0 0.6627547495212396 0.6507898092469746 0.1306840901919394 0.06301718725442687
0 0.40534161325948814 0.7769425704713041 0.12771342923050139 0.06254548219103626
0 0.5338624619507857 0.525772567966458 0.12845643449958652 0.06350362670591471
0 0.9212697913719751 0.3997794036993137 0.1287077582314154 0.06273697807523052
0 0.2757859296453365 0.061462236070273214 0.13168500724941243 0.10959110435875945
0 0.7907836829055317 0.6507066980891136 0.12749776601127263 0.06271600203661987
0 0.9212126665460698 0.14907056707748326 0.12824327899220928 0.06363444556134744
0 0.5337239002450928 0.27361720325760946 0.1290140816096144 0.06202916467479568
0 0.6627605300095751 0.5258822828806057 0.13093996180797354 0.06331908872721081
0 0.5342853089228978 0.9022533483896951 0.1272975740990599 0.06342161551105406
0 0.4054115847956835 0.6508603347816692 0.12887826138552186 0.06340115108314125
0 0.7910393420036124 0.2741898491116801 0.1281076925378656 0.061711556753588644
0 0.6630404586579475 0.7772675200060247 0.13025888427054316 0.06257878804746438
0 0.9214640752850801 0.6507140908636971 0.129806306036734 0.06227187278984179
0 0.275492601739995 0.6507946695486038 0.13124469130152117 0.06349278055912091
0 0.2757752506181722 0.21191897396269904 0.13166887713674053 0.06104487685325859
0 0.9212975462167045 0.2740974138488514 0.12874830665694637 0.06245909672470924
0 0.7908719203598319 0.7774230240776273 0.12891942611311805 0.06256911860527557
0 0.7913523809491426 0.525861051036646 0.127744286837352 0.0629209532821668
0 0.6626602427873106 0.2739967288635203 0.13112234471568157 0.06238670381096762
0 0.4053974629776723 0.3994740872251218 0.12942776905793002 0.06419401976208874
0 0.4053717908088876 0.2118837687515553 0.12828102218075382 0.06114388631355433
0 0.4053904073816155 0.5257833117911123 0.12784383024677926 0.06356143871476844
0 0.662334537771751 0.8396087160454213 0.13183002950089223 0.06337239856192373
0 0.2756576325567984 0.3996190265358144 0.13126558181635184 0.0641613789995678
0 0.7912853527866034 0.9023559263346081 0.1281139830692897 0.06268684022684409
0 0.2755100813416717 0.9022299677808047 0.1313118257230371 0.06335009233549874
0 0.27654805090434037 0.14861757417536542 0.13190545212259533 0.06453861514760582
0 0.6630058394833195 0.9024966704375785 0.13044526251577734 0.06301805699261316
0 0.4048660937125969 0.33677109289049395 0.12818247760570814 0.061914359234204734
0 0.2754797125261142 0.7770157563816271 0.12991715540128831 0.06289752151220662
0 0.27628349792990514 0.3369074627219981 0.13080773313729543 0.06137532620298093
0 0.921640890222406 0.9023278900683676 0.13001202341573817 0.06243819742770327
0 0.11058546806112306 0.8395133518113476 0.2003711332517746 0.06127008788243923
0 0.40473393942320257 0.2736666632218213 0.1291973995963179 0.06259022254656067
0 0.27587670668918113 0.5885949850282245 0.13113889986426053 0.060966856221840955
0 0.5337808550566352 0.21181644717885584 0.12812193124075122 0.06146889979961232
0 0.4051298709965018 0.588488083972915 0.12867500921477845 0.061344373755762786
0 0.9214616950840007 0.777268850193839 0.12918813381354458 0.06172409121568525
0 0.40541324243572097 0.46309086942712696 0.1286044532542109 0.06231653640376153
0 0.9218919164290998 0.4633578023087149 0.13047497252567897 0.06230451355236274
0 0.9219489137442332 0.5262179506594458 0.12976643766865426 0.06285219280437972
0 0.27636782505386054 0.4631474279897711 0.13144745468097144 0.06191804283122904
0 0.6630672359200905 0.08525102556201457 0.12985169987160516 0.06396406674125268
0 0.27593741244260317 0.9645747962561557 0.13160212524754092 0.06359372134980092
0 0.2760564756260609 0.8394150458157612 0.13104241671336395 0.06149555471696878
0 0.27513947128253397 0.5259104470495206 0.13063461601236073 0.06375329272645118
0 0.9221861687875392 0.7137981967973989 0.13131628860006092 0.06255397492862008
0 0.5332272882913149 0.3366095901834595 0.12809421889961264 0.06214665607155019
0 0.9213408148720406 0.3369546332283372 0.12928419192853413 0.061165821622223386
0 0.11007832783510427 0.5887973526397474 0.2025019405279983 0.06062965361090738
0 0.5342972099282948 0.5886144773958115 0.12796836576754003 0.06188018363959032
0 0.5334332819436586 0.463029373821249 0.12743027030923573 0.062458354889197404
0 0.7907235403246866 0.8393344415503197 0.12872722487595753 0.06148752242901299
0 0.2765542989321738 0.7140002830230381 0.13083487167995952 0.06251079498572401
0 0.9221237735163867 0.5885736252815905 0.13071239758334785 0.061320532697244336
0 0.6625247625919438 0.3369485578513005 0.132181661706781 0.06278514622243032
0 0.2762111461926304 0.27373712480517864 0.1314184034767257 0.06269645850796311
0 0.10923160019027157 0.6508710530257883 0.20442891054498782 0.06226061735448973
0 0.4057035313343272 0.8395295954510033 0.12808423055579735 0.06197738967217623
0 0.109235063236736 0.27364806617295556 0.2039333631733334 0.06128167586474486
0 0.7903864018432276 0.21219611987284226 0.12905909291216922 0.06107377006741801
0 0.7915449222150286 0.5885520608906774 0.12810811757377263 0.06147877388608026
0 0.10892975596000225 0.3998229801405006 0.20482509647571276 0.0630843873195856
0 0.9222354304491642 0.8392657833946722 0.13131025309018104 0.06154748320279757
0 0.6629935559456064 0.5887245504374476 0.13051216316754438 0.06183500841497276
0 0.7907129569306016 0.33700965695888774 0.12904812698576776 0.06119651826409262
0 0.7906717709512098 0.08528070377883847 0.12853442858852715 0.06172184652374856
0 0.790641678408992 0.46347644482953954 0.12931904487291088 0.06245400619826593
0 0.40538440374942875 0.7141102025814647 0.12889267010277028 0.06289782847862531
0 0.10925079720266018 0.1491057147324235 0.2034721839394742 0.06372975863435143
0 0.7904044233656861 0.7140131756126231 0.12910023638797005 0.06289061476778604
0 0.5334906405393128 0.7139896926815932 0.1268780211552272 0.06297482588864732
0 0.10907874399573027 0.21219193745538753 0.20353963448144602 0.06053911130766057
0 0.6626435176243689 0.46310680610036414 0.1300976256474147 0.06242903959621228
0 0.10980606311543074 0.9022989840639406 0.20314771352040067 0.06267323138228206
0 0.9216063773067548 0.21194030812879816 0.13003684551270892 0.06065421092440276
0 0.5346728354111356 0.8395145285159523 0.1280276582765712 0.062159778885949285
0 0.10982962637558621 0.33719993776767476 0.20292122184732167 0.06127369473785886
0 0.9232293769177621 0.9649736479561767 0.1327908231687413 0.06299247645772213
0 0.6625397451076667 0.7140012295028291 0.12983253075219794 0.06298388139799874
0 0.6627628464552686 0.2118303182239005 0.12974743856360985 0.06132829638958377
0 0.11003200755477949 0.7772915145477526 0.20203268361954968 0.06137476343121333
0 0.10903706690063052 0.4633898547189334 0.20358554300823584 0.06172081690721919
0 0.10928025219101759 0.5262501565528734 0.2038778807127376 0.0630142199123795
0 0.1096588642152239 0.7141649449261317 0.20321535466441204 0.062077307241460614
0 0.10977555151437318 0.9652831724283583 0.2027186703217063 0.06254225904363998
