0 0.5288576380197354 0.8667441281405363 0.13507327100679806 0.22564884532581675
0 0.17191648242043403 0.8677742697975853 0.32186436130465784 0.22460160688920458
0 0.5280356447371021 0.19033511335199532 0.13659745163298376 0.21536997881802647
0 0.7907943596928356 0.8690685619007457 0.1342549573309707 0.22172435413707386
0 0.17221330229387719 0.639666071805087 0.3201831532972056 0.23145082647150214
0 0.7903474032577334 0.18782290545376867 0.1362442093796111 0.22179001894864173
0 0.9243247432612247 0.14995859319513494 0.13347431459475126 0.2999171863902699
0 0.1707178933802587 0.19026624072681764 0.3233030404093283 0.21503893245350214
0 0.6595095912682467 0.18987334424799138 0.13139649466760644 0.2164345914667303
0 0.39525385530159807 0.8686988136985085 0.1348854052075648 0.2223980990323153
0 0.5283749662402508 0.41264504519375883 0.1353397465877951 0.22672954906116832
0 0.7908532591332473 0.6390546625310725 0.13414271645763068 0.224853515625
0 0.3956669490614789 0.1904502912001176 0.13568143539042737 0.21613373322920362
0 0.5295417875704838 0.6388579108498313 0.13385915514992622 0.2226053064519709
0 0.1730388043099672 0.40991526517001065 0.3211625792324845 0.22393507523970171
0 0.39607164148134477 0.6391676816073331 0.13484086395315134 0.22551137750799005
0 0.6602507875902455 0.639042126048695 0.13043902495257167 0.22297942421653055
0 0.7912370704277771 0.41283160122958096 0.13533696758405353 0.22540387240323154
0 0.9245833192667712 0.638321859186346 0.12991775589889862 0.22246419733220882
0 0.6603681233037784 0.8681059403852983 0.13066463888596122 0.22407476251775565
0 0.6601170866324568 0.4123129931363192 0.13106553590719858 0.22497638355601918
0 0.9228308486295188 0.4129587520252575 0.13105910302816715 0.22519257285378194
0 0.9242337051571723 0.8674629211425782 0.13134425968987143 0.22595298073508524
0 0.3963078053363459 0.41248449845747515 0.1370731244400822 0.22473630038174716
0 0.4337191865984961 0.037802032990889085 0.8457773208723067 0.07560406598177817
