0 0.19117324476124703 0.5592435615007268 0.3659798750510583 0.44793132360864246
0 0.18874749953930195 0.08911272744799771 0.3644024078662579 0.17594700774481134
0 0.5558667109562798 0.09120618174071922 0.12038820706881007 0.1726258047825514
0 0.8055727151724008 0.5749940739121548 0.15319231473482572 0.0585601806640625
0 0.19060068818239068 0.9584133059479468 0.3667693220652067 0.0741840451262718
0 0.6716051541841948 0.8898612798646439 0.11447976919320914 0.0590087890625
0 0.9403913351205679 0.5750208477641261 0.11683414165790264 0.05860457309456759
0 0.9405005234938401 0.37173289809116095 0.11638289231520432 0.075877167457758
0 0.671472402719351 0.9581195920012717 0.11565692608173077 0.07603532658066861
0 0.9402311471792367 0.8219235442405524 0.11572418212890626 0.07527451626090116
0 0.8055435474102314 0.5070834137672602 0.15228746854341946 0.0756927490234375
0 0.805734399648813 0.3719250346339026 0.15262797429011418 0.07677087118459303
0 0.9403179755577673 0.5066009521484376 0.11626862746018629 0.07547366120094477
0 0.4330055530254658 0.43800322066905883 0.11769532423753004 0.21312475869821948
0 0.8052859086256761 0.9573318481445312 0.15105690589317908 0.07710223530614099
0 0.8049680269681491 0.8892066068427508 0.15270115778996393 0.05919437852016715
0 0.8053747030404896 0.8220943717069404 0.1523642319899339 0.0765598030977471
0 0.4317836614755484 0.7332993263422057 0.12174926170935997 0.10171785576398981
0 0.9410371340238132 0.7338206446448038 0.11644680316631612 0.10043789176053779
0 0.4318905316866361 0.09108658072560331 0.12003429119403546 0.17912171358285944
0 0.5536434467022235 0.8901105658952579 0.12086475078876202 0.05783769474473111
0 0.6720262674184946 0.822106898108194 0.11429355327899639 0.07623411666515262
0 0.6717227348914513 0.50837226690248 0.11491892887995793 0.07535077472065771
0 0.43184936229999255 0.9568582579146984 0.12258174602801983 0.07597010412881541
0 0.5556236853966346 0.44029544564180595 0.12211561936598558 0.21595068643259446
0 0.8053368788499098 0.21835682003997092 0.15196615365835336 0.07709975131722384
0 0.554482181255634 0.5752535975256632 0.12272098247821514 0.05927432747774346
0 0.1908581852912903 0.8206352575715836 0.3702999023290781 0.07451977136591435
0 0.19128792927815363 0.2159781966098519 0.3719473747106699 0.0775584198707758
0 0.6727968656099759 0.1231757407964662 0.11499845064603367 0.11119363474291424
0 0.5542070535513071 0.7331772205441497 0.12190921490009014 0.1011833723201308
0 0.43170970036433287 0.8892320499863735 0.12164928729717549 0.05938607149345929
0 0.8054660210242638 0.4393490813499274 0.15289312509390024 0.059179332644440405
0 0.6720965458796574 0.5754917943200399 0.11345320481520432 0.05781498398891715
0 0.6722150362454928 0.2950035538784293 0.1141009990985577 0.0762482576592024
0 0.5537040710449219 0.958586794831032 0.12219613882211539 0.0781955452852471
0 0.8060138702392579 0.6446946254996366 0.1531180161696214 0.07792514534883721
0 0.805598919208233 0.1232149833856627 0.1518480741060697 0.11171723299248275
0 0.9410662724421575 0.2957828965297965 0.11671928992638221 0.0754932492278343
0 0.9400785006009614 0.8895982609238736 0.11490689791165867 0.059756824582122094
0 0.8057015932523288 0.7335671358330306 0.15243993905874398 0.10152630473292151
0 0.8058613703801081 0.2955162491909293 0.15279799241286057 0.07649906956872275
0 0.6726270235501802 0.7331554324127907 0.11312302809495192 0.1008056640625
0 0.4323570838341346 0.2955925963645758 0.1220916748046875 0.07675382037495458
0 0.9404800415039063 0.21867042364076128 0.11692340557391827 0.0777315006699673
0 0.6726126450758714 0.21765456975892533 0.11385286771334133 0.0766064488610556
0 0.9405529022216796 0.9592763856399891 0.11573163546048677 0.0795635134674782
0 0.6726944556603065 0.6442915450694948 0.11330049954927884 0.07768788892169332
0 0.554342533991887 0.8220148130904795 0.12142134446364183 0.07799129042514535
0 0.5538357661320613 0.2953849792480469 0.12105736365685096 0.07779281971066497
0 0.9399335714486929 0.4395107358000999 0.11495144183819112 0.0596586360487827
0 0.4322716346153846 0.5752015934434048 0.12306917630709133 0.058876569880995634
0 0.43214208162747897 0.8221432708030524 0.12137844379131611 0.07706852402797965
0 0.19176186277316165 0.29742145981899526 0.373270543722006 0.077247832542242
0 0.7488573231924492 0.03461744840755018 0.26113920728096657 0.06923489681510037
0 0.6724827986497145 0.3715021355207576 0.11421502920297476 0.07643258737963299
0 0.554633566049429 0.644370855287064 0.12132274921123798 0.07654589275981105
0 0.19092831565783575 0.8913549378860829 0.3718969721060532 0.060165050417877904
0 0.4325099798349234 0.21782188415527343 0.12121379558856671 0.07624570269917333
0 0.5545135204608624 0.21763242677200673 0.12142011202298678 0.07568513737168422
0 0.4324577771700346 0.6444471137468204 0.12236624497633714 0.07712409440861191
0 0.9375604482797476 0.09092031855915868 0.12141512357271635 0.1728476790494697
0 0.6715373992919922 0.4405657746071039 0.11453252939077524 0.058976568177688954
0 0.9407849238469052 0.6401127659997274 0.11659041184645433 0.0698184700899346
