0 0.9145699548678559 0.23879603332876229 0.14405546086640536 0.4420290720474974
0 0.16991119444779457 0.7950780295320051 0.32515668596228425 0.40277201513414435
0 0.1694080934644564 0.26544214258713544 0.3298596351043038 0.3942325504886245
0 0.393771627674932 0.7950070721403367 0.12325121008831522 0.13464221384487587
0 0.39294494698740523 0.267585132416616 0.12682703921669408 0.39423104571707557
0 0.9136343460606764 0.5291150299233167 0.14465010793585525 0.1339897061902735
0 0.3929401633395756 0.5291572664659765 0.12211727604986056 0.13442000940520651
0 0.5143383907780767 0.2654410565046099 0.12414414604413974 0.3905422566016654
0 0.5143714747658038 0.9303786507390295 0.12339150714656036 0.13416980817154547
0 0.7692649719098612 0.2380153600696101 0.1437130716354405 0.43736275302504823
0 0.6366820695471164 0.26591056930997875 0.12156865798635941 0.3938833079145327
0 0.6369152112738218 0.930309972779822 0.12185002027987343 0.1345525919238796
0 0.9135638134430422 0.9307641161766119 0.14447775694543763 0.135147121543415
0 0.5143167072357248 0.7954420414876018 0.12208619979753647 0.13430807586294485
0 0.5145836312929062 0.5292516081530096 0.1229015498739631 0.13375377152213314
0 0.6373732193656589 0.6622850522006124 0.1214777337604584 0.13165245659531524
0 0.16879490529372437 0.5278351956385929 0.3266960194236354 0.13558085731546574
0 0.6370348373867009 0.7950552352073952 0.12088295524125786 0.13414288405165312
0 0.6378603658086921 0.5285127770502664 0.12074911785343964 0.1322236555531909
0 0.9137129794541977 0.7955988932577713 0.1453731720180206 0.13372995815712874
0 0.7700418083836884 0.6621852666925253 0.14442635891912187 0.13162279715646968
0 0.5139931824987485 0.662401598241501 0.12380541489380721 0.13177967574349186
0 0.7689629735881185 0.7957227871162401 0.14443997660272453 0.13372556019332163
0 0.7675087097307638 0.5273576411295859 0.14132418076015446 0.1366436628130492
0 0.39153836248122853 0.6601155956516367 0.12359640090907466 0.13258166053383127
0 0.39187779197430994 0.9287073172249148 0.12460285247872567 0.13654041793099186
0 0.9144486137058425 0.6605261080294376 0.1449846141125572 0.1328317008663774
0 0.7691508627046981 0.9305574655113824 0.14404338775564932 0.134016415775346
0 0.3520759836638699 0.042534722222222224 0.6928493675311468 0.05208333333333334
