0 0.9138577894103892 0.34999666755213427 0.14242619933530176 0.04131602307821673
0 0.9142108662003419 0.975664729785857 0.14221737742639579 0.03999932793643999
0 0.521539505308403 0.31012092286748816 0.13179576246044303 0.043716142011170904
0 0.9152460632876074 0.1831978078146659 0.14213189509634946 0.040056560837359347
0 0.9142296292682669 0.5593314273483365 0.14106731173358386 0.04151131168970156
0 0.6510330945199478 0.3505420821675738 0.1338126818913879 0.04032823297608854
0 0.5199841021629181 0.351281471526164 0.12739052522462704 0.039182699045478636
0 0.9149041891529159 0.8095591645262558 0.14149008780232822 0.04171922140003262
0 0.7849164690290179 0.042223309350806905 0.13376820238330697 0.07419149625246928
0 0.9143428147162495 0.22460142211515918 0.14242167412480222 0.04193105280827014
0 0.9146975470710188 0.3093227179938489 0.14190800754760963 0.04218486828191251
0 0.9150913783482143 0.4344293503534226 0.13880145053966997 0.04176998449476109
0 0.5202621542739179 0.8101603588246087 0.1277839426106182 0.040674019233121333
0 0.9144211781175831 0.47645060221354163 0.14216980753065664 0.04206190215009377
0 0.6511934911579594 0.8098144929391919 0.13526179777562727 0.04144936080703686
0 0.9145638326193066 0.934998235435013 0.1416249059639184 0.041057828043460545
0 0.6500663826306085 0.8932868176166013 0.13579941485717112 0.042875425534083494
0 0.6506955524465274 0.3095279999675117 0.13408789194945187 0.04292596965075628
0 0.913394286447149 0.6015264084350028 0.1426410916485364 0.04231575743792808
0 0.9153246750236634 0.7264739134229249 0.14055574220515935 0.042432612091283434
0 0.6508005704414133 0.39211727572824934 0.13387796633066795 0.04333304985628669
0 0.5204757083389254 0.6423597441571876 0.12942485567889636 0.04264776798454827
0 0.7828751024242767 0.18341960272443739 0.12674595865591093 0.03999359469280007
0 0.5206357186784796 0.5593698679506585 0.12922778828019044 0.041576965292217063
0 0.16665427917597736 0.7263066141883765 0.3229889563582905 0.04300211429284899
0 0.7805672726622542 0.3507164981889321 0.12515733384310013 0.04061658726124225
0 0.9144588698099146 0.6840317857397668 0.14010156559038767 0.04186350803163731
0 0.518526032432294 0.9352757005386703 0.1246167091521389 0.040496049795132084
0 0.9143827138283369 0.0998780038414325 0.14089314631484517 0.04125008579958364
0 0.6501447184391954 0.47653924851190477 0.13590255654526448 0.04173315636721298
0 0.3891830444335938 0.8101721040112321 0.1330701886637517 0.04006398618415688
0 0.5200971082580456 0.22473412281690824 0.129451289530473 0.04212112576061032
0 0.16677231642048787 0.6008679414215387 0.3230579472795318 0.04282932069981246
0 0.7830109967029978 0.5593638560076749 0.12647869530896813 0.041566056203624434
0 0.913794739983612 0.5176126040902234 0.14131393570580922 0.04104994483345564
0 0.5202434050023664 0.3920309784672109 0.1269021611963862 0.0427490951030455
0 0.651184633886189 0.6426593857657575 0.13238823392292043 0.04190786104146282
0 0.9153462249590302 0.6426743758090244 0.14108193588946655 0.04110030978626468
0 0.6509836483174163 0.7682593458241601 0.13281360370987794 0.0420385312194227
0 0.6509273867063885 0.22457306445694714 0.13506964188587817 0.04222673290474152
0 0.6515643376769468 0.14195545094509338 0.13302524007897265 0.04292059473484385
0 0.9150683659972593 0.14199000966370068 0.14106262096660263 0.04201099970569348
0 0.6508414352996439 0.5175040307887924 0.13470359650485986 0.04197044895119863
0 0.9152799471808603 0.2670307196749633 0.1406591046352283 0.042139898152111874
0 0.6493259036734996 0.4344590318335168 0.1380378488606182 0.04203908861810992
0 0.3885903246363938 0.97555890366367 0.13516177406793908 0.03997687273218363
0 0.3899612702685282 0.3504171551868018 0.1304259757236805 0.04092837219835494
0 0.6512749725396983 0.26686239522497246 0.13187655402350815 0.042811105706998115
0 0.6502319667050463 0.7264745106358039 0.13639436966687388 0.04173753592832681
0 0.7821706871874293 0.8101129799361952 0.1248797508087986 0.04034101333170255
0 0.5209905200151165 0.14200074954197756 0.12931274634804477 0.0428613711243273
0 0.5203959928929913 0.8936167180110486 0.127260977277704 0.04157063483569798
0 0.6505413641765795 0.9352872068401418 0.13706470786123984 0.04068851159898891
0 0.5207177519151573 0.2669596712494394 0.12829708492561878 0.04276760870229941
0 0.39016618780374096 0.18306191700078733 0.1300351796486494 0.03951907919966467
0 0.9150513136796451 0.8933008720263577 0.1405402350813743 0.04183539921212492
0 0.5208313650507176 0.768950719267266 0.12873804461460217 0.04123452342730757
0 0.5183718993478399 0.18310885793308923 0.12523313111896756 0.040039769201907
0 0.9153491497902069 0.768370069091956 0.139372178917552 0.04144267202279028
0 0.6514859466828662 0.8514393148901256 0.13340607517235534 0.04127123211227984
0 0.7826719370284952 0.6419551921528458 0.12787830980518197 0.04273488143652153
0 0.51948947458112 0.5177886027257115 0.12488532454368219 0.041484755623674985
0 0.9144494882759523 0.8514629645201403 0.140375506382092 0.04184455647627201
0 0.3887960423612681 0.5175307859257787 0.13345033393846067 0.04167662021465264
0 0.6517840587208974 0.09986101064663344 0.1318613228271926 0.04138392618257705
0 0.5199427406352425 0.43426065762215627 0.1285162541146304 0.04180478209852006
0 0.7817361842012319 0.22466083484308746 0.12497969173824593 0.04176015038935095
0 0.91455403719414 0.3920165657297272 0.14104385789867765 0.04214192867590101
0 0.38895904651386615 0.642326937263026 0.1334688486716631 0.042744436842588066
0 0.3884626943853837 0.9352358067183423 0.13314604112511302 0.04086265887455153
0 0.6507052099079594 0.6014957515072061 0.1354174208684166 0.04229983176115052
0 0.39057511231351716 0.041753818533114176 0.1372538837343185 0.07478573675336048
0 0.650134674679306 0.5593047120255422 0.13599637188488925 0.04191638127853881
0 0.5198860789293838 0.7264202040779925 0.12680624880799332 0.04188182255993152
0 0.16621082687033017 0.8509038936368638 0.3228670149556551 0.042391603473581216
0 0.38878896482167585 0.4344208699305386 0.13221619314569677 0.041833687201871333
0 0.5190249644826161 0.6843787266083659 0.12647370102177047 0.04128779481612851
0 0.6512082808703238 0.975730701901908 0.1353667605850192 0.03969156423271363
0 0.3883802196647547 0.6007640064734691 0.13258861245126016 0.04092807359191536
0 0.6507718187990931 0.04132036095884837 0.13302512970798486 0.07424240336259517
0 0.3894114985819536 0.7264351742141634 0.13233834623643762 0.04193246621208415
0 0.7827642071742908 0.9755425002165893 0.12579947225008475 0.03950690601047782
0 0.16704643958300408 0.5595811419602088 0.32136173231045556 0.04189424458781801
0 0.38833811313291133 0.4765046101649136 0.1329251887785375 0.041653448354941294
0 0.521304994552088 0.9753357451178245 0.1315755171543004 0.03971099355838226
0 0.3896298951740506 0.8513523208807281 0.1334730703619462 0.041420694588837244
0 0.16660903095121193 0.769084096810278 0.32149629135890634 0.04162868392755219
0 0.650255144612483 0.18298362736910367 0.13637682067981466 0.03950931476909043
0 0.3881766541741425 0.5592477777310624 0.133093035458225 0.0414203760753017
0 0.16622546999622642 0.6845741744766185 0.3220719196050551 0.04253230682791096
0 0.1671016229212176 0.4349738691495434 0.3201536709749246 0.042450846991193746
0 0.7831721935306707 0.43428560121340914 0.1272692826945355 0.04183348813091161
0 0.521603796408793 0.851541916062765 0.1280966788045321 0.04150796729757828
0 0.5200001059561482 0.6012037343163936 0.12943106404695975 0.041706162345075015
0 0.1668817654225106 0.6434431281341731 0.3216175735535716 0.039356408364929873
0 0.38909637561542865 0.7686108653248328 0.1333213930319705 0.04214642767959067
0 0.16423362267168262 0.9350521040367131 0.3147523006521987 0.04136845836900685
0 0.3894156926794896 0.6840314473191352 0.13272199579000904 0.041485790792665525
0 0.39055102384543117 0.22451243739616458 0.12914476170462252 0.04214143099850172
0 0.7832242058586687 0.7684285561399216 0.12695246277407324 0.04235831880911611
0 0.7827780311405119 0.6841615999125998 0.12582160163313744 0.04140226061796723
0 0.16744064379341997 0.5180703279479064 0.3189814983181669 0.04072303050340427
0 0.7811976013735449 0.30949116188641557 0.1260234149843185 0.04226121199496494
0 0.16697463765066745 0.3922760149115297 0.32028733713932966 0.0423192212726272
0 0.7822198574624915 0.4765032763894834 0.12682503946866525 0.041690833881176614
0 0.7815310321276701 0.9353636102744822 0.12280234807654272 0.04056628202972114
0 0.1672363330830717 0.4759309871944818 0.320552105498357 0.04168263215763617
0 0.7819051897762912 0.5175141435935462 0.12390771351929813 0.041117310446224714
0 0.16513111233495656 0.2041502996579664 0.31655210439809595 0.25321179017752465
0 0.6504544194309448 0.684289284026164 0.13633145820383138 0.04157640789352984
0 0.5219154288928289 0.10010073438471466 0.1313639911561935 0.041086529099078097
0 0.38933888826835866 0.3921227501796416 0.13244995889784414 0.042979221132481246
0 0.16681707595183665 0.8938403941413894 0.32100128610138434 0.04164086707028702
0 0.38967775479363276 0.8932683836457314 0.13369014250218977 0.042403786616316046
0 0.7815792642493361 0.601184285083629 0.12599858151206486 0.04148563153589775
0 0.16757518128503726 0.03955187312699733 0.31968639211671906 0.07881987316501117
0 0.7829691660986239 0.09997171151894645 0.12629393427540123 0.04188244465668063
0 0.7835557603060014 0.14180422171376844 0.12582358831091772 0.043219131499587206
0 0.16605038992104004 0.8102702459943738 0.3216178615528679 0.040856368232224397
0 0.7828228969470503 0.2669985597614206 0.12793432308148733 0.04247288414643469
0 0.38956579722288937 0.0998512337741242 0.13191181755410827 0.0415715356317907
0 0.7831599699437725 0.7264622080504932 0.127050030727283 0.041715638122757664
0 0.7824863482125198 0.3919951456944614 0.12564031728568603 0.042971019408940804
0 0.5207427634655385 0.04106055827056825 0.13172738508404921 0.07585668003955699
0 0.390879060217528 0.26684091546841876 0.12922712605426367 0.04246782774405781
0 0.5202133840936864 0.4763194144510865 0.1287438114987144 0.04234506068319879
0 0.3902691501389791 0.14192848678359934 0.13024336692437558 0.04248466914725008
0 0.7824582036106322 0.893570334477434 0.12632075442543514 0.04212875017836757
0 0.7827568123181087 0.8516363951402478 0.1259263988860477 0.04177607606612851
0 0.39044786836096435 0.30919452624933746 0.1281297073226294 0.04162064146077951
0 0.16462574018061055 0.9778944041630993 0.32051593485620095 0.04329339492111057
0 0.9172307819828633 0.040981713884108525 0.14221285221589625 0.07625288568286435
0 0.16415817224526708 0.34946176388336797 0.31331396965178615 0.04449359373725945
