0 0.17183020338416097 0.21222904382064997 0.3376808439691861 0.2707119577179544
0 0.1728364794204632 0.7460170141978614 0.3319147092600663 0.15971315597475266
0 0.724650780359904 0.21171790752631817 0.16702636082967126 0.2700066290306769
0 0.17238851590082047 0.5866818520093056 0.3344036697720487 0.1586486934234737
0 0.7243337829907732 0.4253385566585375 0.16486434141794837 0.16025208004231037
0 0.7235211133956909 0.7471322608270241 0.16672301292419434 0.1558315321285292
0 0.5628613432248435 0.42666052946278105 0.1631291309992472 0.16012793992067553
0 0.17270459545155364 0.9071549816941663 0.3313239850103855 0.16365045378106902
0 0.17227700523411232 0.4247015286596586 0.33426652010530233 0.159786268550917
0 0.7231604059537251 0.586393201673353 0.1651440064112345 0.15532693163308398
0 0.7239286899566649 0.9073324608526634 0.16497770945231116 0.1591934145187319
0 0.562879741191864 0.2119099053636941 0.16407287120819092 0.27046210241133645
0 0.8937446673711148 0.5872523324648623 0.17402195930480957 0.1586734650775288
0 0.8947725296020507 0.7470083641729761 0.17391411463419593 0.15591872520888633
0 0.5627709031105042 0.7468831419484495 0.16352498531341553 0.1559673294597611
0 0.8961621528317064 0.21139195710995934 0.1710379112860495 0.2699882625152705
0 0.5632685025533042 0.5862558725717905 0.16413958867390954 0.1567752793949083
0 0.40928298234939575 0.9078533805935539 0.14486467838287354 0.1578132894508627
0 0.8941907882690425 0.4268362186547999 0.17555745442708331 0.16005649077922418
0 0.40927010774612427 0.7465668313751809 0.14248931407928467 0.15673545336631275
0 0.4092325965563456 0.4257042196266439 0.14274791876475015 0.15660389786061174
0 0.4094982743263244 0.5864315253887398 0.14114280541737875 0.1562461705741735
0 0.893773317337036 0.9069742622522773 0.17442146937052405 0.16018105289650697
0 0.4093812108039856 0.2121991742992033 0.14554154872894287 0.27101842961256106
0 0.561679979165395 0.9075598403753921 0.16313199202219641 0.1584984031883446
0 0.4952681401144238 0.045562774434672076 0.9761212668761307 0.06185882524173688
