0 0.11049752906839105 0.022829980892027174 0.2048846677509094 0.03765166636158999
0 0.1119862578838403 0.9707859223259406 0.2055091596799848 0.046829632416737696
0 0.6636292259882762 0.021838487501093313 0.13362811907951028 0.04035774731252813
0 0.11334754528557926 0.06537879018509499 0.20302614985419998 0.04680421348902521
0 0.6620845670339491 0.970936889945735 0.13390409029447115 0.04573403203771919
0 0.1139522705426272 0.9241652602517658 0.20249755565936747 0.0469545567842791
0 0.5372596750669716 0.022055177995186574 0.12319938331415009 0.03890505245820058
0 0.6629072684197258 0.11225983275475297 0.13049384046253668 0.04856375328692006
0 0.7928331118985291 0.9709085575035009 0.13137415521614243 0.04593542129657817
0 0.923372828198847 0.021945946227035117 0.13022459345970502 0.040079215649448253
0 0.9242712863887305 0.9709453926513789 0.1323493649160691 0.046760540500943734
0 0.9245968735357928 0.11148546964902735 0.13003679297893578 0.04892596557438809
0 0.5356468389677722 0.39941125303956865 0.12365460053882822 0.046786018888136265
0 0.6626861452900913 0.16095815027741417 0.13183689241769883 0.048660508725797615
0 0.7934282245660853 0.16052787175018268 0.13077820699559975 0.049127622400907206
0 0.5334504088957587 0.4469821965235707 0.12849977336619947 0.04778898139726924
0 0.7933974682585356 0.022210531796819106 0.13002199175460397 0.03845470426608688
0 0.9233953483412444 0.8286121515198793 0.12722042237919653 0.046572708003531416
0 0.7934605724031332 0.9241254818596261 0.13142174194813397 0.04794919496620799
0 0.6620047319355037 0.732551912882824 0.13144919583197523 0.04892218989740624
0 0.5359471804781719 0.9241797386351527 0.12302869177548484 0.04702073518555163
0 0.922687515596989 0.9244068441191244 0.12830170752016787 0.04744378938595957
0 0.923247853345013 0.542537520121088 0.12688707652583117 0.04672105940620433
0 0.6632570667092773 0.6852606965226193 0.13120975021899445 0.048373616734656594
0 0.9228721728069997 0.4951874388756546 0.12828619010756193 0.04873174118287263
0 0.5304294272849271 0.6860347103038997 0.13581424399802397 0.049011914252770336
0 0.4060621995192307 0.39957427606893875 0.12956562067103977 0.047360427194958594
0 0.6631265016080815 0.20809926861271993 0.1327425124903235 0.047628515125540366
0 0.5361816127732338 0.16064040624857295 0.12236422821005136 0.04837068835526516
0 0.7933749083279009 0.11208466884280435 0.13193349825823011 0.0479382321245776
0 0.6617509824511592 0.8282709432937319 0.1309363652394679 0.047634119181533124
0 0.6616714855527319 0.924328803551586 0.13186772830172344 0.0465122377123417
0 0.7934084100238349 0.20790310435566853 0.12986626059322035 0.04790855441160801
0 0.11204233878283641 0.6611482719648076 0.2062922730128799 0.37881396888699465
0 0.9230896553129074 0.20790611449184498 0.1289067274588494 0.04808730447344587
0 0.7930352759330184 0.39947390846664943 0.12895113113184484 0.046674324254901374
0 0.6625881468612492 0.30297954130103055 0.1317136284580753 0.04866386818641927
0 0.922850488217589 0.3025367762829929 0.12794568237145534 0.048007197688976495
0 0.9230836870772897 0.16038578589021782 0.12844852611636245 0.048710201986232035
0 0.5353882353184587 0.9707548547476254 0.12400294655771268 0.04605350782391622
0 0.9229020935615628 0.6381465802236818 0.1280406171060137 0.04615536191320628
0 0.533679887555258 0.06485060604966914 0.12871299853069998 0.046110436559826704
0 0.5363188026159652 0.20771782118346244 0.12225807319253178 0.04806818825061647
0 0.9227219722106217 0.39986020184352933 0.12741824949580347 0.046060851069699836
0 0.28047390058733807 0.9708030763859291 0.12815025359431023 0.046659875601254265
0 0.9231521626339432 0.733707805174592 0.1281885497728569 0.04615399434516561
0 0.6625553215653519 0.44682407890130293 0.13380656932447849 0.04778633545040794
0 0.9235182144184932 0.06498068852710306 0.129182937403235 0.04548163769364764
0 0.7936138366937948 0.6378559422852991 0.12955487784692796 0.046837243230181444
0 0.9234062105300684 0.4470477208705628 0.13100595486676989 0.047837143576092915
0 0.92375085624287 0.686309740128775 0.13031300292332137 0.050420568794142716
0 0.6638860590610229 0.6379899342235448 0.13162685031219443 0.045951951032026296
0 0.7927952732847132 0.7330897238796882 0.13226135333482725 0.048046113918655625
0 0.11018600581988514 0.2792722449470752 0.20854379549486535 0.2897986698955963
0 0.6633285263837395 0.3997470950476437 0.1324501883097702 0.046247940323611784
0 0.793396274611412 0.49484319821602524 0.13048003394414112 0.04872656820811008
0 0.40957745050979866 0.16106312598940575 0.13156394510878422 0.04852048165032879
0 0.6621329893189273 0.4945220129697775 0.13015850519729874 0.047932159825179614
0 0.5341949860772999 0.590507020499726 0.12520741608183264 0.04785976790824403
0 0.6641411812395596 0.06497163396315986 0.13178584410904906 0.045537771159012724
0 0.7928586559469727 0.30356002933968584 0.12860982763098924 0.047229913636294446
0 0.5366777124118929 0.7332673888060157 0.12285398162483703 0.04739550828817584
0 0.4050526923586213 0.7328516778513914 0.13589584967303617 0.04783735168427301
0 0.5378065444966184 0.3027041101246651 0.12057658248961049 0.048541827603659285
0 0.7932509679682407 0.6857745156192919 0.12979535795408245 0.04912203320978446
0 0.7931737787875854 0.4466331099163191 0.12812218299278846 0.04825668966717913
0 0.27922661891972067 0.9243436684215933 0.12669814208029456 0.04730911366369337
0 0.11213713519110051 0.8764582734774568 0.20347411007738173 0.048416368100797615
0 0.40406638174044573 0.02231837073826407 0.13579789103243156 0.038491818362541216
0 0.6632023180945444 0.5426304850181137 0.13043212890625 0.04798855714198733
0 0.7937992896685544 0.8279564026443771 0.13221679050888202 0.047403297480059677
0 0.534595772993145 0.11259549638438796 0.12854620623930493 0.04755460699186404
0 0.9234056932829816 0.7815134352262695 0.12843412277440516 0.04904842237350828
0 0.5368753007990752 0.35161800542460725 0.1219371014810137 0.04862459519985996
0 0.5314448231046793 0.4949709915034781 0.13267686189852917 0.048213165327797736
0 0.7937301775001019 0.5425295228210241 0.13011573284203878 0.04697762706253043
0 0.5359503436430493 0.8284820839073156 0.12437651831914114 0.04633409711017414
0 0.40827239632140233 0.9244636576522923 0.13131184683629402 0.047226346067492694
0 0.534275736305207 0.6378713720203666 0.1292902860678781 0.046480307971566
0 0.7937509469600513 0.06513940817660607 0.12876022716855443 0.046541874546918764
0 0.27553732423148225 0.022668400916365725 0.11874035533124185 0.039317495696322834
0 0.4066240492202779 0.2081264787572683 0.13702432366362452 0.047212640657345956
0 0.2804939737531322 0.16140072205214168 0.12842944765650466 0.049053476429310766
0 0.406169249772093 0.30252547898178733 0.14027935958126223 0.0479632571332349
0 0.9230076119672833 0.8765932167673831 0.12762968418961865 0.04841630864131759
0 0.11291421096980805 0.1120306276078928 0.20374162318342823 0.0499845449946534
0 0.7930079812021268 0.35173882708802673 0.1297317763506356 0.04856471950347053
0 0.28003105750450724 0.39940402871274505 0.12835874395855404 0.04717458659012725
0 0.2778127240077769 0.35135922290265015 0.12523381557738145 0.048162268012892716
0 0.6624612621720176 0.8764087734603323 0.1327127111004726 0.04810711934516561
0 0.662293932739417 0.25586008851376035 0.13236937839950702 0.0478283733027886
0 0.662657318712058 0.5906061097231947 0.13387424911638282 0.04895887639658427
0 0.2776448076986738 0.2085522903910626 0.12324911861096398 0.0467629040152749
0 0.2794233717539164 0.6867466186582897 0.12751220941854424 0.049280552183542374
0 0.5338390405050624 0.7814103324878988 0.1284231014326312 0.04871770874558573
0 0.27656149335759245 0.7336500105600037 0.12141647239396594 0.046147334883402336
0 0.793835855058772 0.5904070393840569 0.1309600392407513 0.04843801135152825
0 0.9228985126201924 0.25512247879912775 0.12750458997107236 0.046010786187515224
0 0.7940042786679026 0.8762715409804251 0.13121762829000977 0.04767591919599367
0 0.5322889106680859 0.542531366064905 0.1335516062988918 0.04678581077995616
0 0.281009589522261 0.11259187678854117 0.1300473169677416 0.04834873294226437
0 0.40061357838855727 0.542246347047385 0.13128021518752037 0.04695437840583901
0 0.5301145829619764 0.8762575382728781 0.13224889961650504 0.048139168004901374
0 0.662883335794899 0.3519003487655261 0.13294475610128748 0.04897641694319289
0 0.40602521635252 0.4468940775741674 0.12849631178954124 0.047328943400283124
0 0.27631763125025466 0.3020967612659066 0.12156066496648874 0.04879179525770214
0 0.4086744564608459 0.35148593105459236 0.13485419361656617 0.04858597626758098
0 0.9231637807992789 0.5905429340256636 0.12694763422323174 0.048643681692949345
0 0.2788589656586131 0.828401575771356 0.12586626950578553 0.0459952969929676
0 0.4051109821264871 0.1127683190793104 0.1313864099932774 0.04832210252764628
0 0.7928804599010961 0.7802548266827507 0.12995307852733864 0.04642096741049683
0 0.2782538462493379 0.6377911017223271 0.12544065472977103 0.0475573569928154
0 0.27786352363994254 0.4957034728379582 0.1246467202396716 0.049551122547415366
0 0.27616750028329223 0.5427032634216695 0.12198999994270494 0.04557842657848271
0 0.40784556800414556 0.8282423135540978 0.134958080704551 0.04734116232342913
0 0.6620847659751365 0.7807123376518358 0.12949133603171856 0.0476596867579457
0 0.27902894100900427 0.7810315161406326 0.12624441691452087 0.04872127631438748
0 0.27996701833632964 0.065461219605503 0.1284923926481523 0.045934938188302944
0 0.4014554577047853 0.4950390131486316 0.12898268320414358 0.0485278248961124
0 0.4001502344163798 0.5903675880190574 0.13669819937535652 0.04848040596078909
0 0.11321606381153966 0.4472184141728568 0.20214142109300198 0.04727421094891622
0 0.40423607857317473 0.6380113693660954 0.13151070844707463 0.047395567747655874
0 0.4032948281339126 0.2559134905592616 0.14278657557600635 0.04690174190114314
0 0.40738848073230727 0.9706458060612517 0.12932231559902624 0.0466062431502679
0 0.2803892312180421 0.4467044464274842 0.12916135228441777 0.04772711380829883
0 0.5366504773633577 0.2553091964312896 0.11851702395442879 0.04670018912871408
0 0.27425070194408513 0.5901275798279195 0.11807264902445608 0.04780500572713712
0 0.27492751975724716 0.8764097545417529 0.1197179722195343 0.04851780597372748
0 0.4030811056164439 0.6860890562686464 0.12748206982867502 0.0487272222623904
0 0.9222469006554556 0.35180888522037107 0.1284973064954775 0.0491284251038876
0 0.793015501179005 0.25641451843529284 0.1310103315728895 0.04884554662764856
0 0.4065733987940026 0.7811640215918777 0.1286118966193367 0.04815337882062835
0 0.274993568231416 0.2547395077206946 0.1184967916356849 0.044685419512793784
0 0.3957095289168177 0.8764856545680102 0.13743288917989122 0.04847790866262787
0 0.4002395590094575 0.06510236492054787 0.1350866166056368 0.04709224635893928
