0 0.6596750992995042 0.9614882195132901 0.12632146982046275 0.06784098091429044
0 0.7894249842717097 0.683102446673298 0.13063735961914064 0.06997284016495359
0 0.17005530836188135 0.5434027143780249 0.3325584998497596 0.4910556173066364
0 0.5308371910682091 0.9617393756734913 0.13101313664362982 0.06747660480907383
0 0.5306460160475511 0.6832124286789898 0.13014954787034255 0.070055191755084
0 0.5304683685302735 0.33301708110131384 0.13029661912184495 0.06928178296481266
0 0.5308013622577374 0.2635804301969358 0.13046740018404446 0.0693268712698939
0 0.788794943002554 0.9613672824795535 0.13051957350510818 0.06767983946728559
0 0.7889562460092399 0.3331003096333444 0.13071424044095553 0.06954694321258842
0 0.40161033043494593 0.6828717434964909 0.12913982684795672 0.07008303803326701
0 0.5306288792536809 0.6130626351300011 0.13047643808218148 0.06920728337754199
0 0.5303339297954853 0.09774424268754575 0.12923622131347656 0.12399194516722446
0 0.5310036145723782 0.752551739032452 0.1303157219519982 0.06830114605783046
0 0.7890101212721605 0.5430058783709106 0.13200454711914061 0.06877577399701591
0 0.7888058882493238 0.8921539549486073 0.13093995314378004 0.07048130457007074
0 0.6595127399151142 0.8919700130121988 0.12629253680889424 0.0705739636003813
0 0.40211624732384316 0.5429610059284511 0.1307824941781851 0.06990856706937998
0 0.530362290602464 0.8921379811146108 0.12999561016376202 0.07066349262267904
0 0.40130007817195007 0.09796227574032244 0.12754410963792068 0.1218888529837395
0 0.4020655411940354 0.6125165026974193 0.12885601337139424 0.07005454416721928
0 0.7890125274658203 0.09740936893156206 0.12998839158278244 0.12445190119384981
0 0.6592562161959133 0.6830736559961456 0.12619218092698317 0.06995713615923409
0 0.6614923917330229 0.0972589953192349 0.1262696486253005 0.12311605897021441
0 0.9199464064378006 0.08257872398504633 0.13167161207932693 0.15630219996660605
0 0.40157598348764273 0.332920617492298 0.12887640732985275 0.06935809040153901
0 0.6591706789456881 0.33302818453491106 0.12532401451697717 0.06932001763165893
0 0.7894639822152945 0.7518368020297994 0.13159027099609374 0.06864166934336317
0 0.788978517972506 0.4731107622411376 0.12914416973407453 0.07113372236094993
0 0.6591220562274639 0.7520368257315152 0.12592456524188703 0.06821442324961317
0 0.6607062413142277 0.4025677749269521 0.12757386427659254 0.07086891288993424
0 0.5310414534348707 0.1942033236475775 0.13051751943734977 0.06909728788043629
0 0.6610111823448769 0.47328704105448033 0.12913566002478966 0.07051090473205404
0 0.788693618774414 0.822061607839785 0.12947745689978965 0.07089797339536362
0 0.1711175401593198 0.08218348841122826 0.33468296344463644 0.1508086368533808
0 0.40154137244591337 0.7522345558928769 0.12838310828575722 0.06875429566616932
0 0.7896103198711689 0.4027520541487069 0.1278060326209435 0.07123849668089632
0 0.6603794097900391 0.5424014900133317 0.1280911372258113 0.06816731123245469
0 0.6610534961407002 0.19331949438066423 0.12849432138296274 0.06971326536251105
0 0.52990052149846 0.8221909095501077 0.13137104327862079 0.07072312467188882
0 0.6607619945819561 0.821958317575362 0.12732596764197715 0.06931839866199713
0 0.40205654731163615 0.4734796849528211 0.12904437138484073 0.0698869808072226
0 0.7890554574819711 0.6125850930454244 0.13194415752704328 0.06992535038820734
0 0.9193730280949519 0.19359422004085847 0.13260591947115385 0.06951923184854387
0 0.9190855172964243 0.8225153510703332 0.13153299184945913 0.07033101021979996
0 0.9189185215876653 0.7519724177218032 0.13201863215519832 0.06977786225201701
0 0.9196934920090896 0.47355645109761824 0.1328751197228065 0.07064611568164235
0 0.401477285531851 0.19332462111792661 0.12641713069035457 0.06999183607565208
0 0.40133300194373495 0.8919928674672579 0.12863763662484975 0.07055394234223032
0 0.5295269599327674 0.4028308574969952 0.13033394446739785 0.07164623419022159
0 0.402183092557467 0.822443037092106 0.12877120971679687 0.07014968561767794
0 0.1723785453117811 0.9623457337774923 0.33600767988425034 0.07089155148237179
0 0.40179733863243683 0.9615661998853338 0.1292945274939904 0.0684435614224138
0 0.9184628413273737 0.40267764900133324 0.13096759502704328 0.07111434869066369
0 0.5309405106764573 0.543207197248356 0.12969166682316707 0.0690538590192584
0 0.9190324343167819 0.33320646007750326 0.13078302236703726 0.06907738804500994
0 0.17132784494986897 0.8221432441650707 0.33169358143439653 0.06690049401509952
0 0.17187824111718394 0.26352011008561976 0.33476096208278944 0.06883662027347204
0 0.4019773189838116 0.26347038073417467 0.12642120948204627 0.06937838148796695
0 0.5300036650437575 0.4732281915072737 0.12938863314115084 0.07059438960094773
0 0.7888659844031701 0.26358272373729 0.13067926260141227 0.06916179033004531
0 0.6601798130915715 0.2632660532714412 0.1270882826585036 0.06964667174375552
0 0.9193232316237229 0.6828877712961429 0.1322806138258714 0.06973517541860079
0 0.6593084188608022 0.6127146376011964 0.1259909409743089 0.06954786062873011
0 0.9189809945913461 0.5427099307167329 0.1322723388671875 0.06987991130636605
0 0.9193687732403094 0.2637049154725146 0.13326421884390025 0.0689919873953498
0 0.17233863656337445 0.8920576802193856 0.3356734560086177 0.06823201605327144
0 0.40124246157132665 0.40324190040271324 0.12747388986440805 0.07075442475201701
0 0.7888746701754057 0.19345652667112204 0.12910514244666466 0.07021959812424017
0 0.9186331528883714 0.8919179361547441 0.1317359337439904 0.07089635442570182
0 0.1724355067198093 0.19355274068898168 0.33285285647098833 0.0699582019809281
0 0.9189484229454626 0.6128221911523954 0.13158158522385818 0.07128674197681809
0 0.9192320897028996 0.9614867084749393 0.1329164358285757 0.06810303813688108
0 0.59755859375 0.021701388888888888 0.5154296875 0.027777777777777776
