0 0.4657154798896628 0.9599429436449733 0.11853024854551132 0.0708511640440743
0 0.6967323141424729 0.9597716901287343 0.11199557878453813 0.07079809416764937
0 0.5820166881866206 0.9599112744601267 0.1179068286889529 0.07096459730616156
0 0.8100087350966685 0.8136695046094978 0.11608403814169556 0.07297741392123624
0 0.6968853998728716 0.22977981927259916 0.11289885926985624 0.07330908865298864
0 0.4655691523341915 0.22973025819790435 0.11806728244800163 0.07379131197179638
0 0.8110595255069204 0.7418651700769581 0.11565002142702385 0.07141780253476317
0 0.46574996773998273 0.3752510982489436 0.11857597512872145 0.07207273087411556
0 0.9274862018728334 0.6689318051128268 0.11789214241563009 0.07455900180264839
0 0.8101783242155638 0.22984026063163326 0.11693907795294659 0.07334448856377751
0 0.8100485124945835 0.9600950037158511 0.11698921041815355 0.07098292704648192
0 0.46605200713065864 0.15627497547077682 0.11903239463320758 0.07295111890109081
0 0.46563400841070424 0.8139338463357408 0.11930045645933167 0.07285121701798349
0 0.5815748553875025 0.7415498937450866 0.11850602864052304 0.07196025728429638
0 0.5820229858597573 0.3754732263912945 0.11816067718953915 0.07199391778909935
0 0.4657257229430057 0.7414492481159715 0.11838619860700449 0.0716892938194035
0 0.4657199480016313 0.30321524278172907 0.11822997648603181 0.07346487944980837
0 0.3493504858717055 0.9595484703591786 0.11290889074129536 0.07030251940841195
0 0.6968704895716508 0.8138560888902197 0.1128718265701468 0.07273552852606624
0 0.5817094712622987 0.22981861402403633 0.11817635914240926 0.07364919650479683
0 0.46648083386569 0.6688351661154308 0.11932763851097318 0.07447253533129422
0 0.5819736499381881 0.814015322511301 0.11802018680541394 0.07350916832498035
0 0.9278834780122094 0.15616475111283598 0.11875420176768964 0.07310489438614755
0 0.5818692031536756 0.15602219779536408 0.11749735547512236 0.07348855936302329
0 0.9281400646315509 0.22946268357570815 0.11790309489065048 0.07344255507367212
0 0.5820508897790707 0.30306668551463 0.1183792786341507 0.07381434410623035
0 0.46535315210239725 0.4477598802098688 0.11798949498336815 0.07399538627960398
0 0.5818713438647023 0.8874420549884533 0.11802038594132341 0.07376501695165094
0 0.6969620671980142 0.30281509543364904 0.11320055017269066 0.07327584800480297
0 0.6978343073734452 0.7415125385020513 0.114334380257188 0.07156866301530562
0 0.9280060461644831 0.3029839017856046 0.11890375283569535 0.07351514228484915
0 0.46584837821723973 0.8871317929441824 0.11878130914336511 0.07378900875835298
0 0.8103182420839492 0.5216934396036016 0.11628267621138356 0.0732115739546482
0 0.8099021476011293 0.5955552155116819 0.11612217266835746 0.07378272290499706
0 0.8109754403691503 0.37531177352809303 0.11741685478372248 0.07212047456945263
0 0.9275352888745158 0.8138063778667329 0.11721687254664559 0.07290481471415586
0 0.6969973142539891 0.07292569058496247 0.11380253802699328 0.09294089431282859
0 0.4659493899073142 0.5218252505896226 0.11921642110553884 0.07305869816234277
0 0.4665481293570937 0.5952610519697081 0.119247710335313 0.07419773317732901
0 0.6970202397755659 0.8872093344634435 0.11399863711383565 0.07329439367138364
0 0.6973315638780204 0.15590518375612655 0.11397787719527425 0.07356371369751745
0 0.9297934403038336 0.9609904259255846 0.12105392281810767 0.07277300372813483
0 0.9288091115033644 0.37502793845890453 0.12098064080342578 0.07236991738373379
0 0.8110632841972115 0.44790673405869197 0.11820438752166598 0.07357404217030267
0 0.5820388171645595 0.4476707026643574 0.11782553145391518 0.07450540410647602
0 0.6968913988421441 0.4480379692413522 0.11324112411424349 0.07352078035942414
0 0.8105533469170577 0.07410755247439978 0.11683960956617048 0.0919790837749745
0 0.3490365605564335 0.7414790459398953 0.11254394929521819 0.07138335030033903
0 0.8104910422693847 0.8873240632830925 0.11698094627791089 0.07261964809969536
0 0.8108815228958502 0.3028617834894913 0.11686211192393964 0.0733195610766141
0 0.6977165682669759 0.6687906613139987 0.1142157948231036 0.07447958892246462
0 0.8103886864119214 0.6691665409495995 0.11648708922244597 0.07373905781679933
0 0.5823090943776763 0.5206504437908436 0.11708355105526101 0.0745274285850285
0 0.9279058310180466 0.5219043275845126 0.11887995609451468 0.07271350404751376
0 0.5819438791197237 0.6687691166715802 0.11798314752625409 0.07449264046531054
0 0.3492084272922933 0.6686970692760539 0.11416100755601295 0.0742880863213689
0 0.8107907169211357 0.15631776485802992 0.11646403924092578 0.07327150548778989
0 0.9281101444611543 0.7416218211815793 0.1187885527120718 0.07180363877014544
0 0.34931182861328125 0.5950616320724008 0.11413716103085492 0.07384246250368515
0 0.3493051700063086 0.5217371526754128 0.11426318916955547 0.07289430630282036
0 0.14791134811731188 0.073775108505345 0.2833018664629191 0.08987901195790032
0 0.6969258742464697 0.37537647943076846 0.1139582623081923 0.07221783332104953
0 0.3494198225061812 0.37544474811673917 0.11280775459127752 0.07161921375202683
0 0.6971785777155766 0.595345695063753 0.1131667966360369 0.07423064993612422
0 0.3505104525443197 0.07452643142556244 0.1154023710316196 0.09180978559098155
0 0.9295837501911706 0.8870749803459119 0.12084821542363375 0.07320859897061714
0 0.6974419349558397 0.5219254883580238 0.11401810264898553 0.07303067573211477
0 0.9270330183268761 0.4479419300391239 0.1179806583273858 0.07379337526717276
0 0.3492989096711549 0.887892909019998 0.11398083934192751 0.07474138751719733
0 0.9280905793580496 0.5953476863837093 0.11842841541981036 0.07468443096808668
0 0.3507170933883692 0.1560817814473086 0.115636281049271 0.07384752477489927
0 0.34944544880853 0.3029272811217878 0.1127607336246559 0.07334211337491402
0 0.14630133292803366 0.8875299555766109 0.28321559355270604 0.07207696421529275
0 0.34932169828679394 0.8137534279493416 0.11338838511929036 0.07290035223810927
0 0.14898417163245248 0.9604317527147208 0.28978761607632164 0.07262646177279874
0 0.5818488912909106 0.5950537147761891 0.11853336004409666 0.07427249164701258
0 0.34927986729981264 0.4486277118418952 0.1132338805455368 0.07326853050375884
0 0.14686320238362324 0.5209016380070141 0.28725699207716626 0.07239186988686616
0 0.14622477703343403 0.3758674237713124 0.28812013792563806 0.07159822092116254
0 0.1454353479829542 0.229469377289778 0.2883510450554516 0.07231613974901116
0 0.14680913688697006 0.6681365007124608 0.28719630560322645 0.07156055378464032
0 0.3494213284714965 0.22950749427267592 0.11265797949537366 0.07354453224805915
0 0.14641394370142827 0.8135317804789035 0.28602092184405925 0.07460873848949873
0 0.14647319169067832 0.1546141006661661 0.28760697946657365 0.06994303817269187
0 0.5815099619730068 0.07364474002670192 0.11515810594667618 0.09190559387207031
0 0.46695012252832513 0.07425162327364555 0.11563341847057249 0.09135556071059509
0 0.15233239419697547 0.4489954582550241 0.28485685927249477 0.07273936721513856
0 0.15152051787197493 0.3030325571695963 0.2839934044133197 0.07234467800308324
0 0.9266818919345177 0.07408787469444036 0.11449727343112764 0.09228242118403598
0 0.14754131061995787 0.740637415409272 0.2840463224476352 0.0721530033623714
0 0.15222586970928248 0.5956973669663915 0.28573661527275845 0.07446212288718554
0 0.4956458691432073 0.013448442232871196 0.97988812284131 0.026038547872372374
