0 0.4987131279205607 0.036458333333333336 0.9722729264018691 0.06597222222222222
0 0.1349572867990654 0.16927083333333331 0.23895662967289721 0.203125
0 0.3458582797897196 0.16883680555555552 0.18091048481308414 0.20399305555555552
0 0.5291873539719627 0.17057291666666663 0.17994304906542063 0.20052083333333331
0 0.7105815566588786 0.1697048611111111 0.1828453563084112 0.20225694444444442
0 0.894878066588785 0.17057291666666663 0.1818779205607477 0.20399305555555552
0 0.13592472507283357 0.44921874999999983 0.24089150622043348 0.3550347222222221
0 0.347309433411215 0.5394965277777777 0.18381279205607476 0.17795138888888892
0 0.3463419976635515 0.3615451303344342 0.17994304906542055 0.177951405997798
0 0.5291873539719627 0.3602430555555556 0.17994304906542063 0.17881944444444448
0 0.5301547897196263 0.5390625 0.17994304906542063 0.17708333333333337
0 0.7110652745327104 0.3602430555555556 0.17994304906542055 0.17708333333333331
0 0.7130001460280374 0.5381944444444444 0.1799430490654207 0.17708333333333337
0 0.8939106308411217 0.36111111111111116 0.18187792056074756 0.1805555555555556
0 0.8943943487149534 0.5381944444444444 0.18284535630841106 0.17708333333333337
0 0.1335061331775701 0.7157118055555556 0.23992406542056077 0.17795138888888887
0 0.34634199766355145 0.7165798611111112 0.18574766355140188 0.181423611111111
0 0.5291873539719627 0.7165798611111112 0.18381279205607484 0.1796875
0 0.7125164281542057 0.7170139059977981 0.18091048481308417 0.17881947866226283
0 0.8948780665887851 0.7170138888888888 0.17994304906542055 0.17708333333333337
0 0.13495587807473866 0.8949648842728659 0.2408917790397291 0.1770841374520657
0 0.3468257155373833 0.8953993055555556 0.18284535630841126 0.17795138888888887
0 0.5291873539719627 0.8958333333333335 0.1818779205607477 0.17881944444444442
0 0.7115489924065421 0.8958333333333333 0.18284535630841126 0.17708333333333343
0 0.8953617844626168 0.8949652777777777 0.18091048481308405 0.1770833333333333
