0 0.8902233302471836 0.97039014167592 0.19950757929846613 0.052387249167195435
0 0.6921180367712576 0.7692030853426397 0.19158997700801936 0.05021687618972081
0 0.6944423139459489 0.9704986727177188 0.19184511887808683 0.0524139559208439
0 0.6922168615150839 0.7178366724004601 0.19158873392948064 0.05281684991671955
0 0.6922218649062023 0.4668011660503252 0.192098582592127 0.052933498324476524
0 0.6927999896575865 0.36652103946898795 0.19053833256428207 0.05098876953125
0 0.6876810787008785 0.0205738366093086 0.1902363887872326 0.0411476732186172
0 0.886182734534114 0.6182415182820431 0.1940348638779277 0.05055198088515228
0 0.8857089973030168 0.9191766574298064 0.1924000912916879 0.05001146345574239
0 0.8858248832997867 0.8691388899904823 0.19232755765895493 0.05008067794257614
0 0.6927954834978839 0.6182582797132773 0.1939523856168852 0.05057261510548858
0 0.6932199326649218 0.9192501784581217 0.19221443751193357 0.05018502637214467
0 0.8868991828498918 0.5179044617009042 0.19400639737939154 0.049735225154663706
0 0.8853454279074114 0.8190990467361992 0.1922605557257192 0.05011426276967005
0 0.6921772073096996 0.41553152636223023 0.1907991304417006 0.049664399587563454
0 0.6927468169730937 0.5179846903999445 0.19184027087178593 0.04975111908113896
0 0.884743560355938 0.02121301694698672 0.19353377891897908 0.04242603389397344
0 0.6931960344800153 0.8692386840200668 0.19182752931676425 0.050187690851046955
0 0.8856956342087259 0.7691049333756346 0.19530939230365327 0.050022307265228425
0 0.8870636421405613 0.567917536236913 0.19296954557026477 0.049960280674968265
0 0.8871257339135693 0.4668013519442021 0.19448199922829684 0.05253773026054886
0 0.6925110049743032 0.8192189173044891 0.19169632237700485 0.05020813917750634
0 0.8865678713423658 0.31663823006721925 0.19139860506698703 0.0499334190097557
0 0.8858508947182091 0.26639841147485727 0.1897267265863671 0.049911638443845184
0 0.6928092505926997 0.31632504535810596 0.193705572373027 0.0491559178696066
0 0.8857187554695457 0.6678318701419734 0.1924008371388111 0.048821061032677665
0 0.88537364579024 0.16548846094741432 0.1920017467739626 0.05195811315236358
0 0.6922523514073637 0.6679596102177189 0.19088515147657842 0.04928647733581853
0 0.6923770011078315 0.5679592384299652 0.19326558472425537 0.04994850739609771
0 0.8848737417559032 0.41580290044019674 0.19012407664126146 0.050221151748889595
0 0.8848431309468877 0.3665354927179172 0.18982741594800154 0.05012377433970495
0 0.4997827409483993 0.6181774158768242 0.19516525734709136 0.05038548193607233
0 0.6934671188323415 0.26627459840726125 0.195029264554958 0.049993509205464776
0 0.6925993878584044 0.2162728324154307 0.19353719738496053 0.04910840649290133
0 0.6914302414157969 0.11478641335734256 0.19177768186736252 0.049857953841311066
0 0.49786950323100965 0.06564013702905103 0.1928526651106638 0.049817184524742146
0 0.8841959842596424 0.7177663735326776 0.19089609056771895 0.05311892746668781
0 0.6921426186493603 0.16537374893420842 0.19346795791035515 0.05156993575507615
0 0.4986416570038028 0.7188250391616434 0.19548485283939027 0.054446581535532994
0 0.8854442526512379 0.21642427396048142 0.18968825330559444 0.04929956736298382
0 0.4992336110039301 0.5679436233443053 0.1935655395756428 0.04934298907439721
0 0.20743733073931853 0.06444638213916859 0.3874691382445047 0.051203547339286386
0 0.49915122597377803 0.6679244143103585 0.19342948462958248 0.04923355954552664
0 0.4989262442967557 0.7695101820272844 0.19331931679409048 0.04947106995558376
0 0.4997070530038744 0.9192001110406091 0.19664063618770686 0.049796879957170054
0 0.21238199416585948 0.5676190836175445 0.3816902991953304 0.04914972140704314
0 0.8862470016945647 0.11533371204047034 0.19391341510469703 0.04998288227216847
0 0.498168712235274 0.11519565485455663 0.19161045672694438 0.05015251043484295
0 0.2108920004120184 0.11535641045739807 0.3796971023932494 0.04982563928904267
0 0.21146414964602095 0.8197948784997621 0.38142673935278365 0.04970585392211294
0 0.5009251301254615 0.971893310546875 0.19596754023596613 0.05519083865402919
0 0.21090219754065614 0.7699755363657995 0.38092320514065187 0.049560546875
0 0.6933519476057317 0.06561985663512092 0.19055902982195158 0.047804919229956486
0 0.21164703369140622 0.21588132441951535 0.38219963120345907 0.04966955814264753
0 0.49937942411651925 0.8692541132118495 0.1950829655478297 0.050113333300285536
0 0.49985491719605235 0.8192535555302191 0.19499430297105713 0.0500330271454632
0 0.2119222357413919 0.6178343797093115 0.3809538489689409 0.05078564948842005
0 0.2111340841304989 0.9719255631345177 0.39168722809210815 0.05448648675444162
0 0.2110063209067537 0.16581973158163468 0.3804175518680736 0.049691741478624686
0 0.49987210275684985 0.21627150792155775 0.19371971239140465 0.048456368228505714
0 0.21197300870161193 0.9199939708419258 0.38866380858566996 0.049558997759359145
0 0.21179926905272692 0.8698843244368655 0.3807401540565879 0.04981955901015228
0 0.21092415244419072 0.7192394895601999 0.37911716935105333 0.051096464050602794
0 0.4993926318259929 0.26596402395800284 0.19465043637029023 0.049554815147128804
0 0.49947158285168186 0.16566655502706612 0.1953866807117967 0.05088171014930996
0 0.20518323748757544 0.41492227467183534 0.3972331229635266 0.2510569616017608
0 0.21163995688413162 0.6687056643103585 0.38016506707838255 0.05025287763721446
0 0.8842923228463911 0.06550789042938845 0.1879539722823319 0.049138823980412555
0 0.5001750720736937 0.46645303329235405 0.19475575619948132 0.051211160572652285
0 0.2116238891228639 0.2662204258333003 0.3822953948663839 0.0497964307136342
0 0.49741899603010464 0.02977444628458324 0.19665141989403018 0.02053501156355495
0 0.30897628701900187 0.010348318070929658 0.5940889370033875 0.020696636141859317
0 0.5016217979539914 0.34197640257394313 0.19164240384538864 0.10180797398909763
0 0.5003894565061736 0.5176484703412516 0.1949147148676171 0.049768840964070436
0 0.20458437177654182 0.029022014809938834 0.3853410509113379 0.019953390553907654
0 0.5006372952898261 0.41570425275618655 0.19264702884339996 0.04904097348905457
