0 0.8880579176829642 0.019614485135895397 0.19572546635062107 0.03862376858571258
0 0.1491324435190789 0.9748929772355946 0.2982648870381578 0.0394344638830081
0 0.14789011780644806 0.8942722176358461 0.2957802356128961 0.039903448794949684
0 0.8853976349688844 0.06716925312504793 0.19082995013265353 0.05615608166641737
0 0.14780663623123289 0.15832115027268961 0.29561327246246577 0.04236933502661696
0 0.43883810505993864 0.32329781428820725 0.10316180735126908 0.04192042549743801
0 0.44030268613907836 0.1997828682556302 0.10126584908212295 0.04297585129211156
0 0.5398930652600499 0.44585026557034696 0.09767124611820227 0.04069612678149546
0 0.5390600882039197 0.772441161749816 0.09823140366722907 0.041135597884450176
0 0.14819995002567488 0.8536065934508469 0.29639990005134975 0.04033665757701276
0 0.738737103338346 0.40561465908044925 0.0971289979460094 0.03928021303157216
0 0.7378807008173172 0.5678971018578178 0.09694780281078835 0.04048120033290378
0 0.342276929876241 0.7731481448188973 0.09498175918029879 0.03997739811533505
0 0.7383801336392923 0.4455904391798601 0.09828470197268682 0.040213508587229996
0 0.6380191140331573 0.19987905031334374 0.09649237929748629 0.040969901068513746
0 0.738315588245183 0.7731328935206492 0.09992677691583529 0.0414041885278596
0 0.6388232211738313 0.9750831240699405 0.09670461735255281 0.0390407466747975
0 0.1486727814532595 0.934862903712951 0.297345562906519 0.04028206452120152
0 0.8394421978922143 0.650877857535975 0.10027398003472224 0.04094832752285837
0 0.7379458909489925 0.486570827388623 0.10134472197769955 0.041460399599594994
0 0.7387254025454811 0.9348591583057191 0.10049223564040492 0.04154717319434217
0 0.6389250658300935 0.8130529419604504 0.0982377077678746 0.039542751096894944
0 0.5398338210414833 0.6505016987968674 0.09744998173721146 0.041187074761444536
0 0.4396920838453027 0.5273365887813728 0.10125412441008902 0.040992313585389045
0 0.5398874536553087 0.9347799054886936 0.09815040552560154 0.04088552453439495
0 0.34166207709036334 0.3234206936086693 0.09257710297156202 0.041261473530697715
0 0.34163144011639285 0.19944354934205477 0.09423068767422242 0.042232462864736746
0 0.5392377969804504 0.32303852723636167 0.09871013324958432 0.042272164181394206
0 0.6391378531060495 0.9347047576379939 0.09618987798317685 0.04146345585189617
0 0.5394021095431093 0.5675404491995735 0.09670977525308098 0.03938676237650344
0 0.6382002852892092 0.7725193059263009 0.09776193920248924 0.04182679031664212
0 0.4396173659251516 0.48666591578742474 0.1014876149256651 0.04021587568460052
0 0.8394757720039857 0.7724751400842231 0.09782120730022496 0.041968336746747666
0 0.44074281504456425 0.7729950924977754 0.09786958649684566 0.04057007135570078
0 0.5398904385514477 0.19969979512322808 0.09732308783255088 0.042976929969394326
0 0.4391574770072257 0.6501758184044398 0.10325682256516529 0.04144775510478031
0 0.6388956466937477 0.40515175670985215 0.09727614138607688 0.040287397981099655
0 0.7394544813368056 0.894447113171944 0.10081269408988654 0.03914603756289887
0 0.7373802173119011 0.527459438138577 0.09873735550237188 0.039943719413506384
0 0.5386550019791055 0.8131956869208701 0.10013734342906395 0.03968789311794305
0 0.6384709317919234 0.6505904200033751 0.09742314155112969 0.03995360728859843
0 0.442079248562665 0.9349986971975484 0.09486136040963662 0.04073450971480732
0 0.7381415568606953 0.8130626500559953 0.09919110747383607 0.038503625314494354
0 0.5387377194209091 0.853249251637672 0.09957551433819933 0.0407638137809892
0 0.5389813347041887 0.9748115371007455 0.09974171335521811 0.03876460529040869
0 0.6388665379866001 0.44564214078128833 0.0971858303684957 0.04041471186372423
0 0.5386352777854191 0.4867181866907523 0.09891816857088713 0.04044344662800687
0 0.5385919132143119 0.5274367559523809 0.0972239892807365 0.04070712329712813
0 0.43897266417788416 0.4456725534880108 0.10255102596372506 0.039941891654777247
0 0.6385545327629842 0.5675070701303234 0.09703672883656105 0.040144952653258466
0 0.6373789851467747 0.48662014691105177 0.09860907660590276 0.0409172256612052
0 0.6392193288310593 0.3227458011887503 0.09716701358323553 0.04294978325777798
0 0.3428887977659796 0.934940898073147 0.09765539034991196 0.040394786297250865
0 0.44194175230691873 0.9748697257474993 0.09367676258833382 0.03844375872530069
0 0.45136056819432224 0.06707229014992656 0.09238458911018192 0.05632363994974802
0 0.8385700589987408 0.4867119693147475 0.09747529365647008 0.04058436382969747
0 0.440936415408139 0.2406874194587629 0.09920264111251711 0.04029231195538783
0 0.7389233130990805 0.3651568300886721 0.09860196061350743 0.04088965946397889
0 0.638031865509463 0.24080405143996228 0.09750991845168232 0.04117709699657891
0 0.53914934853806 0.4049292645386521 0.0968065814046606 0.040422801943344994
0 0.8386958305824531 0.8132281071658689 0.0968802725205399 0.03917540155559646
0 0.6379190841937477 0.527305397029946 0.09781542854129988 0.040474248857081487
0 0.34218763372334704 0.6500335828194035 0.0925142529984595 0.04101658382425135
0 0.43996823449649725 0.36454243348636167 0.10094281168237725 0.04023807845867085
0 0.7386708864023988 0.9751742423370766 0.09956443440373143 0.0387838417019514
0 0.5400890416009512 0.15696985228832996 0.09810379338749511 0.04127759376342354
0 0.9365854278230146 0.8130479980229043 0.09762969636394757 0.03938100943099534
0 0.7388302798562206 0.32272299914952285 0.09892509352992958 0.04424827100016875
0 0.3427822727925714 0.9746959388519423 0.09799877280174102 0.03848762493479995
0 0.6390253583403633 0.8533282947118924 0.09665595160590276 0.04082565794520128
0 0.8877975869813062 0.1160090675410185 0.18955002666825607 0.04055825085047711
0 0.9372702346348053 0.772362987610073 0.09756655984081573 0.04197714594455695
0 0.7383370317390454 0.6104344408712261 0.09758805109301644 0.04228019433449926
0 0.6392476256464569 0.3646830510554737 0.09788295883154832 0.040687767032554
0 0.43947136868520154 0.5675223513918293 0.1022610134548611 0.03977232957857756
0 0.739140231471293 0.8534492563838518 0.09984682945764867 0.04128151895020251
0 0.63882701796172 0.6091287919102081 0.09860859902252055 0.0437887245144514
0 0.14767314839634418 0.4833543237012989 0.2842775204558514 0.361535166811882
0 0.5396731858708675 0.8936910502864969 0.09710502326022105 0.039524473509603586
0 0.7388818111031642 0.24075048462573254 0.10015028593872262 0.042976195869576884
0 0.44038180976593067 0.8131737538161206 0.09649605668952954 0.03923053395004909
0 0.9380464031476182 0.5675210929349993 0.09707369379034624 0.03930933731820692
0 0.14783924323665518 0.813345443283628 0.29567848647331035 0.039583021715451645
0 0.14779401609035725 0.11629013039050994 0.2955880321807145 0.040963818527169245
0 0.5394493425396127 0.36458967056236957 0.09737046410406885 0.04029240184516139
0 0.6362751466754084 0.06665570723056559 0.0972815858366344 0.057355477169675456
0 0.9345797208926301 0.4866953846515249 0.09570436671679382 0.03999957092614752
0 0.8383728170618764 0.4456600138645987 0.0961825709574286 0.04014111735625306
0 0.9368510119418771 0.5274052945316334 0.09555860826853482 0.04093819994170349
0 0.34214863904018733 0.24044288931141075 0.09475101476917057 0.04004601397582228
0 0.43967794737718846 0.4047652606467845 0.10164106246637812 0.040792938067623956
0 0.9364148827972173 0.9749999760293937 0.10040073066436815 0.039000535982756504
0 0.3425380844092332 0.6907250353326737 0.09648053522960681 0.04031945866700417
0 0.44109637002243496 0.6913222330249753 0.09891807305421069 0.04032515168599656
0 0.3419663096444334 0.8130666651325478 0.09620031318007874 0.039163056693360336
0 0.8392194768819077 0.5675148006508499 0.09914989202794894 0.04006405185705081
0 0.9349725332245207 0.40511717911028783 0.0980969639451291 0.04071245675702626
0 0.6393057714232444 0.1573776672093612 0.09630191904464985 0.04293908637472386
0 0.6390656663778242 0.8938691818544429 0.09662557730279245 0.039332169320692195
0 0.34273348765007583 0.7314292821570477 0.09670246822733276 0.04176620460925994
0 0.34136976024168014 0.4457734997037233 0.09334040061222369 0.040075288078746316
0 0.5403016139643853 0.60907890308588 0.09597606390294894 0.04351108496716986
0 0.8374446815168354 0.9348140636026478 0.09049397977491687 0.040880610560106764
0 0.44079422689566217 0.2811981635639114 0.0996131956670579 0.04215554718182376
0 0.738640655374303 0.20116118560776033 0.10062772604594582 0.036609752656902
0 0.4390988297678869 0.6087340559512304 0.1032763079671606 0.04275007814417649
0 0.8389012153159845 0.6092281201099963 0.09811372712184566 0.04292452423140649
0 0.3418024507859876 0.15778202886492468 0.09393642467325655 0.0414621524501795
0 0.5393031542663096 0.11623780330607396 0.09728889286238263 0.03957060943588534
0 0.6373716303626883 0.6904914717376964 0.09696953285468018 0.040477964301055464
0 0.3485625241657192 0.06661515757917012 0.11005343107363802 0.05665904491276617
0 0.9332030867933295 0.44602661432445084 0.09506793910162363 0.03968220009895066
0 0.5395463874828834 0.24080914519379756 0.09701313621747848 0.040269030504034735
0 0.3417417141193515 0.48642754308956176 0.09592448489766724 0.04062909897367452
0 0.3420857054899929 0.6091880592342446 0.09109427820722076 0.04144152274714654
0 0.5392986172241784 0.7307014746237573 0.09899291037020735 0.04178142594425012
0 0.3412208736222675 0.2813324439039872 0.09389200941870843 0.04295128142067071
0 0.6395760836175909 0.11590833481351828 0.09612043735939946 0.04025971942165639
0 0.7390595915172017 0.04709638658033659 0.09908790170493434 0.09393366867129466
0 0.7376701820624266 0.6508251521654087 0.10014388632140063 0.03906226029393716
0 0.9385824904941805 0.6505024778415716 0.09564180329372066 0.0409658260654455
0 0.539574493264928 0.6907993142488955 0.0966963551600401 0.039708747545409914
0 0.8394642144861356 0.5274578800491685 0.09947135340253326 0.040633953021446984
0 0.9354949616863507 0.3647603862239967 0.09724352244107003 0.04031046968964777
0 0.8895485031772666 0.24047994637056255 0.19654356668439457 0.03918925956235426
0 0.4410894570029771 0.7314122031000706 0.09777863074169846 0.04060518829390649
0 0.3406859682945765 0.5674746199220667 0.09260728624131945 0.040009698507302405
0 0.9379932481171752 0.6087461611074036 0.09737619510465571 0.04419250937730118
0 0.6390424797046166 0.7310593258123158 0.09738507815556535 0.041541300395802644
0 0.5398348478457551 0.2811077044884481 0.09666440483176839 0.041338808699220665
0 0.7398484876271517 0.16023792984091187 0.10020788249462048 0.04727309184385739
0 0.44122352659795583 0.853198913364476 0.09650164441510173 0.040784428502393236
0 0.638587151707991 0.2810881684443268 0.09757525185837246 0.040232085807099895
0 0.7381514189575387 0.7312480344102847 0.09849674899440043 0.04155688128988709
0 0.3420965705119388 0.8941725598402216 0.09583009054216793 0.03985610684753927
0 0.8372154653725303 0.9750987948537986 0.09264420343676644 0.03866195116899853
0 0.8394236198986453 0.6909952439920073 0.09897886941876957 0.04054550148425994
0 0.8389471827165248 0.36484555678444863 0.09509497032105829 0.04053390570347018
0 0.34179270808498996 0.3644472551977863 0.09361157245665835 0.040029444294228646
0 0.4405750758211378 0.15737578701493082 0.10010527370494669 0.041963767349924824
0 0.8864964826939066 0.15768652098051286 0.18836041422143976 0.04180235527986162
0 0.7403836436861184 0.11553670052634658 0.10122327252359643 0.04137737890289411
0 0.54150498081261 0.06729787415479642 0.08824226964434174 0.05700418418917986
0 0.44197714123554266 0.8939587719954284 0.09887888733769806 0.04012355888715022
0 0.14930571077015478 0.1997987712547366 0.29861142154030956 0.04282179520185168
0 0.9396202463882511 0.8941224912363461 0.09444049476855283 0.039767475530805084
0 0.3417160320729717 0.8532525775592937 0.09519031984332209 0.04067458319909794
0 0.941925115879285 0.853526681442148 0.09826995802072008 0.04056240076168996
0 0.3405542507977553 0.4051075009780007 0.0927774492004108 0.0403816024637948
0 0.8389696052563209 0.32304853496448516 0.09549676122053502 0.04275217557222631
0 0.14879535322831083 0.7728049157001717 0.29759070645662167 0.04106764121563575
0 0.7372988371035677 0.6903103738072227 0.10176972342955301 0.04012391844624448
0 0.8390304016208797 0.7310432355428479 0.09782058644182805 0.04033563882624571
0 0.7380646420569859 0.28149451516572316 0.09824047775149157 0.03686340661627086
0 0.34068740104472317 0.5271711316714991 0.09491000227711757 0.04064102435030069
0 0.9352373054516334 0.9351290373692165 0.10123315849960876 0.03984280316105179
0 0.9396700810996418 0.19976026846839318 0.09114086029154858 0.042305947754625345
0 0.9392978148840961 0.7311053194131227 0.09813860921606025 0.0395686992781971
0 0.9392808606740268 0.691202559773104 0.09689717897227113 0.04090176462015219
0 0.9370185481923659 0.3232116549402461 0.09961004361673513 0.04196180475653535
0 0.14847489580488726 0.24105577276919948 0.2938091991839461 0.038902765872376656
0 0.8430296143407774 0.20020926039653159 0.10203607391091846 0.04054523181493928
0 0.8386544718615512 0.4051328049492591 0.09593771395735524 0.040350830197978034
0 0.44249393421346217 0.11590819997885791 0.09541507058300323 0.04091462634858631
0 0.1478109302375238 0.7313679773314771 0.2938764534645797 0.040432719781694895
0 0.1478481262875648 0.06714598478262016 0.2956962525751296 0.05664208945422764
0 0.34245915181573383 0.11589893009595914 0.09759557303128669 0.0408561905049552
0 0.9396608648549103 0.2806434088263604 0.10166857598370842 0.04227752760455013
0 0.8402501604682376 0.8534885981414151 0.09616931591764648 0.04100399925595237
0 0.3516613254338176 0.019412030249643865 0.6697255613658349 0.03791209755426069
0 0.14782225320783207 0.6892685812948729 0.29564450641566414 0.04555547805059524
0 0.8415964832419036 0.8938420051795685 0.09827825905520825 0.0393335476305535
0 0.8412121577896245 0.28080810187315913 0.10446102531247474 0.04071455418507613
0 0.1494278169014082 0.28168402777777746 0.2988556338028164 0.04079861111111108
