0 0.6392598536539181 0.8711204317718626 0.13296429004544527 0.04721592839056324
0 0.6394610436134089 0.7741178851824975 0.1332536418972971 0.04919399819355237
0 0.6390548739298236 0.2440100628396739 0.13365482504850898 0.047647227411684784
0 0.6391793377778628 0.9192584976377224 0.13266961922572848 0.048610907392539524
0 0.6391139144731244 0.6788967690448987 0.1329454077095248 0.04875493106163538
0 0.5017756210692828 0.7743139214195282 0.13831653470307395 0.04951572342823616
0 0.6394833500348924 0.8232535019222457 0.13382430066210513 0.04675104797122036
0 0.639123056449142 0.6296558244426259 0.13282526552287582 0.0474684161159832
0 0.6393426633348652 0.14821952246865736 0.1342139150582108 0.04802834733201581
0 0.5017719642788756 0.9190633298851284 0.13762054775794866 0.048103615983201585
0 0.638881442333878 0.9678754361721839 0.13322352324176198 0.04760143898221344
0 0.6391435677189713 0.38901561390269884 0.13276256818916804 0.04812202302834733
0 0.9137691256787002 0.629524249050457 0.1380287452980324 0.047281498965538536
0 0.639496514480358 0.4847388226052989 0.1338840060763889 0.04830631060091403
0 0.5020393920100592 0.292691619028687 0.13921873138361246 0.047423713292057815
0 0.6396060519748263 0.7261878213392415 0.13290817493447032 0.048502202090538536
0 0.5027310572937942 0.8232541050364378 0.13771811757472086 0.04682298743206523
0 0.9128970144101477 0.7750554141319788 0.13785561289402914 0.04779718572443182
0 0.6392479192197712 0.19574144687577197 0.13387230434708605 0.04889511892446887
0 0.5018234585365179 0.8710583833837698 0.1371720922798373 0.04690385298295455
0 0.9128240115762017 0.34039292165884383 0.1372686647901348 0.047219643573987155
0 0.5017830676242937 0.48565782388679596 0.13716537708290782 0.04754078981904644
0 0.5024239533866932 0.3405046666563735 0.137298583984375 0.04718828163599308
0 0.9129173262186819 0.9191148599617094 0.13782522829010077 0.04825376729249012
0 0.501909692303028 0.9675456533318922 0.13643714389510145 0.047474157763092883
0 0.7771723130170036 0.19583814417420642 0.1335685247949006 0.048601993364778905
0 0.5028224770539726 0.3889099000470912 0.13682107364430146 0.04838160337666749
0 0.7762955144080201 0.6787350861922553 0.13638458584388616 0.04871382279829546
0 0.9132994608162277 0.2927990577908844 0.13977004240281182 0.04706442610548419
0 0.5021605481249574 0.6786737374166255 0.13715892783437159 0.04865240164896245
0 0.63909872217116 0.43686562036808296 0.13245639510144336 0.048668130867094865
0 0.6394700526152302 0.29270804785928234 0.13316222213711873 0.04748093676661314
0 0.9133493926270595 0.9678117955626234 0.13671722079673884 0.047715403439970355
0 0.5017025517482383 0.6295882515285326 0.1376910240821589 0.04707716387722332
0 0.7759664032713779 0.9676789656929347 0.13695344945703977 0.0473042243083004
0 0.9128071570967796 0.14815834256500124 0.13693443414692266 0.047603972061820654
0 0.7769735165930521 0.7745994356781125 0.13335922340941586 0.04868386008522727
0 0.7773674526505481 0.29287808987462943 0.1343177014186751 0.047410131160449606
0 0.6391913386991082 0.3405559916741292 0.13240692870029958 0.04765058072659338
0 0.9127225522641783 0.6786563436033226 0.13608280090465005 0.04850577252655632
0 0.501927610576023 0.5332409281975667 0.138061091271361 0.048141009063117586
0 0.7761045302181203 0.3889062089882349 0.13703263559112883 0.04829740863543726
0 0.913161500087231 0.7273786823740118 0.1367198802806713 0.047941788383152176
0 0.7766962653930929 0.340613492581213 0.13323702012271924 0.04737519878643774
0 0.5011408521199279 0.5819699735980731 0.13926507289113563 0.047026598783349804
0 0.9127031047879223 0.3887963818938365 0.13703642535573257 0.04819321462759387
0 0.77638806444887 0.8712403791224062 0.13302871604370914 0.04744520828186759
0 0.5016953877633953 0.7272958627331398 0.13783845922266477 0.04846833119750494
0 0.9125918053853485 0.48559510001080775 0.1383136425142974 0.046925902837821144
0 0.7776193722660506 0.823369734089365 0.13476728717745778 0.04702828750308794
0 0.7771289634289046 0.4852017248100914 0.13385960531130855 0.047618277930459495
0 0.6390859566482843 0.5333360272433918 0.13319347107332516 0.048256035001852764
0 0.9129188554219431 0.437645326395751 0.13721434483081427 0.04817261224678854
0 0.9133771842341537 0.5332376472563612 0.1381864526952274 0.047884806154273714
0 0.6391735201567605 0.5821037925750371 0.1322441682836329 0.04729269276494565
0 0.7767665754995573 0.9193133086555089 0.1329672819648693 0.048529655848567194
0 0.7765924457890796 0.7272418719506547 0.13666103919866557 0.04770425788969861
0 0.7765290170972904 0.58217742075562 0.13314892471745643 0.04736352249567687
0 0.7766681413505071 0.43707902629384876 0.13294328012237883 0.04835605545948616
0 0.9124580000999967 0.5820953248517786 0.1365068556176811 0.04708025182188735
0 0.22593062947258707 0.1959017908149086 0.41170129796778193 0.14434602156929346
0 0.2272031042310927 0.06259496428749778 0.4126197278889176 0.12081111071138043
0 0.9128465839460784 0.8711226029829545 0.1368022577954793 0.047285696640316205
0 0.501743873479839 0.43756544995213686 0.1366995019850388 0.04843281983386858
0 0.7771866077431406 0.24449253006886118 0.1335092183032067 0.048301437438241106
0 0.9135014486208979 0.8232758895210598 0.13611710824737883 0.04734084540205039
0 0.9130888629323257 0.2439935616353755 0.13646556712962962 0.048435232290637356
0 0.9129190216396889 0.19668333030972085 0.1371114892897263 0.04804364230792983
0 0.776455748314951 0.14806148845687686 0.1360433740553513 0.048497437488420204
0 0.7774234680308755 0.5336706591217886 0.13308948525156591 0.04833675580533597
0 0.7766821368847018 0.6299262125972702 0.13336381101919934 0.047777403578927874
0 0.22803741966197694 0.6779658261023962 0.4108619378283133 0.04779520750988143
0 0.2265751450150101 0.7260505525490983 0.411880767423343 0.04642140987833498
0 0.2272336727134023 0.6294291017554965 0.41916574631900827 0.04746031026124012
0 0.22502426903751682 0.8230077932003459 0.4140420593727129 0.04646584733201581
0 0.22734580528242657 0.7746424739068677 0.41764850658009517 0.047608290359436756
0 0.6393282688780808 0.07768639657521031 0.13959438348907274 0.09383573733196092
0 0.22636376590770316 0.5821187498070034 0.4132423899532144 0.048451444000123516
0 0.22426356053819846 0.29335879601037557 0.4162013535925506 0.0472784110208745
0 0.22516584292476213 0.8719011027822381 0.41473234920460156 0.04737418555459486
0 0.22850428583315516 0.9198426981688488 0.4115665140754517 0.04824459995676877
0 0.22659587236790876 0.9687553074048912 0.4172600058428862 0.04685184041501975
0 0.2288406575687051 0.34130239373610427 0.411566487065068 0.047527183562870556
0 0.2306288976814752 0.3897531622483325 0.4071189593645482 0.047543781265439726
0 0.5013822833956716 0.07719003764680689 0.13766389734604778 0.09136882142403312
0 0.22765994123903496 0.4381480341372283 0.41507129835407197 0.0474904659708498
0 0.22693091020604883 0.533393033596838 0.41887529119686884 0.049139042428359675
0 0.22248887981118376 0.4852430555555556 0.4162695170660857 0.046875
0 0.502394244734931 0.1957465277777778 0.13397179859598154 0.1449652777777778
0 0.7081366601328776 0.016927083333333322 0.5454566293918741 0.026909722222222196
0 0.7787110793391432 0.07682291666666666 0.1363641521423385 0.09114583333333331
0 0.9126828779351247 0.078125 0.1267947379569111 0.09027777777777779
