0 0.9244096544053819 0.485390530733534 0.13869550656049678 0.11598312687390308
0 0.924474836822249 0.7092118285561501 0.13921722672943376 0.11235834321068155
0 0.9246574467063969 0.82150211423496 0.13931337014222755 0.11290256541902301
0 0.7826697716346155 0.4853849366376999 0.13760746360844017 0.11639394775009752
0 0.7828645102998131 0.8217955305126268 0.13831380208333333 0.11339151319959048
0 0.9246269812950721 0.25983121874923826 0.13946173252203525 0.11415709497032225
0 0.7820266112953695 0.26005760109554765 0.13965458490124888 0.11440180690723707
0 0.7825440496461005 0.7093137601236471 0.13694202390491453 0.11268303881569325
0 0.3540365757086338 0.48517969283224455 0.14163565350393964 0.11601726276082293
0 0.6386636326455662 0.485310880330721 0.14279566055689102 0.11610062669108327
0 0.7811492137419872 0.10165098445346574 0.14269967364449787 0.19978678488831586
0 0.35389623397435893 0.25906122121349695 0.14039134490184293 0.1125389253851404
0 0.3539520263671875 0.8208002337427481 0.1411868886051015 0.11230140245648888
0 0.6386780045990251 0.8213940886737032 0.14411073342347758 0.1125583499902496
0 0.9248503856169872 0.9312923151691693 0.13928201789529915 0.11017826455245709
0 0.3545651036449987 0.709905282197616 0.13843068179921209 0.11154674702613104
0 0.6375653910840678 0.12665805132266325 0.1479640862880609 0.1529024275900235
0 0.9240774823050214 0.10328905698867784 0.14195003672542733 0.20228801006500216
0 0.6384861090244391 0.2598970029357815 0.14423358623798077 0.11396753843786564
0 0.9244446583283253 0.5961757427816644 0.13983514247796475 0.1090944858497465
0 0.6384495922642894 0.7094124542569594 0.14196088741987178 0.11234310822628217
0 0.9249369564219417 0.3697307187941814 0.13904481545472758 0.11024010906725332
0 0.3542365571372529 0.12731028718992998 0.14133924174512552 0.1520344381585322
0 0.7828318799662795 0.9311920975374172 0.13647831321781517 0.11065331040976015
0 0.49954832680204997 0.48526186652934866 0.14016199356470352 0.1142506711010628
0 0.14789654984433426 0.8206302922527057 0.26474506345569576 0.11192009936256825
0 0.7823804284772302 0.596417312503047 0.13811186439970619 0.10886624673971333
0 0.35387018969935224 0.596351849679456 0.14063358143863514 0.10912705062890016
0 0.355167982313368 0.9319931720608668 0.1391895783253205 0.10908372614201443
0 0.4990855942424546 0.8207742628552799 0.13910052959735578 0.11199284641307529
0 0.49508184449285525 0.12743074771208623 0.14488426273704594 0.1526360117515052
0 0.35467427571614585 0.3709017177825785 0.13993770240718484 0.10887791102464411
0 0.4996750921265692 0.709921969266466 0.1401962149856437 0.11089397555394404
0 0.49559485280615656 0.2597819669012346 0.143182373046875 0.11378774181728987
0 0.6383536053518964 0.5962846253107936 0.14467909071180557 0.10877969298459439
0 0.1492561218066093 0.2589315215064657 0.26397753169393945 0.11260436440406835
0 0.7828928629557292 0.36993033279680804 0.13628216604901175 0.11088457271201005
0 0.6386201255341881 0.9313765836766282 0.14193146534455128 0.11039250652057332
0 0.6387641841529781 0.369884758769257 0.1420295910957532 0.11036165567716459
0 0.49879979842748395 0.595969332547716 0.138599363147703 0.10908148850368077
0 0.14730201582623298 0.5400586898407764 0.2677493796389319 0.45372571146599683
0 0.14831917836115913 0.12772476208191397 0.261931761717185 0.15268247250275754
0 0.49996760441706734 0.9320092640131387 0.13866937099358975 0.10965808505387091
0 0.14634134504530164 0.9312377072719629 0.2647765885051499 0.10884567951077419
0 0.49945061838524973 0.3708407421379863 0.13970115205161593 0.10908127426171266
0 0.3623887108262109 0.02951388888888889 0.6981451804368473 0.04861111111111112
