0 0.13656172540471506 0.5838573616994939 0.27147483411996964 0.5389711928799359
0 0.13675064000462 0.1635859777749904 0.27350128000924 0.31302180712371763
0 0.943384143515957 0.5169130474988602 0.10644453443143592 0.1300292293310645
0 0.9431346428630709 0.7846176792198503 0.10660741011751948 0.135415152045083
0 0.633050826723785 0.518326680665045 0.1043770765785455 0.1275138931734941
0 0.9438192135213792 0.6488895838409361 0.1064396066638633 0.1314027352592115
0 0.9446346293765493 0.1683153233058016 0.10697405331533286 0.3007519988706654
0 0.7362924202981144 0.5180695224815691 0.10487171205515226 0.1287097892530967
0 0.32309726142342976 0.6500091859752264 0.1014883889692701 0.12994433888487172
0 0.8398009130029436 0.5174969801720479 0.1035272960284614 0.12972138249418386
0 0.7366654177225346 0.6493232159067688 0.10483168475013277 0.12955706652021504
0 0.6333459740657645 0.6494914003061336 0.10356615623063474 0.1291236800686934
0 0.942802407586203 0.385748665577449 0.1061326153892971 0.13257038569306465
0 0.4261759036661207 0.38574841996313813 0.10438308499690158 0.13232999068630533
0 0.8394844120014828 0.6496158346563757 0.10000333704961933 0.13076383103307343
0 0.530043539852326 0.5179611912195832 0.10521341383288332 0.12875673228826082
0 0.6328421962835296 0.1642347802098848 0.10716130848309134 0.3087423831164477
0 0.7370515774734973 0.19874796876964912 0.10651875352724416 0.24117421816052562
0 0.32328166367311995 0.7844194684709821 0.1045224241089213 0.13495180064763582
0 0.7360563197149433 0.38517118027992175 0.10555174398016998 0.1342489445953062
0 0.8403797960146291 0.20229656595579334 0.10553834391045502 0.2343096819442043
0 0.6333192171523658 0.7850319384569133 0.10299833908297185 0.13674153072733275
0 0.3228745176839423 0.5175579539247201 0.10109114174126903 0.13075505032146
0 0.42600369115726805 0.7846181397466832 0.10424372427186615 0.13482340576663104
0 0.8389816932570158 0.7844710474762637 0.10271395502279568 0.13469267754967304
0 0.5301361948505001 0.6495970758633834 0.10439587990217776 0.12940945231938505
0 0.13651690123439175 0.9156961728869308 0.27053202870209564 0.12955645248443787
0 0.3228049561930108 0.9176266399667538 0.104855718423557 0.13371457996023012
0 0.4251220530220875 0.5175102740466235 0.10172511632989552 0.1302905322560362
0 0.9428391929388722 0.9174294730787067 0.10652847938429533 0.1335769131389902
0 0.5295975120479595 0.3844971225055411 0.10468376527089235 0.13356263680717115
0 0.8398833450447062 0.38510678327779174 0.10367106580869334 0.13374872034944038
0 0.3231304374024821 0.3857348958251462 0.10486948591453833 0.132236994967854
0 0.529000711846284 0.16255953925955943 0.10614164962984685 0.31085533731180415
0 0.42585972685989504 0.9179481798014649 0.10436471393358268 0.1337970449651031
0 0.5296368477364775 0.7846476748675647 0.10315261278881906 0.13482917770293637
0 0.42470306310032313 0.16228683469760827 0.10154572829984065 0.3102867627287775
0 0.42546669416994953 0.6494898345149019 0.1019821383122344 0.1303311814244844
0 0.5297845726985769 0.9179668771908797 0.10437223526303559 0.13410866812201333
0 0.6325555644697238 0.3853278822102537 0.1047551746746636 0.1353079721001792
0 0.6326344303639009 0.9183214521504024 0.10033838201852426 0.13313069333972585
0 0.7362992283980501 0.7847687013192436 0.10268935941096408 0.13483777420381665
0 0.8392081112091669 0.9174463283607898 0.10329802515824187 0.1332100267621353
0 0.3216188771191129 0.16279362480885065 0.10323837323499468 0.30810043557548905
0 0.7362798415229949 0.9176890874052911 0.10304108962796565 0.1329391755808287
0 0.7876953903068563 0.04728457913312394 0.2029554675050903 0.06706519865653884
