0 0.8298485282274933 0.12356116132038394 0.10869503404241967 0.13931997400445267
0 0.12388401752814072 0.5440033484394615 0.2367396980244791 0.09789395434955614
0 0.1252650432637737 0.24311592178673105 0.23893922463637918 0.09765725703629395
0 0.7224892612441955 0.12338040377864537 0.10922151333197373 0.13862541450489543
0 0.12491313712185168 0.34220129858643633 0.23818162486575534 0.09577600377875045
0 0.12333830133818557 0.12364949591703703 0.23969270267001433 0.13936559712698676
0 0.12213024636668215 0.6441152345501366 0.2411011605856409 0.10016153737838504
0 0.12540363754772918 0.94723226144974 0.23950194354995666 0.09864489693552728
0 0.12282891190514826 0.8442632382364149 0.24189815368039538 0.09958398017171807
0 0.4008265320396168 0.9457273551689159 0.10766617903907295 0.10205682346776362
0 0.8294426893773008 0.9458252566103613 0.10731353146962853 0.10173649835791786
0 0.5079086079016587 0.945751874313464 0.10714550094910895 0.1015643389358411
0 0.61529796350114 0.12390213888379047 0.10722843359113537 0.13906719147560415
0 0.4008529438391587 0.8451989063060437 0.10773934769024013 0.10021184540889524
0 0.615036950373107 0.9449556588784525 0.1060422925425661 0.10120049234442252
0 0.40051367579693775 0.7458649557324358 0.1071765904764893 0.10057538551100699
0 0.12417633370702046 0.4417716728221395 0.2362813438915983 0.09688739968167144
0 0.7222359898578691 0.9456523090729242 0.10979325831973728 0.10184280636320839
0 0.8295837565757823 0.8452989093884505 0.10750840275163152 0.10018347325591823
0 0.12254819613064788 0.7442650596585814 0.24134616344329346 0.10174411680640244
0 0.9357953460979335 0.94684367679284 0.10799480473979252 0.09748960738544656
0 0.8291328971484898 0.7457595015187857 0.10647431849795014 0.10067420642037303
0 0.9359369035386337 0.2414579788273684 0.10680310761274264 0.0994160021394705
0 0.8287953245272758 0.3444062592822476 0.10662539480840026 0.10091865353467988
0 0.29299324168418467 0.44366628025662436 0.10899028241873746 0.10030077109206868
0 0.8287103492093373 0.2415492907487166 0.10814743348393574 0.10014347640137419
0 0.4002547053448168 0.3441572257743847 0.10692272671414826 0.10014540290558868
0 0.7222362349789784 0.3443082702724287 0.10899563422962684 0.10073257074123475
0 0.7221108146779827 0.4437418517628565 0.10973933167566098 0.10021582976988434
0 0.29328830621967034 0.8452807827351596 0.10953032507634704 0.10004056167055236
0 0.29290326181026183 0.9456052848564159 0.10889194800033467 0.10201286414432391
0 0.4010964308078669 0.12358218320301993 0.10810449643626589 0.13835242010086476
0 0.40046847137900565 0.44342163611347735 0.10781394621454568 0.09992934983635222
0 0.7222720839412337 0.7459245241184317 0.10875692712255271 0.10078865828438845
0 0.9358819555566014 0.7461953074210343 0.10509878053882195 0.10196308152405396
0 0.7219961592790431 0.8451008735120382 0.10974329446693024 0.09945621791494799
0 0.2928411848892968 0.242332885391914 0.10798242612376589 0.09752156984173242
0 0.507794258904106 0.4438097829285106 0.10718839714326055 0.10061956375538021
0 0.8293494616486781 0.44361726385962164 0.10703245926413989 0.1000179690302188
0 0.9352481540746318 0.8449490737367736 0.10848324940386546 0.09985071343705165
0 0.5074896142185931 0.34402714295571984 0.1066663708871946 0.10001037247382756
0 0.2932465437106499 0.3443522295958685 0.10908161045876213 0.1010941405549453
0 0.614721234384151 0.4437225429365248 0.10616256530026355 0.1002340439915486
0 0.5078549672322101 0.8453541212478703 0.10713765707360694 0.09990982208908716
0 0.40006882183682646 0.24192749855337048 0.10632152633973395 0.09948478709676517
0 0.614776100659147 0.8453080164992827 0.10602701332674448 0.10002935291875897
0 0.9358327679206409 0.34362076002692904 0.10774265682521754 0.09867368503827789
0 0.4004893066733078 0.5440335814203731 0.1077268465136588 0.10109514759123923
0 0.5078465309806937 0.7459634701524952 0.10630109958061412 0.10108153070917773
0 0.5075710148536856 0.6446075220532191 0.10701693492720883 0.09983810359128407
0 0.9355903022898887 0.444190552108086 0.10496715050305389 0.1007193479168535
0 0.29225121923239833 0.543768774659254 0.1086391872829861 0.10019695878541966
0 0.507591891001506 0.5441237987370539 0.10732766678693942 0.10072320092528246
0 0.9356298076420265 0.6445063367977717 0.10491330556601404 0.09994563755380201
0 0.4004507409520896 0.6445991373814676 0.10719297273730338 0.10006249754808555
0 0.2927163876044543 0.123674972840669 0.10747623060601783 0.13508684221264963
0 0.9376813487674657 0.09803479935551646 0.10820503694465361 0.19010421330138633
0 0.5066791416969962 0.24254720898577609 0.10763856206074297 0.09948459006792504
0 0.29319702924654345 0.7455189074129079 0.10898887297235818 0.10024941224107783
0 0.6149752411338061 0.7457396234980272 0.10655537187813754 0.10035720890871593
0 0.9361093053856048 0.5438691936914343 0.10839459726928548 0.09913427279019459
0 0.8293512183499624 0.6443428028604734 0.10646091854396754 0.09936689817409433
0 0.8289872952094838 0.544088421114206 0.10750480764202644 0.0997757111252466
0 0.29266677100655225 0.6441060179788378 0.10861902607173485 0.10177371491660687
0 0.7221796732829756 0.5440901724816737 0.10921742798014974 0.10084299446007443
0 0.6148246550655747 0.5442268229283425 0.10591928259914658 0.10119396850060527
0 0.722103522324977 0.6450754217643135 0.10863502022412569 0.09970784563587248
0 0.6150154001422357 0.34407745098623005 0.1065662389139893 0.10026248182080569
0 0.5080762094602368 0.12349917385807338 0.10781946143950803 0.13835148968689753
0 0.6148140127240734 0.24340195293234956 0.10732002717902861 0.09972778933291114
0 0.7215359239693148 0.24227403944499865 0.1057203259653196 0.10073445346126256
0 0.6149734231522443 0.6442110124585275 0.10596826596751589 0.09928861204828729
0 0.4437941707227604 0.0266900219910456 0.8746490330885515 0.0533800439820912
