0 0.13252097478805464 0.730435567131209 0.26504194957610927 0.17843388053527565
0 0.13263364023141072 0.5531320863415581 0.26526728046282144 0.17503060420007163
0 0.8042928814686974 0.37862019767927807 0.1461051953783727 0.1733886185691867
0 0.8048491196527852 0.18442502084257298 0.1459165833651718 0.21119183536179723
0 0.8043251230584028 0.9080917158501637 0.14672887586622577 0.17467755313523473
0 0.13330884808030538 0.9075225097123193 0.26661769616061076 0.17708904149750956
0 0.44081118295807864 0.9079599172267331 0.11739695454126264 0.17538318883904203
0 0.1330284131518102 0.14619320904323627 0.2660568263036204 0.2854809149383978
0 0.8047493071017336 0.7298760226720286 0.1478153119400822 0.17958948393576007
0 0.8050669626683047 0.5522367985488025 0.1476783688112616 0.1751267212447121
0 0.1331158745751212 0.37595274146467317 0.2662317491502424 0.17904816340150792
0 0.9377451184226129 0.729720403013271 0.119201248451992 0.1736011754997953
0 0.9384280843236193 0.14545973731961312 0.11896215120415261 0.29091947463922624
0 0.4406508756126159 0.7305323171823827 0.11776964982082631 0.17306891695380736
0 0.4416203748114394 0.3779584393230588 0.11671375705661098 0.17624967483453877
0 0.9377453757377741 0.5529292077476802 0.11899282317137437 0.17656257995872
0 0.6741551468384407 0.3767886265917116 0.11777258321366463 0.17514874320883936
0 0.557259159184628 0.3773186029825669 0.11660246824936764 0.17543529527156113
0 0.9377292678086794 0.9095564263356306 0.11954975610639755 0.17901904510098254
0 0.9381821424924905 0.37735168590295787 0.11874775621179384 0.17814136488468887
0 0.6747216518974625 0.18499195315431818 0.11911566542935814 0.20875291116372988
0 0.6748045073793871 0.7315776774976972 0.11754789561485561 0.17198301090423718
0 0.4411605268867583 0.5529262592698809 0.11792432196425748 0.17549649700847772
0 0.4413887268375184 0.18495760838537756 0.11758443436775401 0.211188911871098
0 0.557146532338546 0.9082197164343956 0.11624474871218908 0.1775334120837882
0 0.3258379185179635 0.14554494020720235 0.11863394571597018 0.28278191537315667
0 0.32553123744302015 0.7311039220818266 0.1174971016020236 0.17143502714332015
0 0.32570685504057756 0.5531099977451641 0.11776434912850442 0.1748026552158672
0 0.675013009854553 0.5533933681171533 0.11775132898134485 0.17514744387963974
0 0.3251454962847808 0.3766564614908144 0.11710376964652719 0.17784401839477007
0 0.3242175792160163 0.9050173363831366 0.11761235306275034 0.17902990616044623
0 0.5576374382031909 0.5532464939433934 0.11617836140058495 0.17564388758230418
0 0.5561158564601338 0.1849166045542888 0.12089623488221965 0.21157722806305868
0 0.6731971624930835 0.9067340834172012 0.11696389312486825 0.18007623264362718
0 0.5562056851829285 0.7296218872070312 0.11459556438066505 0.17828828903264873
0 0.6312169172756231 0.04123263888888888 0.49411244613078514 0.07552083333333333
