0 0.1428791798898496 0.49625699660357303 0.2700371088575663 0.044166789335363055
0 0.14153429818531824 0.019360720755203682 0.26756107858765177 0.03831179072970853
0 0.14292772266943907 0.7588808676775765 0.2685292128360633 0.04401964299819048
0 0.14235232677982654 0.060464389183942 0.26687362046124785 0.044210265664493334
0 0.14110562192413195 0.7151123776155359 0.26760335195632207 0.04323863983154297
0 0.3473408136188898 0.019851707182276773 0.1448204844200938 0.03945930951329715
0 0.14120018809044688 0.4524943127351648 0.26845419527304293 0.04369068145751953
0 0.14346645267150793 0.40900752123664413 0.27010211421641783 0.043896114124971276
0 0.14554357872724877 0.2777698460747214 0.26392590741574506 0.042450904846191406
0 0.920447983955064 0.14797005232642677 0.1413259795217803 0.0429080935085521
0 0.9200989033752706 0.7584164002362419 0.14298044620310246 0.04425362979664522
0 0.9212899696603308 0.10375114398844101 0.1444809598496122 0.04449089134440703
0 0.4869584252823999 0.1905969591701732 0.13930459731240982 0.04385852813720703
0 0.9204707950740665 0.9768330069149243 0.14601080207769662 0.04540320003733916
0 0.9206986860795454 0.6709743107066436 0.1441828299738456 0.0434413797715131
0 0.1445281027371405 0.2343160124386058 0.2605895528201589 0.04371710384593291
0 0.4880062147401228 0.8889118643367989 0.1450516286708123 0.04431646010454962
0 0.9205210411875452 0.27799686263589296 0.14026935792072512 0.04371539284201229
0 0.9210803099352904 0.7146934901966769 0.1445620758364899 0.043082237243652344
0 0.3457265966726416 0.976326998542337 0.13775643573006854 0.04535316018497243
0 0.7802209895410579 0.5398155941682703 0.13997756935989358 0.04375575570499196
0 0.48646686328265915 0.10396741067661956 0.13808508318396015 0.04385082160725313
0 0.48896578173616745 0.27785728959476247 0.14535143743517767 0.04377154742970186
0 0.4871109030807518 0.23433696522432215 0.14133157220925777 0.04397908379049862
0 0.34686817648090845 0.10388127495260799 0.1394424108199743 0.042331723605885226
0 0.3461623308806536 0.06121646832017337 0.14141812675443047 0.04393300940008724
0 0.7820862829255162 0.27822236453785615 0.13610694521949404 0.0434416602639591
0 0.48984781901041663 0.0196272096980144 0.14375505543718434 0.038692818516317534
0 0.6327681328139092 0.19104887457454908 0.152008056640625 0.04408367942361271
0 0.78093636913217 0.45262558319989377 0.13747671328237734 0.04361573387594784
0 0.9193788558717757 0.8886724079356475 0.14045299183238635 0.044568286222570086
0 0.9200972740096276 0.4086628801682416 0.14350950563108766 0.043443399317124314
0 0.34638383653428817 0.27787229594062357 0.1394601576944106 0.044166144202737255
0 0.9207720515703914 0.4954927388359519 0.14294856348079005 0.043365646811092604
0 0.48561102796942635 0.8456122173982509 0.14015503810425686 0.042257140664493334
0 0.3473312355911233 0.14695213121526382 0.14000156947544642 0.04421255167792825
0 0.48817461462419964 0.4961691744187299 0.14676361304168922 0.043510268716251146
0 0.7774301283975358 0.3222643487593707 0.14260124437736743 0.044528989230885226
0 0.9199316511938581 0.06046293588245616 0.14388743038645382 0.04248135580736048
0 0.9203935102982954 0.19104970903957594 0.14012104161029942 0.043461757547715134
0 0.6361847777136077 0.8890264174517459 0.14987209587937683 0.04402811387005971
0 0.14218296839561298 0.5398918881135828 0.2688615635187939 0.04401874542236328
0 0.34553995724192255 0.3650449865004595 0.13827970430448458 0.0436241486493279
0 0.6355102010619589 0.27780765645644245 0.15417771112351192 0.04496574401855469
0 0.3453199708616579 0.32177842364591713 0.13856405062764926 0.04314963957842659
0 0.48890633190865124 0.14757363235249238 0.1428242472859172 0.04264630990869858
0 0.3471086730516662 0.40894745377933284 0.14083421935594787 0.043829609366024244
0 0.34694371078953595 0.19060415380141316 0.14031713796728446 0.04364529777975643
0 0.6336206405974687 0.6709810705745922 0.14699225816067235 0.043346405029296854
0 0.7789465393682923 0.49597282970652856 0.14232213844640604 0.04305811489329619
0 0.48752156927816104 0.3216991284314324 0.14443331191378067 0.04431991016163545
0 0.781380481362171 0.14761039789985206 0.14009664516256312 0.04376711564905503
0 0.7804534383666464 0.10351014838499183 0.1382320783871077 0.04357532893910127
0 0.779988320530923 0.8890199380762437 0.1397631536486517 0.043826327604406023
0 0.6338050478980655 0.45260073156917796 0.15555456912878787 0.043078983531278724
0 0.48762071837938537 0.40902583739336795 0.1427308890382621 0.044007189133588004
0 0.34686626087535516 0.8885085722979378 0.1390858439656047 0.044099471148322605
0 0.9201331640906837 0.5832161342396456 0.1421527284564394 0.04308605194091797
0 0.3463727722608338 0.8450351322398465 0.13802475261825847 0.0429388495052562
0 0.9203945231472086 0.45231064628152284 0.1430266849578373 0.043297767639160156
0 0.634435017903646 0.4089609735152301 0.14918212009886814 0.04378798428703757
0 0.9196064386188898 0.32186978003558 0.14307706318204366 0.04443502426147461
0 0.14465534463417307 0.1908542548908907 0.26257667981873 0.04322475545546587
0 0.9206276545448908 0.5397280524758732 0.14283186567122114 0.04403226515826057
0 0.635625112633679 0.7585740650401391 0.1511702158908763 0.04362201690673826
0 0.6327219380960836 0.49582049425910496 0.15010909703902867 0.04347666572122013
0 0.14544093557250448 0.9767983941470875 0.2664375387744986 0.04530951556037454
0 0.6337144639756943 0.9317835359012379 0.1572064816693723 0.042813076692468977
0 0.9190395955227498 0.8448194054996265 0.14027032673272907 0.042889763327205885
0 0.9205002117294597 0.23410272598266602 0.1396856927252435 0.04389734829173369
0 0.9191304877034857 0.8021220038918887 0.1410828957826028 0.04277936150045956
0 0.774604962501691 0.36519607375649843 0.14576049628539864 0.042272090911865234
0 0.3471977927468039 0.4525699475232293 0.13947702383066152 0.04291537228752585
0 0.779091178596794 0.4083330350763658 0.13865135380027957 0.044860643499037796
0 0.49034768404338963 0.7585306728587432 0.14902856754790836 0.04425508835736441
0 0.6329628420082521 0.5398980308981502 0.15343251854482323 0.04361792171702666
0 0.7797775158462414 0.6710532973794376 0.13865721070921266 0.043100525351131666
0 0.1467040710118942 0.10399492698557238 0.26109691306110067 0.04285097823423498
0 0.14228554652710843 0.6278222027946921 0.2672822355019926 0.13092041015625
0 0.34577379323015306 0.2346307880738202 0.13906206403459823 0.04315790008096134
0 0.48977099662219287 0.36560214267057534 0.14916758791880863 0.04356611476225011
0 0.14688592624526692 0.14767710601582246 0.2597113261147151 0.04330785134259392
0 0.7803557645018826 0.845758410061107 0.1380918648679879 0.04448660682229435
0 0.6329973669451209 0.10413439484203563 0.15286629196541307 0.04459046616273768
0 0.6339535623745829 0.1482648078133078 0.15244243671367694 0.04244264434365665
0 0.9209304523330403 0.36575538971844845 0.1429852902631223 0.042469641741584324
0 0.6327345326521352 0.6274801983552821 0.1530448616325081 0.0432743184706744
0 0.48679161347008026 0.452728832469267 0.1416305387863005 0.04311258652630974
0 0.34601724027383207 0.4960239073809455 0.14034809591450217 0.04336401995490579
0 0.4883591072555916 0.06078662416514228 0.14225612711940838 0.0429424994132098
0 0.6355662036298129 0.7146496211781225 0.15326097550778042 0.04316806793212893
0 0.14468187343162547 0.32234849649317127 0.26578138469789625 0.04526690875782686
0 0.7807506654857729 0.976367052863626 0.13626649094178392 0.0447836483226103
0 0.9199792550927804 0.9324067620670093 0.1425824406171086 0.04287528991699219
0 0.7783217161950493 0.028444796249561536 0.13693608860539294 0.01869477165867554
0 0.7810688761921672 0.7146947524126839 0.1371389501882666 0.04368288376752068
0 0.3463594841234612 0.7586583810694079 0.14136766045640559 0.043479077956255746
0 0.4865012120718908 0.9325875674977021 0.14218562402766505 0.0429377836339614
0 0.48988437172094634 0.714659775004667 0.14787999688029477 0.04309614966897401
0 0.1448772479961445 0.36636841998380776 0.26504904126364087 0.04253132203046013
0 0.34617827224180986 0.8022681124070111 0.13894360474865847 0.043265342712402344
0 0.781563212517192 0.801960356095258 0.13519819955977183 0.042539203868192786
0 0.6341518825954862 0.23431730270385742 0.15522517304743869 0.043231683618882126
0 0.4878614021070075 0.9761949426987592 0.14530480234825938 0.04502644258386948
0 0.7802391327476776 0.19084968286402088 0.14002600996009198 0.04329457002527573
0 0.4864586063621708 0.6274088130277746 0.1369932760923972 0.043870028327493114
0 0.34905105304580397 0.6285987461314482 0.14212423657614087 0.1319265365600586
0 0.7809854923044621 0.7587151246912339 0.13685143320763438 0.04344356761259191
0 0.34639792834525496 0.9318683568169088 0.13858382319991205 0.043477282804601336
0 0.6331304464849387 0.8453268443836887 0.1585109429958063 0.043356895446777344
0 0.6325369610586896 0.32234218541313614 0.14499522287608224 0.044381057514863854
0 0.7822663718659811 0.23478416134329405 0.1376563838722042 0.04365958886988022
0 0.48566457685110026 0.5397325684042538 0.14302721340074856 0.04297351837158203
0 0.7762718475914276 0.06067801047773923 0.14209873920567279 0.041907931075376624
0 0.3458792065817212 0.5395398981430951 0.1385582157371708 0.0428153767305262
0 0.6346653529575893 0.583564842448515 0.15993113331980519 0.04307382247027229
0 0.6348452554455126 0.02967202974335736 0.1393000409009464 0.020010009325487313
0 0.9219910372559297 0.02925744638214998 0.14015759224499455 0.01965692843724892
0 0.7811612215909092 0.5833494803484749 0.13700287613861833 0.043180073008817786
0 0.9196946885850693 0.6272614422966452 0.14182659110637627 0.04393252204446232
0 0.7796580216929339 0.6273260958054486 0.14053049679270382 0.04367239335004021
0 0.48810102620578405 0.6712292222415701 0.13930859918510702 0.04322214687571804
0 0.6322413192682967 0.3656710035660688 0.14035060601833063 0.04259622798246496
0 0.7809607875983607 0.9320573245777805 0.13647685525737283 0.04358538459329044
0 0.6327662612452651 0.06081595140344957 0.14364663656655843 0.042403824189129996
0 0.14333056405853228 0.8040066326365752 0.2723987085306627 0.04546008390538833
0 0.4846181277760867 0.8023978962617762 0.13857455343051045 0.04309957167681526
0 0.6350094353481806 0.9761381710276885 0.15803019205729166 0.04505471622242647
0 0.14502219169858901 0.9309889288509594 0.2687779181619399 0.04768068650189568
0 0.633202094536323 0.8020815568811753 0.1587708488343254 0.04268051596248851
0 0.14388469321731193 0.8684043603784898 0.2660066376172791 0.07968448190128102
0 0.3475256145086468 0.7148556428797105 0.13926544850006764 0.04336805904612822
0 0.4867604793752254 0.5836091883042279 0.13656823184411074 0.04316464592428768
0 0.7795414462081129 0.011284722222222224 0.43065576398909733 0.015625
