0 0.5699080066568046 0.9686336796576623 0.11084213106354783 0.0507736351746499
0 0.45057124452007824 0.8633488121494072 0.12195660893968813 0.05399509480923775
0 0.4509867229875493 0.9689535800246658 0.12312091172799557 0.05185587280195735
0 0.5690614598742604 0.8086282109698242 0.10976709369606756 0.05396323686644653
0 0.5700931887654863 0.22047210635082648 0.10993172007904956 0.05374728275058681
0 0.5691807613335181 0.27426769079333424 0.10790365546412722 0.05366081951682846
0 0.1981497600939147 0.32712169819618775 0.3785286664492515 0.051392631117968254
0 0.9232748960837338 0.2744541763121121 0.12977446606878698 0.05362290079467695
0 0.797740657889161 0.2741552458531837 0.11625409549509985 0.053785123770438814
0 0.4527284671098758 0.6504111384070655 0.12491377429849297 0.057530782542966265
0 0.9242354473888992 0.43428633002093603 0.13139568983450445 0.054814349003918676
0 0.5689394196579913 0.8624714366347073 0.10951458631887943 0.0551387949554424
0 0.800141494419918 0.9684804118719168 0.11578242736455252 0.05047300497792011
0 0.45090951110719457 0.3827408390542946 0.123104268512312 0.05711558030563733
0 0.9238124147674742 0.8084221444715746 0.12963806995038216 0.05333369283597231
0 0.5689872124726485 0.43467270470515396 0.10957068569326306 0.054177034743495375
0 0.924551578198194 0.8623342532249562 0.13287991555719922 0.0550209205671149
0 0.7976971989317522 0.8623579524263009 0.11609470585629314 0.05523413567691757
0 0.9234390710232526 0.32745605119089655 0.12718817656327047 0.05279072859270568
0 0.570129695493559 0.5942721594525779 0.10939462274254191 0.052869577001113936
0 0.7990263989691198 0.5944130142959798 0.11639500604813856 0.05285803820963956
0 0.9255516458545212 0.9689423131912396 0.13014483028615015 0.05123440981063017
0 0.5701005924382859 0.755711973737866 0.11069435856986563 0.05251618694302992
0 0.5692746916701338 0.7007454059292451 0.10934412126710429 0.055453722375278486
0 0.5695847430407884 0.3818545860518778 0.11102481518506532 0.05496427559078612
0 0.5698210285495254 0.6482964314752745 0.10971316125030818 0.05571651155215627
0 0.6820165269238474 0.8623306789191797 0.11340717263005425 0.05491944136397995
0 0.9247955081495778 0.5944627826188037 0.13060746954742974 0.05294685193795751
0 0.7984295907105214 0.4880608668530693 0.11627859382704635 0.0536112065986036
0 0.7986915182079788 0.8083880331620982 0.11787387464173445 0.053408753257280395
0 0.6806443795649963 0.27422336163147476 0.1128885543793146 0.05382313962046467
0 0.9239267202524039 0.7557653940687659 0.1308564857618343 0.05268783132260503
0 0.5689506455521142 0.32748887069964394 0.10994490222818047 0.05331632637203612
0 0.7986043294270835 0.7558014479357297 0.11759909605368592 0.05231532649884627
0 0.7982915392994175 0.4344057196041037 0.11594759547969058 0.05454845173506127
0 0.4532766248112364 0.7554873363900383 0.12408591727533284 0.052842847410089114
0 0.45102825578618094 0.32745196210738586 0.1229425012712648 0.05240068247483689
0 0.45159865460217113 0.9167518931388249 0.12297064124714926 0.05268052730645289
0 0.45129250069341714 0.8089023058312779 0.12253728561852811 0.05432338702458625
0 0.6815330309745593 0.43429905377247763 0.1136478822847325 0.054912758966223746
0 0.7986835126105615 0.7017187437838162 0.11651533077924679 0.05493661357216741
0 0.798312125121348 0.38162608301465034 0.11796536718364768 0.05419350763098743
0 0.9245676796817215 0.4880277268223365 0.13110538159131532 0.05315330694770449
0 0.6815413074380546 0.8084459602263685 0.11347025433000493 0.05339810804225016
0 0.6814641106058155 0.3274710283091234 0.11222144132535133 0.05313405620300564
0 0.9235780253212832 0.3809106196665142 0.12994998728735208 0.05376556221654201
0 0.7977728307599851 0.32753116017614176 0.11894319372534516 0.05321084550047741
0 0.6834054378833059 0.08258104088584747 0.10760600374060043 0.1137463400075757
0 0.7988198184402736 0.6479859525120842 0.11661049506132888 0.054898422891967696
0 0.19783382538037422 0.37751137717069144 0.3747421082190038 0.04777603586489497
0 0.5695057404346955 0.9162608534571929 0.11017893051960058 0.054201860628182684
0 0.924480490900826 0.9160565741118316 0.12875998231786243 0.054560068228835135
0 0.9245034844212278 0.5411903968971297 0.1307787171012081 0.05270139037386617
0 0.7982811260035289 0.22016696942072625 0.11781970142612795 0.054763318018728115
0 0.6821493716870068 0.7557514465060073 0.11289649978427022 0.0527200777768937
0 0.6820695263864492 0.5942980148927335 0.11395883654231385 0.05287761918911124
0 0.5700863268248427 0.48751642626611236 0.10922650519677637 0.05227849560888765
0 0.683081120899208 0.968638458349081 0.11333861341608112 0.050656537809317316
0 0.4496113553319927 0.08419645249957419 0.12639351568278476 0.1103061479341445
0 0.9236859504052639 0.7016188186266709 0.1290198933678501 0.055191166305299175
0 0.19719034915374817 0.2741045645283408 0.3776868212622769 0.053012180146254376
0 0.5704067312989244 0.5412747621688017 0.11014287523499137 0.05251696396602482
0 0.7991134372688609 0.9162864952160248 0.11620828903168146 0.054260603566597704
0 0.9237455710386618 0.6480918218951404 0.1306160168770032 0.054749467583843886
0 0.7988013694507365 0.5413831957277411 0.11634835689025519 0.05251540992003501
0 0.6825586503309141 0.5412601735620723 0.11243343917575814 0.052580252488960054
0 0.9234627567569649 0.22008801417165622 0.12954007662259615 0.05500079567154679
0 0.4517207851071329 0.2744464740716751 0.1238354865380763 0.05296711281254973
0 0.6813437557784764 0.7006679755878024 0.11285821737857495 0.056019006604073836
0 0.45164312178331484 0.7028249525705165 0.1229440662752712 0.05045917396861076
0 0.6818605080629007 0.3810265709229293 0.11295296031342456 0.05393841098175923
0 0.6821582500751201 0.2202186900138248 0.11198560726007767 0.05472860451643062
0 0.4517918874526165 0.5411342181345978 0.12518424912552392 0.05250721232743873
0 0.920853834885816 0.08284396131308537 0.12981816579604283 0.11316090148939048
0 0.682267228527182 0.48806906444566556 0.1114321375739645 0.05321826607007876
0 0.6817013892901719 0.6480222783370962 0.11338929546890411 0.05513533720311505
0 0.19687518565612433 0.8084389281682647 0.3754816619602181 0.0523807518350175
0 0.1946227853820168 0.729558506531317 0.37714742485588104 0.10139660535318469
0 0.7993809927614953 0.1663394493331278 0.11662999741894725 0.05148686458167569
0 0.5698504325671073 0.1672951973296517 0.109724417240662 0.05288498148198799
0 0.45116093502007054 0.43627282815856744 0.12188657501040126 0.05060847893708227
0 0.6825459497214774 0.9163255794726686 0.11339302740153476 0.054220198370862505
0 0.45231860158946624 0.5943761057037218 0.12481508875739646 0.05343684263854631
0 0.19617482120468752 0.0812398923335413 0.3822534846130909 0.11720634000221616
0 0.19695716967008994 0.6487719763398865 0.37665360542914333 0.0543277519368146
0 0.45242435974482254 0.48811813344779403 0.12474851589466222 0.0523197166787675
0 0.9239808633717794 0.16618970243282793 0.12838034846138438 0.05194945550890655
0 0.19679380309652292 0.43300610693452624 0.3752890507850421 0.05825081090119748
0 0.19725965324943587 0.8625656506728397 0.3753659955613477 0.05502698134647518
0 0.19728118616213222 0.5944409094214971 0.3760879157327806 0.053360461278146885
0 0.19626110992017817 0.1666970595973529 0.37721272145032414 0.052658760949808044
0 0.6823924288476948 0.1663592342811356 0.1133507121008999 0.052171402414614494
0 0.19720997354217773 0.9699283942229273 0.3793111717442319 0.053320638849657855
0 0.19768155679194888 0.541327347199982 0.3758959008391793 0.05206671799162556
0 0.19627465604560146 0.9168602101443151 0.37812655776210086 0.05260049393797741
0 0.19580503775053004 0.22024750785414846 0.37606387589810164 0.05416881772532424
0 0.19724750330697383 0.4881371705111692 0.37286630513870267 0.05187432709808641
0 0.804179896969767 0.0830814332605443 0.12099431205313117 0.11210385081783775
0 0.5709990251228889 0.08333885586238984 0.10608831100915311 0.1106011568551455
0 0.45289795403414695 0.16813509605402857 0.1245679385093072 0.05541128720696909
0 0.45078712478427024 0.22100232741697667 0.12534598627034024 0.05396057556268897
0 0.5002979125575279 0.015625 0.9736980878807802 0.024305555555555552
