0 0.14561985145743275 0.5659462261597867 0.28607642958699825 0.5134662951812956
0 0.926191113815156 0.11554934849162095 0.1452677368406747 0.21276020705285423
0 0.9207166061249689 0.9529510625380303 0.14386362489127733 0.08959536492741656
0 0.15162626365070078 0.14176821277602492 0.28400080815461237 0.16164373257229822
0 0.7802625166966949 0.9533092514695974 0.14111158245837474 0.09055401585861439
0 0.15315450446506143 0.8663238398057197 0.2839751527987228 0.08330135849487136
0 0.5021098536952115 0.9527195279223531 0.14199917074700236 0.0889930778153251
0 0.5018260948226656 0.35730096129946654 0.1401173949952628 0.08579512000581319
0 0.15289444572645913 0.26668274817115245 0.28306434168730293 0.08772570698914509
0 0.7809772529374535 0.1414855272614077 0.1432158392418924 0.16168122165557905
0 0.6410659881045757 0.9525383324550156 0.13789485984483724 0.08890997153164117
0 0.9200490416873757 0.6970278510463751 0.14138326777615556 0.08493971526208276
0 0.3621252526345832 0.14192406093294996 0.13824547830206263 0.15882866107372978
0 0.5009435270700018 0.14267261701432654 0.14368943807855988 0.16096297092994827
0 0.920611918091063 0.5281342571401795 0.14312252704476267 0.08664568607929851
0 0.9218707226853722 0.7808854443970575 0.14512321821026963 0.08531789554176808
0 0.6408933180700952 0.14237622458679453 0.14153088063416377 0.1610810567672793
0 0.15091165254414673 0.951686302047114 0.2791900047014058 0.08899503026121348
0 0.502548111598961 0.5274375947360701 0.14015118881437935 0.0853611040181676
0 0.7793796304206013 0.7808646466038986 0.13837385841202784 0.08323064599813108
0 0.5019223344017923 0.7816604805257954 0.14117850271418364 0.08593537777620827
0 0.3628290680720365 0.9527725410726704 0.13497330227618662 0.08882678035900557
0 0.6404614002993756 0.7814638352692542 0.13848846617560265 0.08554650148861268
0 0.7798467981175448 0.5277995612259866 0.1410022530830641 0.08634598563543115
0 0.9195865153318371 0.2689471821791605 0.14243900610011803 0.09175262663394253
0 0.7793058239915973 0.2689488799581939 0.13956574275052808 0.09167304324175288
0 0.6412144503583964 0.5278657958305264 0.13981789196461855 0.08669891145199497
0 0.6404306097011679 0.356915905014696 0.13853293811350645 0.08537933392053851
0 0.36295952616818616 0.5276403732193694 0.13707043020199117 0.08577099032130128
0 0.7801513368519353 0.6968367660161683 0.14145904601686754 0.08482918984700975
0 0.9203691425664761 0.44301009940835795 0.1420690942237202 0.08585142260300765
0 0.3627807435174112 0.7823380641380172 0.1358620129807095 0.08670837657010605
0 0.640720344679967 0.2689779119796647 0.14007550158036158 0.09109736881600965
0 0.9203335589490402 0.8669054989025555 0.1414166975684953 0.08557247750782336
0 0.6409043298800944 0.6967896738702299 0.1402800239578156 0.08487413854691846
0 0.502285435943907 0.6969560349932632 0.14166899846040942 0.08508674292637343
0 0.502012264183454 0.8667306701065933 0.14114498191514974 0.08557663706645516
0 0.7786617089455455 0.4428820656470032 0.1375072319986332 0.08381404531847618
0 0.5020003878098596 0.6118085964664465 0.14047562767923708 0.08522052791420374
0 0.5020239130403128 0.2691366224859288 0.1411461953377392 0.09151678390396817
0 0.3625868234198326 0.3578882230671125 0.13637034603900036 0.08684197055779512
0 0.9195358246031623 0.35747438942772625 0.14120671478938868 0.08593408321969533
0 0.36191164475549054 0.2668783747602736 0.13562166430130157 0.09052619350470488
0 0.36154343167071784 0.4428443112857485 0.1387488363277367 0.08199822819780075
0 0.7788027996571353 0.3554962858536976 0.13875517646076665 0.08580984823892775
0 0.7801728447673335 0.866662546722879 0.1413657944908673 0.08522816791985396
0 0.502340419154992 0.4428476431771014 0.14127909544685016 0.08582939392004957
0 0.641997380948683 0.4422704407502282 0.14226360586481113 0.08469171218978183
0 0.6408491494878387 0.8669185718011128 0.13966208850413145 0.08566704379998262
0 0.9225747201362141 0.6123535198694476 0.14592462315948063 0.08386896847020602
0 0.6403700599139538 0.6118926153063609 0.1394386367342818 0.08538381181273906
0 0.3627049501089168 0.6971232025613374 0.13661764156273298 0.08460928501771123
0 0.7783937549022274 0.612175953404794 0.13972834137751616 0.08420050227094925
0 0.3613240145309782 0.8659994366769168 0.13770329075352572 0.0851100873880824
0 0.3625292616857449 0.6121863523013734 0.13690676983023733 0.0853038888647427
0 0.4232540132109293 0.035204906192679485 0.8465080264218586 0.04504355488770912
