0 0.4986663876710385 0.07366435499076383 0.1441178914465822 0.14340262355574643
0 0.14737373647452767 0.9564977806734751 0.27421250899480815 0.07689510483339608
0 0.15119454099388924 0.7237337043486446 0.27942702783909174 0.23465958560805722
0 0.77950177457091 0.8013339858457268 0.13934728793842616 0.07596089926110693
0 0.7795891260325796 0.8783040977386106 0.1383599888526231 0.07719910403332078
0 0.7809043286179493 0.07377531327396991 0.13893562156429254 0.14351353243172887
0 0.15100024808661205 0.25854246759989175 0.2787376370986151 0.07486180684652673
0 0.4978965773865096 0.8786573662815325 0.1422506299575018 0.07809065853256777
0 0.6389293488307392 0.9568960166839233 0.14236088419051746 0.07997282097138554
0 0.639499642425012 0.07321370710809547 0.14048309034416825 0.14362170437732374
0 0.7800522288218511 0.18203557945159546 0.139129346916826 0.0771977252270802
0 0.7801805718679045 0.9578094482421875 0.1396095173764639 0.08171305828783887
0 0.9243927877218272 0.07263911732708114 0.14188689893791825 0.14486991899559296
0 0.15012522865207883 0.07300946798669286 0.2746183229450058 0.14601893597338572
0 0.14960446275670944 0.18258774539074266 0.2731176762918213 0.07397323056875942
0 0.4983973019893493 0.9572507927216679 0.1410985184445208 0.07976875764777862
0 0.49786220864173786 0.8013315591467431 0.14307979780674893 0.07627975280026356
0 0.15145828664644728 0.41201409029673386 0.27853881059139685 0.07344952319041792
0 0.7802869749342733 0.7235404876341301 0.13929576399677343 0.0799267136907003
0 0.6388015309437739 0.878680052240211 0.14172690046904876 0.07798807534826807
0 0.7803845669981626 0.25946316087102317 0.13984548886009202 0.07843523140413215
0 0.4983079082423369 0.18202547739787275 0.1417996641782684 0.07691168727644955
0 0.1493241750487406 0.33702888029167455 0.2727247378566297 0.07352598259247929
0 0.1489925120118471 0.87872314453125 0.2732880502996208 0.07758847891566265
0 0.6386593587083981 0.8014930817018072 0.14101846085907624 0.07620864316641567
0 0.15110389862644058 0.4912145591643919 0.27862737374825414 0.07281858145472515
0 0.6390403032758725 0.18196945190429686 0.14249456635396748 0.07710260598056287
0 0.35478842098899827 0.6858132419815982 0.1411605747434423 0.1551555955266378
0 0.355033232650611 0.9571346420839609 0.1414940507644449 0.0804431593561747
0 0.3548672677909894 0.8790995402508471 0.14188118053895793 0.07922914803746235
0 0.6389220257790094 0.6459384044968938 0.14248791433885039 0.07684407061841114
0 0.6387224069744861 0.7235289056617095 0.14249106529337954 0.0803502094314759
0 0.9212121325286807 0.7238139324877636 0.14254964970721798 0.08105630529932227
0 0.3551793581669006 0.07365414047815713 0.13699060735465463 0.14582765389637775
0 0.49818799691719945 0.7231769607727786 0.14094085401604325 0.08109513248305725
0 0.780424916721439 0.33726406786815233 0.1405548620862213 0.07754250032355986
0 0.1483255148389827 0.5689540449395237 0.27217246925397764 0.0782160747482116
0 0.3554811350018299 0.801623351315418 0.1423489514090135 0.07623460149190513
0 0.35541878694785944 0.1829283197242093 0.1412490348742979 0.07747821118458208
0 0.9214937636774766 0.9577789306640625 0.14396145238931046 0.0809375441217997
0 0.9204107981111078 0.8789363998964609 0.14227831751165154 0.07917671663215362
0 0.9207627130512069 0.8014860957501883 0.14242781279875716 0.07664294874811747
0 0.4980438845107477 0.49082351133047813 0.14213853766767745 0.07806050863610693
0 0.498349162406265 0.25945406074983524 0.1426155279972813 0.07896013374788215
0 0.7804207737997432 0.4137056465608528 0.14102026974038 0.07645701213055346
0 0.7802880252524497 0.6456217570477222 0.14039976510217494 0.07637843855892319
0 0.3555209741537703 0.26008924920874904 0.1412506395270674 0.07974204557487763
0 0.4983537283727817 0.3371954033173711 0.14250626573143224 0.07763511933476092
0 0.9215749882831173 0.6456036671098455 0.14284904873849785 0.07639446947948042
0 0.3554663138453409 0.5687290237610598 0.14169827929874224 0.07803076318947666
0 0.9234975081784775 0.18197185562317628 0.14440614543499045 0.07554735850138837
0 0.6390055844250419 0.5690105392272213 0.14290302342256214 0.07842598421027862
0 0.4982111476803373 0.4138553849185806 0.14311597543282445 0.0768960608057229
0 0.6387478771902635 0.4908356632094785 0.14273456405727175 0.077712792086314
0 0.6392341453304254 0.2593390775014119 0.14263367516132888 0.0785933529038027
0 0.4982711325184108 0.5686002800263554 0.14192164696425372 0.07786997599774097
0 0.9212041676158431 0.5690088111233998 0.14152273028576123 0.0776611328125
0 0.4979876633128062 0.6459551891648626 0.14061190019830008 0.07662239534309112
0 0.6390335053832308 0.337238431264119 0.1431046261614185 0.0777975427099021
0 0.6388057322164795 0.4138152340808547 0.1426629673682481 0.07634961231645332
0 0.780352503118278 0.49074907417756963 0.1413042057540631 0.07816504053322666
0 0.9206407594407267 0.2603124687470586 0.14182679739782506 0.07898359183805535
0 0.9209430176714867 0.49119115622646836 0.14149116238945986 0.07785901908414909
0 0.35573468472716 0.33734249436711694 0.1422209584690189 0.07861774858221951
0 0.921237631919963 0.41414436432252444 0.14214831146181883 0.07671424222279744
0 0.3554221275431704 0.4907819816865117 0.14192651927357194 0.07786368864128389
0 0.7806250023340404 0.568975738157709 0.14130840702676864 0.078360205960561
0 0.35547887390020017 0.4138777399637613 0.14193007868516969 0.0765833843185241
0 0.9213054066178448 0.3374749608786709 0.14181296820850262 0.07784717973456326
