0 0.10808020318313978 0.5786814023966124 0.1969830157684157 0.07186707064636752
0 0.10864073549941634 0.4275294681559941 0.19733093716100972 0.07149629511384882
0 0.10789276160031473 0.7292620667025573 0.19781853683767556 0.0713829192680511
0 0.10912004534227365 0.27689343096523883 0.19692594522914728 0.07149244781233306
0 0.10856395910321179 0.35185350380052527 0.19666106482952256 0.07170265828102743
0 0.10849730294827278 0.10966719385565517 0.1969940517087392 0.10488781833920385
0 0.10906725775171845 0.20012439825595954 0.19727646412941888 0.0736489798608329
0 0.10760647999612909 0.879364622284544 0.19810790368394507 0.07212581797542734
0 0.7987284145196719 0.27622731526692706 0.12898546044516102 0.07638875847188835
0 0.5342185741646468 0.4263936882345085 0.13141401718858206 0.0738559299045139
0 0.403507169263845 0.42701456010171834 0.1315864922267248 0.07468120868389423
0 0.5344377343344227 0.2757786047085058 0.13157007106453428 0.07517698891142495
0 0.2725451355825831 0.2764677933478288 0.13118648793228446 0.07661831412899528
0 0.40345554932993205 0.27611847141189794 0.13166487844366775 0.07603865403395432
0 0.5342938325411726 0.577536188978755 0.13146503480187413 0.07379432960792824
0 0.7990515119811503 0.4271915577076099 0.1295300428226714 0.07493165279725339
0 0.5348189715863596 0.8804937505889722 0.1310114979413738 0.07651874004902694
0 0.5344127961473122 0.7282945247117611 0.13141401718858206 0.07294692341079059
0 0.9298468507888243 0.2762340752147881 0.13229598365001732 0.07653608621015848
0 0.6682940242693364 0.20059598069584947 0.1309478421620715 0.07545204923363492
0 0.10832290537139386 0.5026926546015291 0.19629912032975386 0.07275629722834313
0 0.6683771233809622 0.27630573935658165 0.13131371495466154 0.07636341410145121
0 0.40336554994873725 0.200481028977962 0.13125794217857298 0.07515698076992633
0 0.9297311629615002 0.20067364401966756 0.13197685939123097 0.07537653779032563
0 0.27261759369657307 0.20081952086880675 0.13102969436434167 0.07531592648932736
0 0.4034756900861322 0.5024967900028936 0.13152484418282548 0.07520348529870015
0 0.79881311981962 0.35203802212011437 0.12948929636101975 0.07508832708722846
0 0.7989217911400622 0.20061376631429734 0.12874191157375348 0.07540704450036725
0 0.1082496735527905 0.8048350016276042 0.19723388428833347 0.07360135591947116
0 0.7989324004366126 0.5026903070955195 0.1292346732438106 0.07531873045483885
0 0.9300001572373832 0.4269497863247863 0.1322277629144304 0.07513427734375
0 0.6684896199656986 0.4273614475869725 0.13141520069576695 0.07483297060018251
0 0.27278515506649287 0.42715819269163996 0.13100710205754415 0.07502568345463853
0 0.4034850313392703 0.5782012070006455 0.13170228572433346 0.0748992659087874
0 0.5358472279894716 0.10979379072488203 0.13349381972548044 0.10554495700064548
0 0.93000768096163 0.3519527402698484 0.13225194027549342 0.0749692781019075
0 0.7988202631308432 0.5784141127540176 0.1295301273588989 0.07518970456897703
0 0.5346486522220179 0.19906341248428042 0.13163431859742902 0.07562488436359285
0 0.40363228288053477 0.6541372228551794 0.13181862870742078 0.07517370675024483
0 0.4032760894859927 0.351426279442942 0.13150626734683388 0.07512858246806
0 0.9299881530930791 0.5025504783347801 0.13229640633115478 0.07544684342169694
0 0.2727175366515268 0.5782529173413573 0.1312629720841088 0.07470681388833245
0 0.27277714525893787 0.5026624413297387 0.13115520952811202 0.07516309950086805
0 0.27208534304124826 0.11008119175576755 0.13299928279464596 0.10489801260141225
0 0.2726559837108834 0.6541131826547476 0.13134672635149758 0.07524743582788017
0 0.2725635750472051 0.3520472491229022 0.1309439746296637 0.07514368910395522
0 0.798975218035838 0.6542652706135372 0.12905959871667244 0.07523243787281873
0 0.4045863270429363 0.1100821726002924 0.133380160767616 0.10516418826546085
0 0.9300824532548476 0.5781560827184606 0.1330150488010734 0.07490917760082799
0 0.9305185756524844 0.10961016630515073 0.13394241121667244 0.10947452447353263
0 0.7988967261486105 0.7297705408514734 0.12945024062391794 0.0747055531906606
0 0.6681067976594961 0.10920987305817782 0.13138755734937674 0.10962922077233296
0 0.4035873201745369 0.7296813790954415 0.1316273866267746 0.0746891206485933
0 0.2728444255289939 0.7295583741277711 0.13089346423373657 0.07454127124232104
0 0.5360153494118984 0.5026470521236757 0.13217239168542244 0.07512562634938123
0 0.6685859067288132 0.5782726320446048 0.13132170362815962 0.0748527505119302
0 0.5358826064006774 0.3516194487568999 0.13189777575041117 0.0753605073673433
0 0.6679750479489482 0.3515008888353309 0.1317175022452822 0.07510708539913862
0 0.6685411870644693 0.5028685219267495 0.1310194020786444 0.0754883160278668
0 0.40350949401010106 0.9550618228749331 0.1312899391406791 0.07257314828725961
0 0.7976080981648199 0.10963527429477442 0.12915478650882964 0.10542500596440416
0 0.6683777362686115 0.6541231595552884 0.13100257936937326 0.0756687262119391
0 0.2727335668336652 0.8047132790937723 0.13106205060541465 0.07525260903556802
0 0.10822007035284492 0.6540562991063479 0.1963251931515427 0.07407007461939102
0 0.40376065114198306 0.8047443183398992 0.13187011126996406 0.0747081615306713
0 0.10706065269058102 0.9565108861678686 0.19675937782033992 0.07121463786502849
0 0.40395740921147305 0.8797071408002805 0.13220977783203125 0.07429899992766203
0 0.9305739046133786 0.6540855342506344 0.1328502876936894 0.07546462360610309
0 0.6683160036884846 0.7299260848607771 0.13133315828698494 0.07504046404803241
0 0.5362408920668499 0.6541317670773236 0.13250216750887292 0.07536337654135505
0 0.7988418198688539 0.8047907467920895 0.12951034588166552 0.07491004704749822
0 0.7989841788759523 0.9550758209663239 0.12950780979484072 0.07248794251357728
0 0.9303931238908847 0.72959556470909 0.13235245384998268 0.0742996085403312
0 0.27268900567474785 0.9549997443826789 0.13152051170116646 0.07256288881655093
0 0.9309492877315617 0.9551218581675124 0.1332531028176939 0.07282728754896724
0 0.27276207667638713 0.8797426576967592 0.1314159615218144 0.07412119808360043
0 0.6681955606983639 0.8051214408331109 0.13133599025060597 0.0756420341991631
0 0.7989031931700139 0.8796608427650908 0.1294203993356129 0.07430604244569089
0 0.930933225848338 0.8798411225321626 0.13372768919884004 0.07456574616608797
0 0.6672570817688497 0.9551402034922544 0.13112490329055576 0.07252245954638532
0 0.6684429348340655 0.8799977968221377 0.13108166301019303 0.07467616589320691
0 0.5347093492333578 0.9568019334407275 0.13108255064058172 0.0722568435886307
0 0.5365307245228099 0.8047173654931224 0.13218439582972646 0.07526112961293625
0 0.9307686338134089 0.8048486954126602 0.13301657045316828 0.07501064202724358
0 0.10517357293918853 0.9980739582637775 0.19301382854704713 0.0038520834724448004
0 0.86536450436753 0.03022672959805493 0.26159761876116994 0.050907135009765604
0 0.37136426592797783 0.03038194444444444 0.7241603185595568 0.04513888888888888
