0 0.7840477119457592 0.9725816690448241 0.13734211988021638 0.0431739925720531
0 0.784171621803154 0.6647147275829149 0.1351474013173783 0.04382561401999676
0 0.7839503104019754 0.3126186575090741 0.13535531705829792 0.044461291482823295
0 0.7844375775438925 0.8851168143316872 0.13630843715284485 0.04306984277175086
0 0.3775462131411805 0.9740855162625486 0.13582529719498648 0.04535122938930268
0 0.6476229353702787 0.35656536675487777 0.13613467091202183 0.04249799395678164
0 0.5121221055940277 0.9725826177778226 0.1348884028297672 0.0430160812351576
0 0.9219935798939817 0.6217018878521696 0.13764323922913446 0.04310968955769646
0 0.6474366696577352 0.5329277288934317 0.13547318943501255 0.04512775006071891
0 0.6471367766720804 0.5771741587057426 0.1347561442686196 0.04374523525205096
0 0.7844394406726961 0.708775601032896 0.13588378528907458 0.044006558485805265
0 0.921194274053323 0.4003932735462881 0.13439299923927744 0.0448234439513844
0 0.6468061066853024 0.8410153825460115 0.1351438165632245 0.04382819668204879
0 0.7845039426635555 0.4002999155838461 0.13448238225403303 0.043945417914777636
0 0.6466191098715828 0.8852926198270858 0.135089715076193 0.04342155917732621
0 0.6472364186872102 0.9726691633102601 0.13542993654607804 0.044261873077234455
0 0.6473735119496837 0.708608940269457 0.13544960552610608 0.04405315181751943
0 0.7832040211885384 0.22415846987709478 0.1352785278508984 0.04350271537925707
0 0.7846507524964982 0.35661613714715573 0.13552549854496715 0.042590996144349094
0 0.6474662910473218 0.6209711262599175 0.1362209880186196 0.044018944722177246
0 0.6473544561512871 0.2678965171589958 0.13530649836686148 0.04361143754553918
0 0.784010685208776 0.5773042932487317 0.13544512458341385 0.043941728397560456
0 0.7844006923103628 0.6211167040678297 0.1370908569147266 0.04326607238031628
0 0.921079514752584 0.9289529698294473 0.13535324167431415 0.043633495587759065
0 0.9224370045492417 0.3568263869211464 0.13681638738287288 0.041058739644052246
0 0.5119331513158689 0.3125709968527364 0.13418248926837809 0.04444308107998705
0 0.9219795238842735 0.6650133676479518 0.13701081312789798 0.04410264405561852
0 0.5124901796603314 0.35652666635463887 0.1345872363130313 0.04242386101441062
0 0.7839756631040499 0.9287383980495737 0.13512046849340706 0.04380837870385364
0 0.7844527655812285 0.5330299285203476 0.1355103576754492 0.045304846887143785
0 0.647078312161901 0.3125315058416653 0.13440762126279945 0.044802940777134606
0 0.7839758281914122 0.7973375073368686 0.13455204912094282 0.04410248593345207
0 0.5123080647157554 0.7085425289595477 0.1347812847155139 0.043569930476845854
0 0.5122320301934409 0.1797911556685321 0.13389254869228168 0.04350661572602952
0 0.6471478139414485 0.6647104846381153 0.13457407649186148 0.043515747281142055
0 0.7836965003743238 0.17992297025953963 0.1355746474111283 0.04386074349464324
0 0.6468212003870025 0.22415824587069236 0.13457648205056993 0.0437139402399409
0 0.512276650949092 0.6211187069486048 0.13429413549314143 0.04372441583346826
0 0.511776247569914 0.8853020017422955 0.1338220799724691 0.04325922041977008
0 0.5121950742081844 0.4002023410302988 0.13401400582315012 0.04373171580681941
0 0.9228343462464983 0.9732144212475713 0.1416429758440398 0.04472938761604059
0 0.6472454513243214 0.4882820669645267 0.13455209628876064 0.04363259956214918
0 0.7839579280045522 0.26798621195791505 0.13549252824031588 0.043891076596907386
0 0.7841810081988987 0.4882754258335358 0.1348292072184119 0.04345855976427569
0 0.9204870397930351 0.8854578838447215 0.13495693766904945 0.04327508534380397
0 0.6471906659039316 0.4443123114129628 0.13530069672527048 0.04362888369123759
0 0.9216431701754492 0.4441243305107473 0.1359271796814625 0.042415506893283134
0 0.3771747076161309 0.6217062625654415 0.13633492188254684 0.04178388789939551
0 0.7849105292531032 0.444356322082625 0.13590402028291634 0.04416027958528983
0 0.5118974924456023 0.752557151675842 0.13373873443839354 0.04457453330769646
0 0.6469361247751039 0.40044802334642166 0.1343234267080033 0.0441050685955041
0 0.7841340998040838 0.7527998692013439 0.13471322155440976 0.044531629493199484
0 0.6470409788341022 0.18001267164688245 0.13466454436642677 0.04331402292729248
0 0.6470941841325951 0.752629808811326 0.13433710537516905 0.04441688550774504
0 0.5118009870903569 0.7972684606575184 0.1341298499836988 0.04410248593345207
0 0.7836751805206723 0.13613524626367862 0.13698458782119396 0.04290129771916154
0 0.9219722600403304 0.22362496568748988 0.13810378580226043 0.044509321090882716
0 0.9202689358034679 0.4889823636860428 0.13344002064818392 0.04663981963109889
0 0.5120781923556438 0.6646091283294203 0.13368486879045113 0.04372995010929404
0 0.9222894636151225 0.7090799071422306 0.1383985846635916 0.04459630145927785
0 0.5121145115753598 0.22408880388592603 0.1337066603222807 0.04370592871684073
0 0.9222647948464064 0.1800452777552893 0.13753814933104713 0.042695593957456285
0 0.5117413669686414 0.8409060147142163 0.1338522202080516 0.043614731757340236
0 0.6468423787372006 0.7974199153392837 0.13487448832351237 0.04464321103532491
0 0.37713967371945034 0.3126572524945353 0.1354152201869204 0.0441928791052731
0 0.512444615548324 0.26785825159471477 0.13420300726912673 0.0435672687537106
0 0.3771376337113299 0.7093188824431267 0.1362243605175932 0.04287909473162241
0 0.6468393128290427 0.13632909745132368 0.13519985193078632 0.042990491797886984
0 0.37721227678301894 0.9291139381948942 0.13469852877916103 0.0435725658462867
0 0.9214906766204598 0.5773028174418449 0.13519881423879443 0.04436644453664724
0 0.5121076722417769 0.5771665161343642 0.13359062749046077 0.044000444428702504
0 0.3768745198316147 0.8854217002222985 0.13478972775490244 0.0432365562425788
0 0.5119186236279826 0.9287179475827126 0.13322290718279076 0.043202665391569514
0 0.3772941247388789 0.7981784010180536 0.13558714688284873 0.0453429016218696
0 0.5125171596521203 0.44407670938495114 0.1345909154028207 0.043577968353640445
0 0.6468164364374034 0.9286727246431077 0.13413470826893353 0.04334982442114636
0 0.3769790201319793 0.8419782411249191 0.13465402594305448 0.042212293555699484
0 0.921170548640963 0.2682787116121546 0.1361128322123744 0.04419988918798575
0 0.783760790110003 0.8412755725709061 0.13492759928636977 0.04354341866027094
0 0.3773507025363457 0.7530168391674088 0.1353211675582013 0.04468200367349417
0 0.3774012428531322 0.17979406116334062 0.13509348850161804 0.04273032812668664
0 0.9216364251775019 0.7980150871738044 0.13696024922720249 0.04482895187351576
0 0.9214683662426342 0.31317055657737614 0.1355437996582786 0.04623747777856488
0 0.9225636973078873 0.7534917590943437 0.1370875079996619 0.04473033634903929
0 0.5120933568090708 0.1363398234049479 0.13440988531805448 0.04284238403531142
0 0.37735000681103287 0.4004862625570083 0.13612299687711313 0.04405794818990176
0 0.3767369548909631 0.35738123760322216 0.13736127001424844 0.04205580531830203
0 0.9200738025411755 0.8417561321884445 0.1340051854412191 0.04303800750890544
0 0.3774947530519465 0.44482610303915027 0.13643838449091963 0.044119800310678435
0 0.3770931308752234 0.5774810474771293 0.13584772549235655 0.04525240303527094
0 0.15942698099882194 0.179421617577113 0.2972703753888515 0.044118904285068546
0 0.15964722043764096 0.7524225370048034 0.29636397280685683 0.04414349228195165
0 0.921180925560882 0.5337887567971449 0.13525362324309312 0.043358995506800516
0 0.16045225532567117 0.9730975689665641 0.29456424123537045 0.04595673187203151
0 0.9211614452521251 0.13589142188301154 0.13615877366692428 0.04406768587998569
0 0.1580398103000576 0.5995436752398396 0.3037342306635295 0.2616972980927515
0 0.15963769364393843 0.3571132073542409 0.29451786937448304 0.04290842639349903
0 0.15825769263773096 0.1359113452759843 0.29820349264366 0.043012141357843536
0 0.15924917748759296 0.44436775958599817 0.291668592685894 0.04493043995068275
0 0.15981999983927567 0.9283504189604923 0.29737406425535035 0.04288441817789292
0 0.3773349956530139 0.2243120065007185 0.1357952041272218 0.04519557129327909
0 0.37624520680635387 0.26905376058786024 0.13802779844776372 0.04279183764943599
0 0.16003160535644345 0.7969070197387061 0.2943528026480579 0.04453410674047389
0 0.37673861755654103 0.6651188614866688 0.13548009952032217 0.0444469814267595
0 0.5117249054002246 0.5100828180659002 0.13426163686666828 0.08761939277714809
0 0.37631851738718963 0.05664479701630192 0.13854558316780574 0.11325788436158334
0 0.6471415170377705 0.07344997485066942 0.1364793261567813 0.08342369685724815
0 0.16034820385657284 0.39946397639720965 0.2935766871598257 0.04489019785932103
0 0.783846281779789 0.07345484698992319 0.13819760259189046 0.08222263382300606
0 0.5126884259985993 0.0577604231233218 0.13708543261567813 0.11372944069238113
0 0.3767360469104702 0.13656143820965227 0.13691480303473966 0.04240626992339297
0 0.7200607700731138 0.015154757853822592 0.26218651324925135 0.030309515707645184
0 0.9202368145195373 0.05736299747012439 0.13544304919943007 0.11331460471803866
0 0.15882726467374306 0.26703290659323053 0.2945108715865122 0.04493312802751241
0 0.15872796646778514 0.8849934263344668 0.2965179764690134 0.043832940347042305
0 0.37572574762877947 0.5103745271093075 0.136907657110341 0.08722382382407706
0 0.16000522638583292 0.22316282730234305 0.29537452907061096 0.04397829414855219
0 0.16030727693065427 0.05643426898435813 0.300862434658422 0.11286853796871626
0 0.15912490465910026 0.8409557177818708 0.2936615929168748 0.04437445605974741
0 0.15788531045456758 0.31248364753261954 0.2952424230678741 0.04491615624831336
