0 0.9272664753282092 0.07358868255753198 0.13103382377693 0.13767550263223768
0 0.7966188605426672 0.07326910400907989 0.1260968795584605 0.13691148576857168
0 0.28074882959335024 0.07387980414557845 0.12785109240876066 0.1382599635753666
0 0.541010392632476 0.9502513533690522 0.13076475407105587 0.08340034691808883
0 0.797502884102895 0.35627626553582026 0.12865246647778278 0.08584420892256725
0 0.4104590561488372 0.9500981308452476 0.1296724494098547 0.08345227646784585
0 0.28162758654281095 0.9502977919621665 0.12757874904885969 0.08370149415828436
0 0.7980712945414189 0.9504677908761161 0.13018420782722734 0.08373300507529952
0 0.797465052168074 0.7811703673323067 0.1291975641165002 0.08568629563178119
0 0.7979676060017392 0.5256784725361663 0.12944110206042414 0.08454682555379747
0 0.5402793404871943 0.35608668956791084 0.13168071972831574 0.08567790743670885
0 0.5402057312121297 0.7811035928846916 0.1318803167428748 0.08564413391444395
0 0.6680658090478429 0.07317891064862876 0.12734557995890372 0.13866581796090813
0 0.7976288444477951 0.18525852389620184 0.12881792982776033 0.08553399746499915
0 0.9282172869095041 0.3557655789752981 0.1308929059835054 0.08518341781864545
0 0.6692040544437978 0.9499502061288568 0.12435200826483954 0.08323136893577644
0 0.11048039927730864 0.778533571277682 0.22096079855461728 0.25703343525569167
0 0.7977346971604297 0.6101083600283963 0.13004235861759425 0.0860433457772943
0 0.5405798591874018 0.6100204495366185 0.13128722377482607 0.08660469262121383
0 0.5401587220881957 0.18527243064066387 0.13089542628618717 0.08643669418141812
0 0.9290296736054617 0.5254572062983867 0.1319389959640092 0.0842463405395287
0 0.9284104735889811 0.7807272830018083 0.13134743709324506 0.08526346437754295
0 0.5402762722926251 0.5256054897204876 0.13107968232790057 0.08453308436581713
0 0.7974280146764896 0.6963900519538313 0.12965056112895534 0.08408790298655063
0 0.539652853508612 0.09011984647505969 0.12849587897638015 0.10442904839679518
0 0.9281275696129516 0.9504695844046677 0.13040325500378702 0.08399121800124322
0 0.7976608413340159 0.4411593363039317 0.1286649584128142 0.086331552019171
0 0.40991604049929165 0.5252030219134973 0.1305095186353372 0.08492181098482708
0 0.40960767324779795 0.3555900891047059 0.131217751083511 0.08470120697297412
0 0.6690694374070776 0.5253387782284838 0.12546313301237097 0.08479245618713267
0 0.4097008833551321 0.7804892955593777 0.13070314362832416 0.08484565500324931
0 0.797771351127693 0.27135677234173683 0.1296571906207922 0.08404494107955188
0 0.9295489381416909 0.18547344380218342 0.13278740655155968 0.08637794922316484
0 0.4099040142723645 0.08981277886609704 0.13144701644376963 0.1047737128480218
0 0.9293463003271571 0.6103432846759155 0.1328032406271039 0.08643273462223101
0 0.5408607085688538 0.4413877214704241 0.13189132936981038 0.08681127951761698
0 0.11066480598929113 0.440432363996454 0.22132961197858225 0.2554325152047073
0 0.5403531141298249 0.8663717204364687 0.13121846334296455 0.08696102535530628
0 0.281458623533403 0.35529832339847284 0.12775597837711794 0.08454111385517914
0 0.11136913920219324 0.9509656744020542 0.21421287089746774 0.08484576537423712
0 0.28194688423745723 0.6100604866124406 0.12844504830653192 0.0862804778445694
0 0.7977106447065755 0.8661687757826627 0.12877135901733616 0.08626673665658906
0 0.5408101655422465 0.2714033557967726 0.13087307229718356 0.0841525941817713
0 0.5407567460832304 0.6963348388671875 0.13180996742453996 0.0841167649998587
0 0.28220858479744654 0.18505365464829623 0.12803648532614031 0.08639159383653086
0 0.4100017855796608 0.185199137406582 0.13053044810543368 0.08520469182654272
0 0.1115384905513784 0.18416013941842435 0.21609291118608132 0.08495082475824339
0 0.6686246861675269 0.7803269398363331 0.12617588556861534 0.08480393476986324
0 0.668719142728905 0.35535695798573835 0.1255531516494614 0.08492001745627543
0 0.9282684326171875 0.2710517069314746 0.13124711808867257 0.0852904224913116
0 0.40982763814326895 0.6100319833048429 0.13117416628387288 0.084741961460217
0 0.11095554011086373 0.6090831515155261 0.21421220443835165 0.08310201413808205
0 0.28138611689076176 0.5249717395085753 0.12831919754000926 0.08538360319775656
0 0.6684281025583482 0.1853589545969075 0.12751964521151257 0.08556703977946993
0 0.28156004517039873 0.7805107075310098 0.12787902119771796 0.08504851687881441
0 0.9281495126830397 0.6961105098344964 0.13117244042442774 0.08535292006314986
0 0.6692386812110778 0.6961347638590643 0.12636025118870625 0.0849664560493897
0 0.4107260301682423 0.6962731414850108 0.12730109113765148 0.08423442047284696
0 0.6684848641578769 0.6102371629711517 0.1273249244347509 0.0862462076528594
0 0.11133243279996423 0.2692513353785813 0.21293419610234093 0.08136805832709369
0 0.6683067718998962 0.4416190590608401 0.12702462489129826 0.08695553439866353
0 0.281175829135751 0.2706745623679963 0.12738154906130777 0.08537558750476801
0 0.41079436598389113 0.2713519505092076 0.12844769188488836 0.0837470911726167
0 0.11482471880407694 0.07261993052946508 0.21215181504802602 0.14128838309758826
0 0.9286924187542077 0.4416395190827023 0.13262314856373428 0.08657732061624096
0 0.40992131395870735 0.44128475913518594 0.1304872468301167 0.08621149597719825
0 0.41025543212890625 0.8657030102141726 0.13077793087094647 0.08532030543625678
0 0.9288214746882715 0.8663232675728273 0.1312718828019805 0.08603324683191117
0 0.281299173296889 0.695801802181637 0.12813158566048585 0.08593424405586009
0 0.6682046448520955 0.8666370246983781 0.1277937555227502 0.0869876799488585
0 0.6690529732558628 0.271104257318038 0.12644194186910906 0.08527450147632233
0 0.2821445293871676 0.8664817603112991 0.12827499636199788 0.08675496272109516
0 0.28212564081435143 0.440846779462873 0.12821875525976212 0.08553762591122288
0 0.4751694848764306 0.02095704699511123 0.25826790773675945 0.03536847875088076
