0 0.37538876253015857 0.06496105368718261 0.10271197051004646 0.12745931472835342
0 0.3751860101238575 0.8987186813924701 0.10015208425085528 0.036115660617526156
0 0.47241323205126134 0.06559961508564174 0.08093655513512071 0.12670213117727788
0 0.37379481745701215 0.8617319545166137 0.10292290082943985 0.0379138712747571
0 0.6670276666778366 0.8608156668943853 0.1032603644078074 0.0366370900091866
0 0.3748406553580091 0.7224988419438216 0.10213969112221712 0.04017007368740658
0 0.3742680892445683 0.8267128587541263 0.09989477918038961 0.0326072491397297
0 0.16334973519144494 0.5824116933506166 0.3090868479286144 0.03255938200672646
0 0.6677739511128344 0.649463206900847 0.09877507826861213 0.03299085524881664
0 0.6676644468619153 0.5484014871290327 0.09889315935521344 0.03526834545886273
0 0.6667934243195976 0.8988976205351582 0.10252819185942606 0.04023515352516193
0 0.6671585631526373 0.7217839672961043 0.10153801612604678 0.04058761862777155
0 0.3746995240255119 0.7585539235721848 0.10067407445969924 0.031680378441081215
0 0.6667372260997498 0.6161215895732126 0.09973942376429738 0.034543039790421025
0 0.5641663744558696 0.8621310703066609 0.10019993002897774 0.0392873599627865
0 0.5647663789636949 0.6834488105108681 0.10117494670394199 0.033693230918348284
0 0.6660215589735243 0.2269034544864459 0.10142277736289829 0.042791665936799325
0 0.6660526998681959 0.9805985143307018 0.10328100865183312 0.03510242228372571
0 0.5635027168622982 0.424050354399251 0.10160533431308721 0.04344349829308358
0 0.558346417994281 0.06627916565093463 0.10382987627016953 0.12551439681573479
0 0.6681638979444317 0.5829619525021799 0.0991120681264042 0.03296336357903588
0 0.6680499058143765 0.8258819960217363 0.10029457441342422 0.033562463020054806
0 0.9431609608768637 0.7219493430707367 0.09206165986902573 0.0386112595174701
0 0.9431414136699601 0.6846638267528493 0.09228226406122345 0.035810393602858745
0 0.9432658775179995 0.6157645627997321 0.09019729514527165 0.03266922704129298
0 0.5655586392271753 0.6488594241444008 0.10079058478860294 0.03470507033974838
0 0.7583145191466886 0.014894575756702128 0.28798745348562604 0.029789151513404256
0 0.9427531622593698 0.6492964322138143 0.0915697883157169 0.03522169477142501
0 0.5635411131615733 0.9000996208095884 0.1016792347228605 0.03688694792834454
0 0.6667376748876634 0.7592517375708457 0.10047703163296569 0.03367401107841306
0 0.6670252731422973 0.1843844016036645 0.10080200394773793 0.042740012616973404
0 0.6665876301285487 0.4241742341745298 0.1021691615285437 0.042948435359055806
0 0.6673967199387892 0.6838218031323958 0.10103886423547284 0.0349283489232997
0 0.9430975820503983 0.5831840754624439 0.092120401220384 0.032221575073181366
0 0.3750684900221482 0.792287205960778 0.1009916916392208 0.035306785138733185
0 0.565052431393293 0.8262244862707087 0.10154280319712522 0.03323499587381664
0 0.8508588753494563 0.5097675256961961 0.08842323652279922 0.04033195218103824
0 0.3757496752770118 0.18524757617138843 0.09979168262357026 0.04100490507345385
0 0.4704870086869384 0.5492617878441081 0.08563900617213031 0.034689499836509714
0 0.850584815530216 0.18441841646279042 0.08849145228566688 0.043072771301421585
0 0.8503748575846355 0.7215285745496233 0.08998865863077002 0.040034987407355505
0 0.4697826360565385 0.7243166373746575 0.08518817378025428 0.03588064333426756
0 0.8495900272543914 0.548177448267003 0.090545654296875 0.035655965838315894
0 0.5637485778409671 0.7236045605517408 0.10032823350694445 0.03685702336743273
0 0.3744034237331815 0.9813089793632443 0.10027345644882303 0.035155094376712756
0 0.47059571509267767 0.6489421424428562 0.0852322048611111 0.035074626502553566
0 0.8501697864407807 0.5830366422599028 0.08898003272760928 0.03276861064399601
0 0.8508391037485957 0.6162877864486017 0.09038199630438112 0.033799609083053066
0 0.5633129543728299 0.18437619059609722 0.10016278036279616 0.04337350705635743
0 0.469806496613945 0.8260272396222597 0.08643814785028595 0.03313220622353014
0 0.5651582456102558 0.5830958527478046 0.10190991171045241 0.03251248803017563
0 0.9425715028850081 0.5489121813885774 0.09335626340379902 0.03684942058264823
0 0.4688111348868975 0.510645556105389 0.08737112805734273 0.04248019504974776
0 0.5656083050896139 0.5490749722163834 0.10101996527777776 0.03468189705172521
0 0.6664712195302925 0.5101785930639247 0.10109241959316279 0.04126052590347845
0 0.47004866755865754 0.5831508056762269 0.08503209531696793 0.03244491447901096
0 0.5646900351530586 0.5108267456723733 0.10143993103426267 0.04159973174942389
0 0.16549423395418653 0.6827921731946002 0.3031946303797703 0.033636787844108125
0 0.6662608875947841 0.3034974360976816 0.10159266852085887 0.042102062945705655
0 0.3748193129994511 0.6491940987306148 0.10263415567236009 0.035382691342021676
0 0.8504248226390166 0.4239082583516287 0.09006545122931986 0.042267590776033884
0 0.6660483117197075 0.46745039517450643 0.10115933885761336 0.042854312883423645
0 0.949581969018076 0.0659640872425028 0.09917574614481209 0.12182668886436535
0 0.8506263533448862 0.7923777095108526 0.08852067336537478 0.03325707436083084
0 0.3730852837656058 0.6844282620690862 0.10309922461416207 0.0350194606961572
0 0.4689474168166615 0.42418463478411506 0.08708948870889502 0.04317262627678127
0 0.8491628060933033 0.6496103664031359 0.09286892959494995 0.03288800477625187
0 0.6670259463241678 0.7925841707344605 0.10108927807776755 0.03278673568292227
0 0.5645035139096328 0.3441877075256135 0.10058169894748265 0.036265952467146235
0 0.5642399258083768 0.22730337617168037 0.10137715059168198 0.04302893364435414
0 0.6673470042110269 0.26579851835713675 0.10054789025799121 0.03425384506278806
0 0.4693656372868158 0.6838836289782637 0.08680276309742646 0.03433916351363976
0 0.5630734013576134 0.9405693658620611 0.10185660567938112 0.04422758869347907
0 0.8506090002122267 0.34312860919399285 0.08900935353796466 0.0344621461603139
0 0.9432343626333997 0.5102212294809962 0.09108569575291053 0.039768798706480445
0 0.16400105228611067 0.721494422840371 0.3041506273294586 0.042295933957710516
0 0.6659048990486494 0.9406016016695472 0.10136608048981312 0.0433994325524726
0 0.37580736945657167 0.9412931813846849 0.09904340357562295 0.04499169897546089
0 0.7604655346839257 0.898250623549997 0.08371350656147875 0.04039651502942825
0 0.6666889564663755 0.34325530199964194 0.10161186667049632 0.03628413832835077
0 0.9420110665115656 0.9805393950762177 0.0940439062180862 0.03713911709407698
0 0.8498335944281683 0.8260456687725771 0.08912603839550143 0.033247403618584956
0 0.3758745380476409 0.22725628452272517 0.10135575836780024 0.04343510481868149
0 0.46988294015522875 0.6155483700116 0.08353857900582108 0.032344740186690334
0 0.850267073687385 0.8601128958800449 0.08829458398756639 0.034754579674265075
0 0.5632747824675117 0.9808035462307703 0.09829876469630822 0.03469357492915421
0 0.3754456588645387 0.6153533129651688 0.10184860229492188 0.032772077513857745
0 0.37581734252131843 0.5839227316209673 0.10001507927389706 0.030402198263110365
0 0.469500398324206 0.34369598981689087 0.08649454553142871 0.035731689574769555
0 0.8493446898616217 0.8985269087490658 0.08859791475183823 0.04136851585855754
0 0.16172284511179708 0.7926965094824365 0.30560093066271615 0.03231220026781265
0 0.16303469386755254 0.8263811644595478 0.31035640348795973 0.032817511755729945
0 0.849912331774344 0.9410993103726801 0.08877289217281965 0.042412773554278776
0 0.16609009808185055 0.14662070053397094 0.3041800221586539 0.03327141321293442
0 0.46908507004282834 0.3812995154167445 0.08819305818844465 0.03991194393840309
0 0.8504939359777114 0.14611223389036807 0.08764319326363358 0.03449140167616467
0 0.4699756896573733 0.8620024311881072 0.0882378871144812 0.03873752656717115
0 0.8501354541653902 0.7587614187745235 0.0869094748902165 0.033549021296555806
0 0.37485262303570516 0.34319603068946186 0.10056753719554229 0.03527813784566517
0 0.5645902546402676 0.6154124626307923 0.10211141748366014 0.03283064936783757
0 0.5639016394521675 0.4674865996356502 0.10144706177555658 0.043558117876494766
0 0.7608990139431424 0.5484591770599776 0.08159313326567606 0.03445192801756353
0 0.1642439852353015 0.9814371927258503 0.30401042785519866 0.035867323255325115
0 0.4684558195226333 0.79294828330336 0.08576760884203942 0.0323341571102703
0 0.8502179812761692 0.6837841541421432 0.08923170301649305 0.03456414512098281
0 0.5652671265446283 0.26605810784081885 0.10001458062065974 0.0322521230624455
0 0.8507900861353656 0.46731670780685564 0.08977792777267159 0.04362334976994582
0 0.8504480349472147 0.38154063013340034 0.0902976740419475 0.04232230041534318
0 0.667744829763774 0.1461182552959174 0.10088348388671875 0.034347526576902716
0 0.37393971362145123 0.38125627077689034 0.10197528514986724 0.040551976772701795
0 0.4697728375204248 0.8990665848242091 0.08635686737260008 0.03682801114069507
0 0.9424638436510672 0.9427143547388828 0.09270771500331904 0.037060352243709516
0 0.7611373951232511 0.5829187686846038 0.0833341810438368 0.032557314049265075
0 0.8501556994868261 0.22716964318732097 0.08856460471558415 0.042541412672832596
0 0.563132815890842 0.30349416690022424 0.1019832137363409 0.04298109692249003
0 0.16450957613053663 0.4674619057906702 0.3074128222621344 0.044094266259498
0 0.7614877738204657 0.7220073979353514 0.0818167293772978 0.03978519031047584
0 0.5631243138531453 0.759560927622462 0.10170960270501431 0.03499415862839437
0 0.4695879119673586 0.1851935583854945 0.08647011152279922 0.041518807708177626
0 0.9431265538034875 0.3430450697947808 0.09146666682623569 0.03239516185538117
0 0.8479999467438343 0.9803917489957026 0.0885545817855137 0.03567506403369457
0 0.8515845155404285 0.303924986302823 0.08840827692567914 0.04309328361477018
0 0.9422793918185763 0.14587732304609646 0.09267949123008579 0.035186478672303186
0 0.7613545087427874 0.42415960641660433 0.08500287423726 0.04225846743429248
0 0.6662095263113383 0.3819046362633128 0.10237046784045649 0.04211997510665795
0 0.9431940215864992 0.7600162736087757 0.09392492755565768 0.03655224293099153
0 0.46973843044704855 0.4679964271777295 0.08695335637510211 0.043228734828490906
0 0.1661820442847956 0.18467584675559368 0.3039289611616945 0.041845803481759154
0 0.5641901352826287 0.14565951846758998 0.10062313703150531 0.034309178130449675
0 0.9437471277573529 0.7935744790693511 0.09246327518637663 0.030191449068883908
0 0.9433345420687808 0.18511112139007616 0.09234319948682598 0.04195285069152497
0 0.47079779431710833 0.9809872295111641 0.0860517414566738 0.03531627341414424
0 0.761685240502451 0.5102269467751541 0.08309866711984273 0.04176559410228264
0 0.5638297835206675 0.3823471943656188 0.10000216415505005 0.040069625694833716
0 0.1640611002647799 0.42375094152886766 0.3075055460524715 0.04253368824349153
0 0.37462901445775243 0.5105045548587755 0.10111069523431118 0.043212282402217236
0 0.1648931526670269 0.2272961079094264 0.3070703222860698 0.045302439995173145
0 0.762318804373149 0.7925001751681614 0.08457283568538092 0.032137518684603884
0 0.7611585878858379 0.2266805332337794 0.0859428355896395 0.042273140808926565
0 0.9427064384510314 0.42406198665997136 0.08968138850592319 0.041581333010245386
0 0.760919882581125 0.18449450513291368 0.08350272583805658 0.04270047813609398
0 0.16241610089158698 0.6160648727987201 0.3023081675074459 0.03343929790654584
0 0.9442787419736774 0.3039216714886569 0.09346606684666053 0.04200371332173331
0 0.7611905016930275 0.8603916747925231 0.0836259929183262 0.03490316850009342
0 0.3753044776667177 0.5503134658577791 0.09940323175168504 0.03665016679901594
0 0.7603793674045138 0.6496124647717365 0.08027489356745303 0.03213861348561285
0 0.9429883769914216 0.26677326379157323 0.09344961128982841 0.032825844407853765
0 0.1620460709715201 0.6495427928519714 0.299710691364762 0.032714782927721724
0 0.943540435990477 0.8252144411065179 0.09310005537045547 0.033382368254079475
0 0.46864436031167017 0.3045134114340044 0.08640728121489481 0.04153824042608682
0 0.563655728608175 0.7936068365213939 0.10159950007021039 0.03133174514200299
0 0.7611856398239634 0.759228898805353 0.08415800605724061 0.03358587959719108
0 0.46907250398124745 0.7592700450766068 0.08505772609336704 0.03387131854914051
0 0.3752281463224124 0.4237625433784488 0.09949984581641902 0.04493656358020366
0 0.7613326427983302 0.8258698923883595 0.07961248260697508 0.033440575174389635
0 0.16509188623989327 0.3024463511012238 0.3159985682543586 0.10524492401594418
0 0.16364964472702126 0.9413677494978512 0.3119176633996901 0.04331665343173891
0 0.4701488719267004 0.2272028293429053 0.08577414119944854 0.043011188744667105
0 0.374637915418039 0.14722851276635293 0.09795377145405687 0.03694787664560756
0 0.4696566513161254 0.2659040602155152 0.08698507072099673 0.032992178133369146
0 0.16486114731021956 0.8599567955028493 0.31250592540292177 0.034831398211727704
0 0.7618102030037275 0.61616577695838 0.0843237583933313 0.034152256652497506
0 0.7615822187436172 0.6837266466780332 0.08347584842856413 0.034471634435724964
0 0.16417294039445768 0.7589886203950236 0.30711352046019114 0.03482574173984803
0 0.7608607672398386 0.38153695038556457 0.08451165093315974 0.04196825393349837
0 0.7598011041778365 0.9800842923790172 0.08104237076503779 0.035012831067825115
0 0.16804516705033046 0.06338693707156787 0.31764939563726285 0.12677387414313573
0 0.7618023741479014 0.3430937276174016 0.08352591321359273 0.03574896310179995
0 0.7604058708240775 0.28653579476079744 0.08467226714090578 0.07593186177776351
0 0.1621057476872712 0.8983288409998599 0.3046368609846028 0.040830421162649476
0 0.9436611599392362 0.2276307977012098 0.09355392954707925 0.04265475498839997
0 0.16448898097268894 0.5107862104683378 0.3128529311784732 0.04266096454965528
0 0.7623504688537198 0.14616253391450237 0.08410340352775225 0.033797176191922025
0 0.9437640321020986 0.46742069869713815 0.09149638655918096 0.04401720443292227
0 0.7611773621802236 0.940807120147842 0.08494518005770017 0.043072087050790984
0 0.9436143364002503 0.38076993583979507 0.09172776166130514 0.04357338426834205
0 0.4693882761437908 0.9409435749291543 0.0875698912377451 0.04393521600180618
0 0.8498395284016926 0.26552093308186975 0.08828660553576899 0.032584866541324115
0 0.7612392699796391 0.46717455093695504 0.08435721802555658 0.04334201632178002
0 0.37493901470907376 0.2874666070486695 0.10060887554891748 0.07389002079148761
0 0.9440462698344312 0.8582247290732437 0.09296402276731004 0.03306347704907823
0 0.9430443757499744 0.8994477884533041 0.09202655468111724 0.04583889248956776
0 0.4696778191460504 0.14651892965684557 0.08634564767476 0.036196082874976644
0 0.8103769339767156 0.07943536466665986 0.17183171689899918 0.09574337034125677
0 0.16285253622952628 0.3793678454754064 0.30732957755818086 0.04631643860745204
0 0.6661799561743642 0.07925089734908534 0.11526713651769302 0.09664373963284267
0 0.37567710876464844 0.4681361511564991 0.09985673193838082 0.041136722156047585
0 0.16603127647848684 0.5492364316263297 0.3115117316152534 0.031726711672602055
