0 0.22212054438616943 0.022569444444444448 0.44424108877233887 0.04166666666666667
0 0.5130071751165501 0.07552083333333333 0.13509797494172496 0.14756944444444445
0 0.6487136994949495 0.07595486111111112 0.13631507381507382 0.1467013888888889
0 0.7850287733100234 0.07595486111111112 0.13388087606837615 0.1467013888888889
0 0.9207352976884228 0.07552083333333334 0.13509797494172487 0.14583333333333334
0 0.37730065073815067 0.09722222222222221 0.13631507381507382 0.10416666666666669
0 0.1557886557886558 0.09722222222222221 0.3018405205905206 0.10416666666666669
0 0.15639720840333876 0.1909722222222222 0.3054918235665843 0.08333333333333325
0 0.3760835518648019 0.1909722222222222 0.13388087606837615 0.08506944444444446
0 0.5117900762432013 0.19227430555555558 0.13509797494172487 0.0842013888888889
0 0.6499307983682984 0.1918402777777778 0.13631507381507382 0.08506944444444445
0 0.7850287733100234 0.1918402777777778 0.13388087606837615 0.08506944444444445
0 0.9213438471250973 0.19140625 0.13631507381507377 0.08420138888888891
0 0.1557886557886558 0.2756076388888889 0.30427471833721836 0.08420138888888885
0 0.3754750024281275 0.2764756944444444 0.13753217268842274 0.0842013888888889
0 0.5123986256798757 0.2764756944444444 0.13631507381507377 0.0842013888888889
0 0.6481051500582751 0.2764756944444444 0.13509797494172496 0.0842013888888889
0 0.7850287733100234 0.2764756944444444 0.13388087606837615 0.0842013888888889
0 0.9225609491764547 0.27604166666666674 0.13631508017109079 0.08333333333333331
0 0.15518010635198137 0.4448784722222222 0.3030576194638695 0.25434027777777785
0 0.3760835518648019 0.36154513888888895 0.13631507381507388 0.08593750000000004
0 0.3754750024281275 0.4461805555555556 0.13509797494172499 0.08333333333333329
0 0.377300650738151 0.5308159636677676 0.13631507381507385 0.08420137177997962
0 0.5123986267392118 0.3615451346116616 0.13631507169640136 0.0842013974433435
0 0.5130071751165501 0.4461805555555556 0.13753217268842263 0.0868055555555555
0 0.5136157245532246 0.5303819444444444 0.1338808760683761 0.08506944444444443
0 0.6499307983682984 0.36154513888888884 0.1338808760683761 0.08420138888888885
0 0.6493222489316239 0.4461805555555556 0.1326637771950272 0.08333333333333329
0 0.6499307983682984 0.5299479166666667 0.1338808760683761 0.08420138888888892
0 0.7838116765553472 0.3615451388888885 0.13631507805241774 0.08246527777777773
0 0.7850287733100234 0.4457465277777778 0.13874927156177164 0.0859375
0 0.7850287733100234 0.5316840277777777 0.13388087606837615 0.08420138888888892
0 0.9213438471250973 0.36111111111111105 0.13631507381507377 0.08506944444444439
0 0.92195239973978 0.44531250000000006 0.1375321790444402 0.08333333333333343
0 0.9207352976884228 0.5299479166666667 0.13509797494172487 0.08420138888888892
0 0.785028777547368 0.6158854166666665 0.1387492800364608 0.08420138888888892
0 0.9213438471250973 0.6145833333333334 0.1387492715617715 0.08506944444444443
0 0.6499307983682984 0.6154513888888888 0.13631507381507382 0.0850694444444445
0 0.5111815268065268 0.6158854166666665 0.133880876068376 0.08593749999999993
0 0.37669210130147635 0.6154513888888888 0.13996637043512042 0.08333333333333336
0 0.15518010635198137 0.6588541666666667 0.30549181721056723 0.1684027777777778
0 0.37608355504281044 0.6996527777777775 0.13874927791778854 0.08333333333333323
0 0.5111815268065268 0.6996527777777777 0.13631507381507377 0.08506944444444443
0 0.6487136994949495 0.7005208333333333 0.1338808760683761 0.08333333333333343
0 0.784420223873349 0.6996527777777777 0.13753217268842277 0.08333333333333329
0 0.9207352976884228 0.69921875 0.13266377719502714 0.08420138888888885
0 0.9207352976884228 0.78515625 0.13509797494172487 0.08420138888888885
0 0.7856373227466977 0.78515625 0.13509797494172504 0.08420138888888885
0 0.6493222489316239 0.78515625 0.13509797494172496 0.08420138888888885
0 0.5130071793538948 0.7847222222222225 0.1326637687203377 0.08506944444444443
0 0.37669210130147635 0.7847222222222223 0.13509797494172504 0.08506944444444443
0 0.1563972052253302 0.7847222222222223 0.3054918172105672 0.08506944444444443
0 0.15396300747863248 0.8706597222222223 0.30792601495726496 0.08506944444444443
0 0.3760835518648019 0.8702256944444444 0.13388087606837615 0.0859375
0 0.5136157245532246 0.8697916666666665 0.1338808760683761 0.08680555555555557
0 0.6493222489316239 0.8689236111111112 0.13509797494172496 0.08333333333333343
0 0.784420223873349 0.8693576388888888 0.13509797494172504 0.0859375
0 0.9213438471250973 0.8702256944444444 0.13631507381507377 0.0859375
0 0.9207352976884228 0.9548611111111112 0.13509797494172487 0.08506944444444457
0 0.784420223873349 0.9544270833333335 0.13509797494172504 0.084201388888889
0 0.6493222489316239 0.9535590277777777 0.13753217268842272 0.08420138888888871
0 0.5123986256798757 0.9544270833333333 0.13631507381507377 0.08246527777777772
0 0.37669210130147635 0.9544270833333333 0.13753217268842266 0.08072916666666657
0 0.15396300747863248 0.9539930555555555 0.30549181721056723 0.08159722222222214
