0 0.4280150000177342 0.3305474420047161 0.12281740202453467 0.05556698653842712
0 0.8034782871495726 0.15898602497673253 0.1256290463500681 0.05654973645117412
0 0.42775473236749006 0.15907800593600105 0.12310709733939922 0.05612505970678515
0 0.4281977360242793 0.9035470444721864 0.12319595299967842 0.0568176479274055
0 0.4279671177159788 0.5022498761119166 0.12319558353747352 0.05517445287890178
0 0.4281591272238669 0.9606752865366375 0.12327206221388848 0.055949802114654924
0 0.8038454217425847 0.9035570422125574 0.1265189330167978 0.05664523934170962
0 0.4279780168510234 0.7308532085615336 0.12233599277154586 0.055923863921105384
0 0.9283169799509118 0.903701904576532 0.12484371748732598 0.05697691263065578
0 0.8034507252690867 0.9607424042342317 0.1255547105544416 0.056286229573847366
0 0.9280785659900878 0.15910913963361567 0.12435610126929479 0.05634832218340582
0 0.8035413543479494 0.3305433869771532 0.12441743199530872 0.05525530873022265
0 0.8037628469397888 0.5020932506722956 0.12548894628196883 0.054583362697326034
0 0.9280848468475712 0.5020462158482782 0.12430009079903147 0.05472839984697165
0 0.42778164768911736 0.7885543980549292 0.12211342873931219 0.05722615699724369
0 0.42778351347325205 0.6738203295590816 0.1226420922083081 0.05556597278153637
0 0.9280841079231614 0.33077471581248213 0.12383900196731235 0.055667977699026344
0 0.4279225236278469 0.5598302887067762 0.12331085574540329 0.056853094461447595
0 0.12556173091361944 0.646540935643077 0.23026269977375613 0.33845441365979384
0 0.4276405870192853 0.21604640650448792 0.12294930003168508 0.05667042595687464
0 0.42787589749758814 0.3871302304262422 0.12284991469856613 0.056764582997744846
0 0.9282116462762938 0.9608944328107103 0.12471758309057203 0.05588499158791524
0 0.5532075452458194 0.5020388398929697 0.12698733720017402 0.05449733319014891
0 0.30500060998210027 0.9607255199384308 0.1251523846864123 0.05601307452749141
0 0.6785018034189146 0.15925978740329458 0.12269873076431975 0.05593474432911387
0 0.553117765930028 0.15896716997249297 0.12640018786414195 0.05650159173814702
0 0.8040009283846284 0.7308276199393257 0.12522027336656325 0.05604020126360252
0 0.928092901123638 0.7310895887027491 0.12402181186629843 0.05617066128830183
0 0.9278400042443817 0.21606026700818387 0.12422686339001969 0.05663777599356565
0 0.8033565862992775 0.5596029799418761 0.12458036482767101 0.057043995371116124
0 0.9279702027253898 0.673759189531429 0.12418696147189014 0.055313652187142036
0 0.9280956351439543 0.3873096653959049 0.12384668678117433 0.05646716770027921
0 0.3026721206184738 0.21599425046031556 0.12493948209083687 0.05658541020658827
0 0.9279782939476771 0.27322998571232016 0.12422117367206416 0.05584173213438753
0 0.30258020765844906 0.6169248670510273 0.12482071846507074 0.056274204319695015
0 0.5529751535189353 0.33055513257423214 0.1265128738366374 0.055410238748836625
0 0.3028766826047736 0.159163410584405 0.12550706840311932 0.05649685504646782
0 0.5533251081194197 0.9037109584742805 0.12736160241374092 0.05687938222633877
0 0.9276510243265739 0.617078888184153 0.12430348985131659 0.05631866979435137
0 0.4277246211977906 0.27331424114493846 0.12239056233921004 0.05625609652419817
0 0.9279931832745346 0.5597872914317548 0.1241885871055917 0.056673974105992266
0 0.30280884934395336 0.5020399235641287 0.1254148506367755 0.0549833072692941
0 0.9279670992428686 0.7887094679020796 0.12383641573187802 0.05618247679964919
0 0.8034647278866524 0.3870571874944069 0.12437383545513014 0.056281370532198595
0 0.5530186392204525 0.273432265169159 0.12677164516495157 0.05577653707917204
0 0.5531675694352489 0.6738699337324598 0.12706462869343976 0.05531099544494559
0 0.3030920790702321 0.3873312689048181 0.12453338770831757 0.0562594524090779
0 0.42762290825278076 0.6171671899050508 0.12311448658349727 0.0561384308106028
0 0.6782926323916086 0.21595726581237024 0.12243844464096548 0.05677882802991659
0 0.6783973564535885 0.38739924305219964 0.1229423541422329 0.05646174934448382
0 0.6781514608831152 0.6170715821431129 0.12281270985453238 0.056360828098152925
0 0.1258795111289036 0.8465214015965062 0.22821956223494783 0.055275339168098514
0 0.8032826199658558 0.2160633607145574 0.12423499155852755 0.05670290113451282
0 0.8034262299249016 0.6170261728258342 0.12536059511198547 0.056366770810960774
0 0.8032364741364634 0.7885348220597973 0.12361303888279358 0.056936711926367414
0 0.42750698948599236 0.8461857082371312 0.1221305717856197 0.056181358171355965
0 0.5531229568740069 0.21619010654375181 0.12666830658624018 0.056688131745328614
0 0.3034667045094488 0.7886139999686784 0.12462924467737971 0.05678898307739118
0 0.6787554576956909 0.501881620182068 0.12466652341385442 0.054228617699831755
0 0.6785081212226184 0.7886502155596722 0.12287585094535033 0.05700138262457045
0 0.12626652047940085 0.3289625729345647 0.22827073736860445 0.05367919642217926
0 0.8034660948968108 0.6735660863223081 0.12580136352243493 0.05601237538480813
0 0.12534055525107765 0.9607513882177119 0.22899872685171502 0.05623204601589347
0 0.6782763945277032 0.6736880517634056 0.1238636450963794 0.05543019927244416
0 0.5532683587247466 0.7309727270032396 0.12675679278431445 0.05622302707527921
0 0.12581783576392666 0.1587803415689545 0.22887519716350563 0.05703377914865675
0 0.6784304972133682 0.2732678967243207 0.12383297973337243 0.05583980949200853
0 0.677483750313304 0.961000877284239 0.12355802596048351 0.055726216284543245
0 0.552594145620129 0.9606270107343571 0.12531385814306523 0.055830738115693015
0 0.42744072643954306 0.445381854954181 0.12243024258001664 0.057158270242697595
0 0.3028276457336278 0.6734876075561104 0.12500365767582855 0.0559464462297752
0 0.30274181042687365 0.9033849132839348 0.12610164392946996 0.056836105294243995
0 0.9279345496226165 0.44534747461273083 0.12384550450211865 0.05722752032547609
0 0.9278380830409163 0.8460295896759559 0.12403917658992887 0.05654253528153637
0 0.5526098847100579 0.788696883333781 0.12415633305510367 0.05730879566240693
0 0.3029440725109479 0.4453558468463632 0.12502588082745347 0.05759229802047537
0 0.5532688759718334 0.3871474468148178 0.12677474864747276 0.056692396515696596
0 0.6783707367017251 0.3304304754338041 0.12420210942229117 0.05549077998595003
0 0.30297304758436744 0.8461929793210374 0.1254131326375227 0.05635530487095504
0 0.6784859904365448 0.9034403203415843 0.12463471271801226 0.05690245393488688
0 0.30299052314665936 0.3305607956299667 0.12546131050904208 0.05546903664850014
0 0.12737467791208634 0.08559771665592784 0.22936173732286505 0.08307846086814505
0 0.8031645028989481 0.2731334603256103 0.12403393022661925 0.05624033085669029
0 0.302666255405971 0.5600005299501539 0.1249224683563011 0.056801218074348514
0 0.5528642779112439 0.617243641157467 0.12694492293905116 0.05629972302763459
0 0.3026064579481074 0.27342386671767616 0.12578305667018197 0.056049709604095076
0 0.12626207192353994 0.2159549062058142 0.22792014775495553 0.056498961213801185
0 0.3020188467843192 0.08545304874101183 0.12173075826058376 0.08900659218140347
0 0.1264156764125131 0.27228251628722794 0.2287575326877991 0.056284132145797534
0 0.5529428071028961 0.4453915380803444 0.1263122928055955 0.057318793402777776
0 0.6784395675104986 0.4452259636143775 0.12318970908841557 0.05781095489466996
0 0.6778087107956265 0.0868865796380846 0.12245795224538439 0.0898252358278185
0 0.3033654256825297 0.7310358246304053 0.12532614276137827 0.05620617773661225
0 0.6784070733095774 0.8459553057658578 0.12297390621453162 0.05647730526918671
0 0.803090721296629 0.44529773061081585 0.12465972530928421 0.05771712994657431
0 0.8030008311421761 0.8461620422573024 0.12475645051452783 0.056479262868699885
0 0.553059815783189 0.5598168651672573 0.1267467064661206 0.056731024148947595
0 0.5531413006724804 0.846306624964204 0.12673625068572186 0.05640529357280928
0 0.1258297364879174 0.4461775841991516 0.22903391004474632 0.05730208389264748
0 0.6784711380559076 0.7307970324469324 0.124486927836051 0.05610738887546535
0 0.6781451615525217 0.5601325805244577 0.12350438004833157 0.05643532175105599
0 0.12653878006461747 0.38667942322406573 0.22795432416347847 0.05578088924237543
0 0.9275128085157196 0.08584474561413813 0.1254432807534428 0.08534496783664
0 0.8029531335715232 0.08621946205934435 0.125457763671875 0.08682765283398887
0 0.4274989352099255 0.08619443712092484 0.1225578178793697 0.08685608172334756
0 0.1254532441099966 0.9028494049456793 0.22912189977798278 0.05828382004850372
0 0.5532410554678042 0.08602463939618682 0.12671799925279964 0.08677510789169889
0 0.49915642752628225 0.021319731404281547 0.9773533785337333 0.03885668959950798
