0 0.40487105146312585 0.7394932662307488 0.10533115247589649 0.046890039996017
0 0.40456279914659804 0.5519722458914881 0.10538454791367133 0.04812620449623275
0 0.4045039733143394 0.9260325540713787 0.10487359528289918 0.046884140687234475
0 0.6201013092743044 0.2723763375224044 0.1048472898738794 0.047066695121647635
0 0.40472275833315713 0.6455934497187001 0.10449070085208051 0.046346525657195964
0 0.6200076091596012 0.6457716282922032 0.1045402144869545 0.04654172146757169
0 0.4046310197677922 0.08617634907467721 0.10551611625454584 0.048019563145163965
0 0.40433530071914114 0.6926800144902582 0.105290145770784 0.04693963308633165
0 0.9415072594669739 0.5514227187956385 0.10777189799348783 0.04690430206120552
0 0.5116991551545057 0.5518102742102446 0.10504063669496362 0.04698647100496216
0 0.6201469411062775 0.13302400399571204 0.10659005419327215 0.04848832319343717
0 0.29950034795820474 0.739737730993594 0.10413297619645424 0.04714883165161975
0 0.5116810882527063 0.6459469220388842 0.1051801751205176 0.04610517261766463
0 0.30008928766108656 0.6458855627447889 0.10458256330477207 0.04638373668182422
0 0.6199431258060936 0.36637687986984696 0.10504852418809202 0.04741180468542552
0 0.6197573154640456 0.7398954564690654 0.10448991623234523 0.047307399885488585
0 0.7265387342811759 0.0854057133735904 0.10658914568621025 0.04786971016760779
0 0.7267888834415172 0.9730282954187136 0.1053745956317659 0.04680083726101965
0 0.40481350579990905 0.27243074405972023 0.1051704706132654 0.04717207233512015
0 0.4048640311812838 0.45986520338742204 0.10373110635677436 0.04665351661037906
0 0.6198664395509134 0.7864048289796867 0.10434732191940121 0.046954608254779616
0 0.6198706930157941 0.5991005758243992 0.10468536913798207 0.046711699353591346
0 0.7269020132186125 0.599021551017741 0.10444234349892169 0.04720516680911444
0 0.4047280235445387 0.8322905602761551 0.10459852412201878 0.0467803517492034
0 0.5122030255597725 0.692778098602214 0.10554911157920331 0.046153793294443704
0 0.619877899128626 0.8792115554363881 0.10410949954805904 0.046737889691483
0 0.620013307976626 0.45993315888666686 0.10476601978761417 0.04730480678272704
0 0.7266976610733465 0.6459861427181525 0.10382014004884134 0.046276965675617364
0 0.40438694108645556 0.17965876518002358 0.10441306479406293 0.04630905532229155
0 0.6197565721400857 0.41310509404665097 0.10476891049190208 0.04711272269566516
0 0.6198217988175533 0.8325696105470825 0.10456585916356563 0.04683539035531732
0 0.40466184706423375 0.8791973581987687 0.1048238751691475 0.046707420734034784
0 0.40510030496104327 0.13250813051163993 0.10574489485104449 0.04803477331354969
0 0.7267276418063895 0.8325679250302875 0.10310572313197733 0.04675500416970924
0 0.4043165524370454 0.2257020922968252 0.10562455896111722 0.047643271520678446
0 0.9417181569926631 0.08606411431991731 0.10877811086032646 0.04594740257323959
0 0.5114455165011311 0.832510098838705 0.10455970609300998 0.046516049750232345
0 0.6201306292749387 0.5518111169686422 0.10470027691295247 0.047402404687914894
0 0.40423210257606357 0.4134473836111756 0.10483225821158237 0.04834775271342274
0 0.2995684137202406 0.5992275406183617 0.1049097290864978 0.047246461970592145
0 0.4043795078468581 0.7861217269856944 0.10409789543513194 0.04667753522470791
0 0.7270078129955492 0.2724306306114744 0.10277333343464563 0.04639799874701275
0 0.6199843596379715 0.9261704747245088 0.1040921553223317 0.046743659345127454
0 0.9417162986827639 0.17914814272904359 0.10765081877960082 0.0454321490027964
0 0.29956279749476705 0.5520344803577653 0.10377880297752454 0.04762910669684347
0 0.9416351524838253 0.8323787257700478 0.10865009395614851 0.0465552704295008
0 0.7267742027933124 0.36642503054675046 0.10273393726477927 0.04649938906498938
0 0.6197617960556918 0.3193947685189027 0.10605044229427436 0.04797875419045406
0 0.404570273681971 0.36598647204220336 0.10442698147042034 0.04648648837875066
0 0.30011968135188494 0.03342368345721503 0.10510891925982113 0.05837910009456073
0 0.7261806999072331 0.7401061136546567 0.10495680627061485 0.046833704838522304
0 0.5122147122642506 0.08513942400445598 0.10530596205281631 0.04689247102985595
0 0.7269383947968645 0.17950109642867518 0.10289862481763785 0.045628252399138675
0 0.5119033627645573 0.27215491085690635 0.10528907208061992 0.0459160868056708
0 0.7267079850172319 0.5522948440819172 0.10224941393035351 0.047071427534187464
0 0.5115305857987462 0.36602282410154174 0.10464634463009558 0.045828909932205925
0 0.40447132900377414 0.9729352030295737 0.10472546733603265 0.0465898883513675
0 0.6198507884519833 0.17948108902018056 0.10419807898659507 0.04580307614594397
0 0.6200726913018544 0.08589927604460552 0.10498414407402318 0.0468868634451341
0 0.299593862241918 0.0861223963303447 0.10412987901328866 0.04725020576270413
0 0.299350433969046 0.366258618177028 0.1042656388753806 0.04736781917983271
0 0.29875996632246915 0.3192516940740341 0.10521911703685301 0.04693282619158258
0 0.6198510155787487 0.9730267395570564 0.10454929955757358 0.046654197299853956
0 0.7266007192402634 0.9263092057222518 0.10368927373615106 0.0463942387480085
0 0.29972379939965854 0.8325378450382535 0.1041549455490422 0.046385875991602495
0 0.40444861632722634 0.31909879825245624 0.10356893784622379 0.046114118822191984
0 0.2995923549461107 0.6928965061570632 0.10348207218237272 0.04701139720525757
0 0.29943791906953016 0.9262425305674953 0.10357587553651472 0.04672622072905603
0 0.9415473163692489 0.4128555727334207 0.10852249000972598 0.04635320289680696
0 0.941649399526387 0.13287863222386567 0.10834144932975304 0.04686752862266828
0 0.94166641338591 0.2721537358572175 0.10680293391618742 0.04668618970517459
0 0.7262270131195028 0.7863757214011882 0.10284894599966171 0.04672421107441583
0 0.7269678593327131 0.22566523782382666 0.10315800358381258 0.046986762729022837
0 0.40498709259239685 0.5055648633538569 0.10407303537825609 0.04497244050385024
0 0.5116583755761587 0.45964341206684817 0.10507767900562417 0.04567880169609666
0 0.5118779658625994 0.9731576264189458 0.10508118914654516 0.04667234901918481
0 0.5115622596585863 0.786330342102861 0.10492765145308271 0.04592462783789166
0 0.6199164280872062 0.22541147030482442 0.10459092569931919 0.04711324131621747
0 0.5121161392480337 0.13220967653895463 0.10487111753636671 0.0475951208437749
0 0.29932594557415 0.4130462954415327 0.10384789081000508 0.04782102871498275
0 0.29935813563118446 0.2723492071847617 0.10449957944382189 0.046670144881837496
0 0.9409898233994417 0.3658320527727529 0.1079040444752199 0.04619353259426448
0 0.7277829759982345 0.1323539624490196 0.10405408061728265 0.04721653594403461
0 0.29955671669181855 0.13331319572947092 0.10416493912672319 0.04768693288842605
0 0.9413591728158829 0.9260097671808617 0.10776743804972937 0.04631826083709506
0 0.5115300489536643 0.17905100672028515 0.10482193426769705 0.04480022606669875
0 0.941156080191771 0.8791415740756108 0.1073259036176421 0.04621712982939458
0 0.5118629961439657 0.41309994025491237 0.10518124881068167 0.04627929946810276
0 0.940789332409189 0.45976190065615874 0.10567531146925745 0.046616435240888876
0 0.9408276135931156 0.6457282262347319 0.10767625697733424 0.04592942507800053
0 0.9414166565354364 0.7861874621406997 0.10721027544612652 0.04568852583145247
0 0.833205412785965 0.08493474108452376 0.10611469852101657 0.046540437071360116
0 0.7263107609523004 0.4126594855439707 0.1071990429951793 0.04761672463115706
0 0.9413811834642465 0.9728658375307023 0.10746903477566812 0.04633524566018322
0 0.7263847216862949 0.6930842467969995 0.10525508565734948 0.046505223546202866
0 0.6199373650454055 0.6930035364735461 0.10482755049317066 0.04734992677077801
0 0.29927561634770916 0.7866128606487319 0.10399017540463254 0.046704373838289966
0 0.7268279079494039 0.4593075566385505 0.10300050149589818 0.047059790985545004
0 0.5117453857752241 0.22539714341206682 0.10477688057658155 0.04632312290477296
0 0.83333206692955 0.5057731867469629 0.10672794078780447 0.04446710960319304
0 0.9416463849347726 0.5056206474770147 0.1078808362493657 0.04492855223961099
0 0.8327167598739851 0.551872832814367 0.10626840139758119 0.04670667521699084
0 0.833023298415828 0.9262317691910349 0.10566094053936909 0.04639923047082448
0 0.8332617402238033 0.5992366164780272 0.1062731091159929 0.04561475205788635
0 0.6194171208651366 0.505700417800717 0.1039937887849924 0.045248865258231546
0 0.7272292202961138 0.31931626233279675 0.10369790455323917 0.04703700409502789
0 0.2994212046043799 0.1793708092217995 0.1043529587927626 0.045944578522263343
0 0.8329461579071168 0.7863052862474277 0.10657605492536365 0.04518889975687069
0 0.51181488656546 0.9262711519392259 0.10485625105717185 0.0467970772620154
0 0.4050271701425596 0.5990461206664066 0.1046655884614978 0.0466773407420008
0 0.5118473863408111 0.5991826799405867 0.10449615189445197 0.04634795186371482
0 0.511469653881935 0.739893933021193 0.10432741735559033 0.04678547312715746
0 0.9416823535552691 0.22513592882607125 0.10708242372505074 0.04694658584311106
0 0.2988554215076328 0.2256453681739163 0.10336952054613498 0.0473954033104587
0 0.832716677282434 0.3658612089719281 0.10596215192616713 0.04534199006115574
0 0.7263049382479491 0.5065562065395978 0.10509469286514715 0.04730688126493627
0 0.9415241081433947 0.7394859083016629 0.10772036086561233 0.04590407749850636
0 0.2995075127752611 0.8793225402345825 0.10339225387057045 0.04676343175368428
0 0.8345399270683568 0.2720615915712751 0.1041093756607324 0.046349718414971125
0 0.8326575830276345 0.17830322881486904 0.1066492310396228 0.04542919934840514
0 0.9411380339378594 0.319038686889065 0.10715353505053281 0.04617048639347119
0 0.8323880455006766 0.6460732061433716 0.10559164622801083 0.045541302422165426
0 0.5115286655451835 0.5057775464009808 0.10447162220378045 0.04492962189450014
0 0.8331547428693759 0.4127308120768056 0.10611511147877199 0.04547381692279607
0 0.29974544870998604 0.4600991660840829 0.10406580861753638 0.047434105369174855
0 0.5119480241458052 0.8793528795368927 0.10482313184518775 0.04675189244639538
0 0.9412946275187118 0.5991852406295638 0.1078169103888278 0.04639936012596256
0 0.2995965671152159 0.5057338202056642 0.10508054906202427 0.04530886317337692
0 0.12088104578413067 0.24979509018480164 0.24176209156826134 0.18667886295143002
0 0.8345845678017167 0.739820224075196 0.10344443108296683 0.04627800291672199
0 0.1223309094915532 0.13178852828841733 0.2446618189831064 0.04689455361551132
0 0.8321436983967989 0.8792760264537971 0.10582579327532984 0.04638620012944769
0 0.9412798849268438 0.692735733785847 0.10810061236679633 0.04578006235893521
0 0.8339889175353096 0.22523155759384955 0.10469255460292626 0.04664032420007966
0 0.29947569438020655 0.9730722485105219 0.10329500231917076 0.04649044286046203
0 0.5112443028348064 0.3191501903078117 0.10415124957713125 0.04587214992075478
0 0.12216514824853053 0.08508306656248443 0.24433029649706106 0.04679128734975563
0 0.5121299939807278 0.04221750078084807 0.1048733062124704 0.040140718205837395
0 0.12235592440758732 0.4121847208421153 0.24471184881517463 0.04615259398441649
0 0.12203259913298693 0.03344390497395034 0.24406519826597387 0.0582439439827245
0 0.12192563275039117 0.7395274627734167 0.24385126550078234 0.04588060991851434
0 0.12212884926182975 0.9733289332701307 0.2442576985236595 0.04701185099824084
0 0.1221350745999926 0.6925915572723048 0.2442701491999852 0.046053375390002656
0 0.1222586212364682 0.45888194744091876 0.2445172424729364 0.04570771479188795
0 0.8325034258975389 0.8326175181206021 0.10542728904135658 0.04643229253103425
0 0.8347455800305522 0.13301953494517144 0.10425407605822903 0.04728812989059181
0 0.12192867831383732 0.6457390848525457 0.24385735662767463 0.04594323335020579
0 0.12191903575024844 0.3653001749825744 0.24383807150049688 0.046455241490473975
0 0.83298187875296 0.4594895276248423 0.10562154436950272 0.045628787226583235
0 0.832834081172298 0.9728657078755641 0.10535039630729871 0.04604365125464684
0 0.12196604066675829 0.7861984828274362 0.24393208133351657 0.045484189333842275
0 0.833090280163756 0.6931234674762679 0.1050357224976742 0.04552360449581785
0 0.12199006448417943 0.5988064855574549 0.24398012896835886 0.04585098371946362
0 0.6199436626511756 0.04154744809191719 0.10447550400668133 0.04005642413333319
0 0.7265538485350241 0.8794445781332979 0.10248368486499917 0.0470452371962958
0 0.122068061880233 0.5519226852149578 0.244136123760466 0.04629294567138542
0 0.7271276120403946 0.04190929633660704 0.10368175790500253 0.04037096547244776
0 0.40413666803878767 0.04152551949181118 0.10581030735950187 0.040309714898771117
0 0.12204850833051423 0.926433544999668 0.24409701666102845 0.04596780299887148
0 0.8326229771677309 0.041998460580235264 0.10629871249682848 0.04007918873937347
0 0.12212604114909295 0.5053664585788138 0.2442520822981859 0.045201994925816516
0 0.12218406171372843 0.879534331902632 0.24436812342745687 0.04599392850919411
0 0.8344189717417962 0.31909900894205556 0.10363141835461773 0.046861094486441185
0 0.12204417227408237 0.8328922897719729 0.24408834454816475 0.045768004431094
0 0.9417272833590578 0.033179477624796956 0.11202354586011502 0.059563589678504524
0 0.6193147646970381 0.013454861111111112 0.5308412268831755 0.018229166666666664
