0 0.9430588372319723 0.06503517159645446 0.09852034754032711 0.117672838823465
0 0.5101447345541535 0.5110999224456766 0.09041974184324415 0.04108259134674573
0 0.5090747256930783 0.6957973748230261 0.09294035108826999 0.04045352447369501
0 0.7193927078795948 0.4615436235854912 0.12543202132629833 0.05705087903449195
0 0.4061218645932863 0.5110474233946671 0.11627433282865894 0.041581693011839296
0 0.7189765216635285 0.6958142867310612 0.1269266691139276 0.040462501410661524
0 0.7191016382450681 0.40526694525094376 0.1267744654374157 0.05555457592949771
0 0.7194701819111118 0.2710306890215908 0.12721724475888038 0.04377593292817425
0 0.5117017622474286 0.7388866722622908 0.0901544694420245 0.04595462350726363
0 0.5105036179796397 0.6467229851906189 0.09165312403397595 0.0573631081233585
0 0.7188069734641975 0.6467281549444968 0.12658614563427384 0.056907127816193365
0 0.5099878928644194 0.5961646157037406 0.0907648210045245 0.04301215188720863
0 0.7201963465848416 0.977412263265348 0.12673675756660296 0.04399067809217006
0 0.5112307431886521 0.4617395532499076 0.09249976727602294 0.05770090545233503
0 0.718511210928718 0.8691295641312377 0.12668071719382307 0.05620860990848654
0 0.7199426006070143 0.5532195103145005 0.1267905475424348 0.04253693528654383
0 0.17322005867529255 0.6956260916596563 0.3452861281178838 0.04153877203196815
0 0.4025398913047296 0.06503459206554191 0.1054767087209139 0.1190828560060838
0 0.17302062335631832 0.14575853554418194 0.341247325749706 0.042398934918489416
0 0.7193204756263348 0.5112926660989823 0.12712113634287883 0.041043677928020356
0 0.719234686103656 0.7383252530213804 0.12653548425907712 0.043860993413493116
0 0.7198545881312529 0.9263362972186886 0.1274464010334701 0.057736452519697966
0 0.5111246452057104 0.8199228047541858 0.09089122744772932 0.04080354486416612
0 0.4064819143830443 0.8207218322954284 0.11633034575757364 0.040192792545551546
0 0.6071685406801512 0.5111977670510506 0.10072793205864995 0.040977873774006884
0 0.7196922302246094 0.3145844527787467 0.12769559132967065 0.04305535339635998
0 0.4061277787462413 0.4055202631909676 0.11660654081715097 0.05408412159389362
0 0.6084165504510454 0.40475311579863965 0.09969423143126126 0.057196513806529056
0 0.6073272211088551 0.5967277782337491 0.10024788396821606 0.042851729214543666
0 0.5107053578328743 0.5529937844329654 0.09175735583408272 0.042709380642646094
0 0.7194479523802834 0.8206201604691604 0.1255017836316884 0.04028440539334373
0 0.4066949336648845 0.5532720694789272 0.11504937590454979 0.04226077424798916
0 0.719564369256548 0.5962761862060387 0.12643410662095322 0.04357024485236786
0 0.5092271214766467 0.8686796352414027 0.09295632341782824 0.05597833544505089
0 0.7192285386778469 0.35624143784561213 0.12680344615908837 0.04258717006550599
0 0.4067609773265372 0.7383738647380786 0.11819803800514278 0.04386331779895765
0 0.7196341041180727 0.7796335502118558 0.1263646736419458 0.04081596830371799
0 0.9428492758771497 0.8691991754683396 0.1020810243894728 0.05547065759910538
0 0.1773285829794633 0.06526773452116584 0.34039039096623647 0.11810670912806584
0 0.4065740297166564 0.4609557744788247 0.11493968277526417 0.05656167604542843
0 0.9442897494748341 0.9766571986698744 0.1037482940893379 0.04622264919669238
0 0.6071540503193149 0.14655411658283918 0.10106110058242468 0.04470568711399172
0 0.40612611839239543 0.8691033546813444 0.11647736254355891 0.055996209167761005
0 0.8364065156566153 0.27103631964500063 0.10739673641945818 0.043029644891609896
0 0.8360704380831272 0.97732241374446 0.1062786733503822 0.04457353778521011
0 0.6034342539396216 0.08478126505870705 0.09065888768477402 0.08076725208927099
0 0.5135508749982436 0.7804440794535867 0.08944850345309689 0.03836165770682863
0 0.6073200582600327 0.6958302769000327 0.10013069866372527 0.03929782399047932
0 0.17380152921453654 0.9255939766676584 0.34622571644165534 0.05630567303943697
0 0.6072674758142704 0.2710259500805359 0.09930474809605441 0.043703175655572885
0 0.40751088094368254 0.7800044099202849 0.11804737118508318 0.04016514037364576
0 0.7195250421976873 0.22854914824898434 0.12614073170174797 0.04111605448231287
0 0.8359859933098442 0.9262399955243558 0.10665317233517874 0.05733753988324852
0 0.40660004650088516 0.9262457263367943 0.11635710352616345 0.057592020016004594
0 0.6080021206423534 0.9260653460096232 0.09968791934226057 0.05896813636223737
0 0.5110881723088326 0.9263479592216227 0.09223032340728979 0.05771024306980466
0 0.8357922121775236 0.6957090481753735 0.10568906934998874 0.04091327188833716
0 0.941422798650728 0.6967055683298794 0.09807389074092289 0.03856612347648555
0 0.5114784789599961 0.3569989470533846 0.09061376997035184 0.04259518518779752
0 0.8350561402684492 0.7377496870896257 0.1073035919409004 0.042497781414149706
0 0.8350553169524928 0.4618581770598223 0.10716516508472909 0.05748930622383864
0 0.5112747357046004 0.405451513479512 0.09034965021147144 0.05556198991761737
0 0.17411914939503018 0.6468661553125513 0.34047757421466085 0.05751743930308191
0 0.8338921636128598 0.0651368171231025 0.11491339155238309 0.11924706144076151
0 0.836049498413964 0.14612755678393538 0.10904748491246066 0.042971705576345
0 0.9404523835765372 0.7378618186504842 0.0961053971763995 0.042420034727921864
0 0.4063285031764627 0.3572622438206613 0.1166949100631604 0.04330195867146463
0 0.1725781529927425 0.8686685743726403 0.345156305985485 0.05576176684073375
0 0.9428719993975523 0.9258779925260587 0.10144147255437837 0.05522419258864084
0 0.8353171314266947 0.5958519057075367 0.1057396209497246 0.043262303853927285
0 0.405532466421882 0.31457344200449877 0.11519449906383487 0.0426757371668274
0 0.172494209445209 0.25106266495121676 0.34208274327164934 0.08388534816408814
0 0.6073053757921397 0.31411459629111443 0.10001241560462568 0.04285816135018262
0 0.6086060228965265 0.4623686401607641 0.0999803062823179 0.05670137962696979
0 0.4078210515084026 0.5962327242054128 0.11396712707958633 0.04336702142666612
0 0.5101192666472291 0.31411979610170104 0.09118103466445593 0.04295869102152414
0 0.40659031765066467 0.6466307712086548 0.11587346028938567 0.05700491230815003
0 0.4047499457709223 0.6955963154803431 0.11446523323333521 0.040724996665709126
0 0.607340174613239 0.7394186359287797 0.09935804408231227 0.04723095158096684
0 0.6081291034067278 0.6466217141204653 0.09857067958914119 0.05699385143938771
0 0.6084223959943373 0.9773401672403358 0.10121445690127585 0.04411354991689922
0 0.5100300191975325 0.18798762000241095 0.09318893761943571 0.040050884805380015
0 0.6075810219744127 0.5530796063549019 0.10081344714267647 0.042899138662898066
0 0.719614975744014 0.18791120082081267 0.1272735595703125 0.039967437363422315
0 0.6086226813227154 0.7825599915873276 0.09832878936108927 0.03518013506442876
0 0.9420091917188905 0.3138627811865202 0.09811544075286646 0.041312404940649625
0 0.5100340808895852 0.27103977616648883 0.09166854748622978 0.043235012362524625
0 0.5107508048736791 0.9771711683868187 0.09059505325427158 0.04442141076411687
0 0.9407595902038136 0.35579063731122784 0.09742127562598359 0.04419025463722915
0 0.5090424242637139 0.22853258700254944 0.09345964390596898 0.03955793474664519
0 0.406418217171868 0.9771658383304949 0.11672844646645965 0.044090466364699606
0 0.9417189728441856 0.82125167195451 0.10130172839267647 0.039614501472217664
0 0.8361616614911196 0.31443443974615787 0.10575976474679631 0.04303136814290258
0 0.5093473530501771 0.1460356032934458 0.09246129097698404 0.043336874547947095
0 0.17398448642209283 0.4950521648204099 0.34796897284418565 0.2397192030147119
0 0.8371817774052243 0.5531466528528705 0.10621297273704472 0.042926390078689265
0 0.940654644863211 0.4054124798339523 0.09954828495601956 0.052545979550537594
0 0.8346653396277119 0.40503112031532135 0.10626731159018098 0.054923986183211586
0 0.9416694641113281 0.22860846015394162 0.09765323117482576 0.03993783150545798
0 0.8353179821865164 0.6464243216962307 0.10746402877697842 0.057399697156619335
0 0.6082463710428142 0.819822896254822 0.09854845005831273 0.03911419753878037
0 0.1733296075098806 0.977821555485165 0.3405492762438685 0.04435688902967006
0 0.7190231487905379 0.14563364991997702 0.12468950010889726 0.04379084105563649
0 0.9402792127869969 0.270689735738212 0.09618103246894671 0.043800839920695174
0 0.6072512016021948 0.22839431612411767 0.10095911917926596 0.03989038198149212
0 0.9416107067958914 0.7796466549368024 0.09984396515990333 0.04212940639363099
0 0.5076717260196616 0.0656437980291175 0.09965622302531306 0.11799394841735801
0 0.1731900610297704 0.18766201066876895 0.3434197836213832 0.04050136473487258
0 0.837769542666648 0.2286081595868557 0.10614046604513265 0.04048342087984241
0 0.6075889806953265 0.1885080418928 0.10048653582017199 0.03913307315177692
0 0.9424636346830738 0.18823001733831252 0.09922796016116794 0.03983595930113263
0 0.8360360783638713 0.18775252143724608 0.10596142226843525 0.039606917162749306
0 0.8346119338659932 0.8689380027084701 0.10816543908427946 0.05637115658855876
0 0.6076943925816378 0.8673978969601525 0.09831962311010567 0.05598562920633618
0 0.8359418361307048 0.5110130385200364 0.10500791261522031 0.041290022711650526
0 0.8341812847329558 0.8204942028223491 0.10385389808270572 0.041217606081746544
0 0.40529815070063097 0.250218872951976 0.11586588578258487 0.08522158927692056
0 0.6079808242029423 0.356494745766733 0.09855448770866121 0.039453437589769366
0 0.40544732183003596 0.18812896668402207 0.11460777666928956 0.03968046592867695
0 0.9424555936305643 0.1466980581602922 0.09962188940254046 0.0424589882222587
0 0.8348052484526051 0.3563837062662867 0.10532675544135005 0.042992013892451164
0 0.9430728610470998 0.5536542906232046 0.10070164083576888 0.04248371487452807
0 0.8361026297370305 0.779198008466534 0.10588276815071379 0.0421163417442958
0 0.17394857998374555 0.8208305574293131 0.34045650890405227 0.04077909874117695
0 0.9430413280459616 0.5956183450439615 0.1008966569420245 0.04201050205443615
0 0.9417377993357268 0.4632148767723038 0.09897898941588917 0.06027259751518385
0 0.17324829648295753 0.31382149328781594 0.3394219268568986 0.04213137009859241
0 0.9429493910974733 0.6475593721640479 0.1013486025144728 0.058108175966963244
0 0.4049259570005128 0.14589631549637333 0.11297758363133711 0.04355411441875615
0 0.713767676044711 0.08423994752425563 0.11734184429799908 0.0780777702297225
0 0.9398325638805362 0.5125705771593381 0.09639218556795189 0.03831577113170962
0 0.17543526776402973 0.3567895620024212 0.33384929114966083 0.04136444312212737
0 0.17476721747601917 0.7795138888888888 0.3447788644084732 0.03993055555555543
0 0.17476721747601917 0.7391493055555556 0.3400232938649081 0.04079861111111114
0 0.666968768735012 0.024305555555555552 0.21637845973221423 0.03819444444444445
