0 0.5363432042738971 0.9204025149158842 0.13067587060866012 0.1361009481367371
0 0.10657875117073144 0.5187269876447267 0.20832084767837697 0.6685485601052055
0 0.10629005284091227 0.9209408946626809 0.2083737820581673 0.13572776448185642
0 0.2760092940984988 0.9204783073986453 0.13223091075622959 0.1366657382445716
0 0.27778014139412277 0.3119437586347075 0.1317025178398182 0.2695791993715767
0 0.5363685558044833 0.38138000058456206 0.13143139010161356 0.13422688706566657
0 0.9311544580397263 0.3139932539914509 0.137387104907067 0.26687341490075434
0 0.5358486798853657 0.5156756715968553 0.13176345326542074 0.1338781795591256
0 0.2771028705671722 0.11857350368828094 0.13188957264220794 0.11851179693039966
0 0.2756752562678717 0.5150744657561253 0.1332293741064134 0.13534612760111014
0 0.10602540704939101 0.1195481021266215 0.2086394257015652 0.11946730994282753
0 0.6681988086575775 0.6505652772428845 0.13342644186580882 0.13201216576804578
0 0.5354704414317811 0.6511679397129303 0.13175040849673203 0.1330996231294014
0 0.5360928205103656 0.24605719696188197 0.13174973032832926 0.13477306336117836
0 0.2765237446703942 0.650417083119376 0.13413959577971812 0.13250016046801644
0 0.7996025534237132 0.5157179854845217 0.13251099430657678 0.13335083198845854
0 0.7980497871349062 0.12021841129786531 0.12897685929840685 0.11721641767379451
0 0.7988549325980392 0.6517361206627786 0.13251953125 0.1333627715730145
0 0.7986893398309844 0.9202083295126664 0.13025341158598855 0.13446971433636543
0 0.40549055111953636 0.38139122379404466 0.1336041618795956 0.13580128844355194
0 0.5357898786956189 0.7847971311757262 0.13204134274152368 0.1346861073668574
0 0.6672538009344361 0.2475678009538874 0.13086910871119276 0.1348448357723336
0 0.6673961165683722 0.9206253075636981 0.1311617982153799 0.13451661302450119
0 0.6682874692031762 0.7827129572956402 0.13172475777420342 0.13778562351758117
0 0.6674554762497447 0.5156891155690654 0.1318607105928309 0.133232916651384
0 0.4071146447674122 0.5151519297807242 0.13136875925500408 0.13341468488666372
0 0.7981543846379698 0.24591735457777045 0.1286877202052696 0.133341757904196
0 0.5370282141990912 0.11979908711846818 0.1318133983736724 0.11821037614849252
0 0.40716425079146246 0.9205876262348396 0.1313143861060049 0.13463782368691316
0 0.27664835811440464 0.7844012145518511 0.132780406677645 0.1364107564767948
0 0.8005384657118055 0.38109945616625096 0.1289571525224673 0.13337432909086464
0 0.668383988523795 0.1195744945782824 0.13170820248672385 0.1185976186641878
0 0.4070824716605392 0.651354149473665 0.12905464920343138 0.13336592362333724
0 0.9300384322023081 0.920792796055849 0.1341598211550245 0.13780210014426839
0 0.9305869108711192 0.6508996333687891 0.13330572789011438 0.13365170951926839
0 0.79754678564134 0.7845970476177376 0.1297313814848856 0.13563874293940728
0 0.9306236516416463 0.7846456417268804 0.13740768931270425 0.13536580403645834
0 0.40719036027496935 0.783552453364938 0.12736557106566584 0.13587777342221732
0 0.40559712328942 0.2454865504878228 0.13024311938316993 0.13265279611697967
0 0.4052029478783701 0.11972927338267343 0.1283676247191585 0.1185169906496815
0 0.6677334854026246 0.3818415252255722 0.13465101453993056 0.13388935501026994
0 0.9307685802185458 0.11789994993493405 0.1336697048611111 0.11950057362540041
0 0.9304230733634599 0.5155411602372482 0.13329176559946895 0.13477169030895442
0 0.496963436151228 0.034472815531595265 0.9846776326505701 0.04984822064296675
