0 0.4995594215775301 0.9654289136092628 0.19530638425288077 0.057961641886587915
0 0.6961726492535854 0.03458382952156249 0.19661374751456037 0.06457669483987909
0 0.692470420577483 0.9655833267138906 0.19635994400911197 0.05727083489084928
0 0.6937462877414987 0.501602537894363 0.1993098134746055 0.05860273005289325
0 0.6930742282905656 0.15444013604707124 0.19701078181754134 0.060150657544295744
0 0.49947828090262564 0.5015761270477441 0.1950778693617704 0.05847938209059136
0 0.6938008402058022 0.5597247073524876 0.1970000181026115 0.05825254449433688
0 0.6935452937124248 0.32828771782834 0.19896996140718937 0.057734913803173596
0 0.49897156067506104 0.3280949569775157 0.1955445620244395 0.05804560173071172
0 0.49939668154668715 0.8494728124883187 0.19463438595941884 0.05763857900811154
0 0.49882438522063666 0.5595103177157316 0.19462041147725137 0.05785844428687574
0 0.4985361347695391 0.733911760686117 0.19679936043962926 0.05881233762896231
0 0.6933065043661542 0.9079927143297698 0.1973700208033254 0.05844189219497608
0 0.4986551166297438 0.21218423067667838 0.19410885980946269 0.05780317680687426
0 0.4984748549834043 0.792038255901428 0.1957509990684494 0.05753001527923146
0 0.4990181168000063 0.1543434727134887 0.19500915894288579 0.0607962357370477
0 0.8929543046053044 0.9656288110468375 0.207635241185496 0.05810473866439892
0 0.8908429958060653 0.4436778930956096 0.20164297100059497 0.05712186092394961
0 0.49945117285351953 0.09603618092514112 0.19608871062437372 0.057365052437668214
0 0.49905837370541867 0.44380025544235013 0.19570669048057052 0.05765934994346217
0 0.49952813953101516 0.9079410607734936 0.1956423222421405 0.058074586129074464
0 0.6941329558531124 0.792015988290595 0.19983289332571397 0.05750825872831937
0 0.6941696503358279 0.8495533774343974 0.19971449246148548 0.057932146428304424
0 0.893240124046922 0.5597082621743233 0.2053936363938815 0.05814409027829695
0 0.6936863228409945 0.09581530037108792 0.19851580602611474 0.05826631117095217
0 0.49764270056225735 0.043993889429922876 0.1939583206941226 0.04733923633703205
0 0.6935506755698897 0.4436921480169707 0.19805785888182614 0.05740232330760317
0 0.8886431921460107 0.15461532921311957 0.19777421053043587 0.060821660968105186
0 0.49887161407776487 0.2698860624760532 0.19501961687045966 0.05983754208213404
0 0.6936518911847132 0.6185335040662847 0.19989772024517782 0.060416153173127235
0 0.6942923322230398 0.7338709123967366 0.1984444964147044 0.05936377128345544
0 0.49833780109046216 0.38535456680224844 0.19514333843468187 0.057268608129766
0 0.49902839125516657 0.6765266308944191 0.1949904447567009 0.05767800363056968
0 0.6939820192142097 0.2117884512723348 0.19620649991389028 0.05639801755476226
0 0.6941669594070955 0.6763630552154979 0.19911820711735972 0.057751669267718304
0 0.49928061995573175 0.6186763818184154 0.19465857373927542 0.06094590328526839
0 0.8917533859222351 0.0958716561349385 0.20316175564018665 0.05827351620322779
0 0.8906643548327122 0.5017685776121878 0.2039619399932678 0.058021180367355714
0 0.8889114593933962 0.21248616670307363 0.19638575246195514 0.05660673077597002
0 0.6945634738715712 0.38552460373873915 0.19728562349307988 0.05780792236328125
0 0.8916818011022045 0.6186976273094068 0.20116074434024298 0.06061473645662006
0 0.8901872653999406 0.3282159686658941 0.19973975049708792 0.05749884062406549
0 0.8927971910618112 0.7343262667861281 0.2010834412966558 0.05839772201611095
0 0.8909087706663327 0.8497542969918136 0.20272686486253758 0.05723228637111245
0 0.8917680637153212 0.03405266158888785 0.2019804379266345 0.0652812431303508
0 0.8917455271871867 0.9079274811813136 0.20334773551008267 0.05823024037922398
0 0.8920999347327467 0.7921162290436229 0.20311191230116482 0.057367498224431816
0 0.693947618136664 0.2698050503525437 0.1997466001338615 0.06035785583788128
0 0.8927110507636367 0.385761808550529 0.20222041984359343 0.05807688589871785
0 0.8918864645795498 0.2701988220214844 0.20192735324163952 0.05986336886027213
0 0.8903288449457508 0.676942962208433 0.19712759258751877 0.05712277353095096
0 0.20654106952384385 0.6756414386073939 0.3831187833048299 0.05709911875747608
0 0.20723975684217558 0.8490907586932752 0.3824049045662125 0.05712737307023774
0 0.2120177100798888 0.3283625972328003 0.3822348963521525 0.056669335616262334
0 0.20687499074993249 0.5008106140428753 0.38333949775160675 0.0572662353515625
0 0.2096393571826881 0.1540101475692822 0.3770102135881871 0.05754703539980656
0 0.20930934286786462 0.5594050393720562 0.3781979700367532 0.05682887757223759
0 0.20791873377645184 0.4433426925440154 0.3799109506702614 0.05705728485253439
0 0.20764714491391228 0.7917384827536259 0.38075924301911923 0.05702231375224282
0 0.2105444973121903 0.7340804834685257 0.380039568654521 0.05793740304463218
0 0.20767067142861162 0.3858756654000167 0.37890211231483967 0.056180707575601826
0 0.21161301293688453 0.907914887204695 0.3825487928065604 0.05776860725366328
0 0.21045729918088127 0.9665069580078125 0.3842830772629242 0.058633028605337915
0 0.2076627744701439 0.21239681335157187 0.3786626349470181 0.0578474930028596
0 0.20740072999545234 0.6174799722917913 0.38069884237163293 0.0589818635055323
0 0.21060846898264302 0.09516827113320382 0.37884809688957993 0.05717178508995822
0 0.20787185561919738 0.2703540473463433 0.3810922702949845 0.05813250016937986
0 0.30851490655260716 0.010186780582774769 0.5746271825266744 0.020373561165549538
0 0.21230884372597117 0.04479028277419972 0.38379665788059264 0.04597918268596158
